Hora_decimal,P_3f_S,Q_3f_S
0.0,310.331,129.369
0.25,310.331,129.369
0.5,290.1009,121.8599
0.75,286.8846,120.8971
1.0,295.13009999999997,124.3683
1.25,307.51099999999997,129.4056
1.5,311.464,131.1159
1.75,298.31510000000003,124.6274
2.0,305.60499999999996,128.6485
2.25,298.7937,125.83519999999999
2.5,287.1026,126.0168
2.75,290.88570000000004,123.6575
3.0,282.1977,126.2234
3.25,285.1746,124.9127
3.5,291.41490000000005,127.57760000000002
3.75,289.0941,127.38289999999999
4.0,289.8203,131.92180000000002
4.25,287.0443,131.88639999999998
4.5,284.1501,132.907
4.75,272.8911,124.77459999999999
5.0,277.6836,120.0838
5.25,259.7729,108.7342
5.5,273.01520000000005,113.297
5.75,256.1167,116.9016
6.0,251.18440000000004,113.4022
6.25,268.0547,114.96119999999999
6.5,253.19160000000002,114.0973
6.75,243.0485,110.3399
7.0,247.3637,113.1933
7.25,252.4844,112.684
7.5,262.37559999999996,121.3629
7.75,261.8659,117.93619999999999
8.0,247.5743,119.6951
8.25,253.5613,119.9922
8.5,265.1299,123.8886
8.75,276.0985,128.3284
9.0,273.7901,124.1335
9.25,277.4668,126.4456
9.5,296.7033,132.3252
9.75,314.633,136.8316
10.0,314.418,137.1325
10.25,312.96,135.6217
10.5,266.1655,124.52340000000001
10.75,266.16700000000003,126.2165
11.0,292.2269,131.6505
11.25,308.10699999999997,138.26330000000002
11.5,312.791,136.8469
11.75,325.008,139.9469
12.0,319.946,136.51
12.25,327.735,136.6254
12.5,310.127,134.9209
12.75,311.969,133.8706
13.0,291.0843,129.7387
13.25,293.07,132.61690000000002
13.5,325.628,137.1475
13.75,338.633,138.6728
14.0,325.14500000000004,132.4534
14.25,326.41999999999996,131.25130000000001
14.5,317.81399999999996,128.1867
14.75,317.65099999999995,126.3125
15.0,325.718,129.701
15.25,334.389,126.5762
15.5,302.483,128.656
15.75,323.35400000000004,138.78
16.0,332.135,137.065
16.25,351.728,147.5942
16.5,341.372,137.3821
16.75,332.228,130.1463
17.0,335.745,128.3213
17.25,331.67900000000003,125.03540000000001
17.5,336.967,126.8621
17.75,343.416,127.7356
18.0,351.827,131.9772
18.25,335.166,127.0307
18.5,332.72900000000004,126.008
18.75,322.61699999999996,118.80789999999999
19.0,328.124,118.6317
19.25,329.538,119.1933
19.5,350.509,123.06580000000001
19.75,349.10499999999996,123.5481
20.0,353.173,124.1573
20.25,365.431,120.84290000000001
20.5,370.01099999999997,119.32129999999998
20.75,370.37600000000003,122.6084
21.0,360.51800000000003,120.80609999999999
21.25,369.024,117.07939999999999
21.5,370.784,123.38560000000001
21.75,360.63800000000003,126.7293
22.0,367.905,132.3406
22.25,359.03700000000003,129.98309999999998
22.5,351.92499999999995,128.2296
22.75,351.668,130.5473
23.0,354.65099999999995,127.19460000000001
23.25,345.466,129.3279
23.5,341.555,129.2237
23.75,336.901,125.17760000000001
24.0,328.957,130.3664
24.25,335.287,136.2025
24.5,331.197,137.9674
24.75,327.556,133.08440000000002
25.0,333.041,130.23919999999998
25.25,324.525,128.449
25.5,324.106,125.941
25.75,334.91,125.4362
26.0,339.291,133.4507
26.25,334.702,127.5515
26.5,336.57899999999995,132.3941
26.75,324.217,123.89590000000001
27.0,314.0,121.19220000000001
27.25,324.484,119.9488
27.5,330.539,120.10210000000001
27.75,326.23900000000003,123.7915
28.0,320.43499999999995,124.3612
28.25,322.256,123.1399
28.5,309.485,124.62029999999999
28.75,302.34799999999996,122.67
29.0,292.3864,119.3063
29.25,286.5903,117.6845
29.5,307.669,126.51270000000001
29.75,277.45189999999997,118.5967
30.0,278.9081,119.92939999999999
30.25,297.6922,126.6397
30.5,304.274,124.42750000000001
30.75,302.496,120.2236
31.0,354.644,128.5417
31.25,409.009,126.23339999999999
31.5,420.90999999999997,139.1283
31.75,495.73299999999995,143.2586
32.0,492.814,141.6468
32.25,600.466,155.32240000000002
32.5,631.203,171.0387
32.75,674.004,191.0729
33.0,894.278,229.85569999999998
33.25,896.1690000000001,232.6766
33.5,851.0729999999999,224.5266
33.75,978.2429999999999,217.79020000000003
34.0,801.09,190.03
34.25,959.14,244.4658
34.5,910.1519999999999,247.1126
34.75,1034.527,276.8569
35.0,1087.647,297.4797
35.25,1054.002,284.7053
35.5,1112.191,303.59
35.75,1112.5230000000001,301.04
36.0,1111.076,305.038
36.25,1098.765,299.3223
36.5,1036.221,279.2919
36.75,1024.344,276.9624
37.0,1032.036,279.9984
37.25,961.4549999999999,273.4085
37.5,964.577,268.2957
37.75,981.219,273.254
38.0,899.028,254.1438
38.25,905.982,263.18629999999996
38.5,901.95,259.8773
38.75,721.893,202.76620000000003
39.0,573.4440000000001,156.1386
39.25,551.456,154.1337
39.5,518.4780000000001,148.8293
39.75,513.264,143.80759999999998
40.0,526.409,143.6731
40.25,495.583,144.3755
40.5,480.27,138.5503
40.75,472.24600000000004,141.85309999999998
41.0,480.738,146.7262
41.25,527.393,164.4106
41.5,422.97700000000003,133.7595
41.75,398.50000000000006,134.7304
42.0,373.16,130.8265
42.25,376.504,128.94189999999998
42.5,384.89300000000003,129.153
42.75,390.974,131.4159
43.0,392.23299999999995,132.715
43.25,390.572,135.1805
43.5,405.446,139.09550000000002
43.75,408.125,134.4472
44.0,418.23800000000006,128.5061
44.25,422.519,126.3688
44.5,420.602,123.5802
44.75,407.942,119.7929
45.0,410.744,122.79240000000001
45.25,420.308,131.7461
45.5,424.20799999999997,135.40929999999997
45.75,427.51099999999997,142.9838
46.0,408.55699999999996,145.0939
46.25,409.03999999999996,139.5744
46.5,407.705,133.66019999999997
46.75,395.597,131.0342
47.0,414.613,132.9717
47.25,416.42900000000003,139.9762
47.5,425.49199999999996,140.8326
47.75,429.85999999999996,145.3068
48.0,409.48,139.9744
48.25,404.645,137.1274
48.5,375.844,130.3553
48.75,387.25399999999996,134.5155
49.0,384.25700000000006,139.922
49.25,400.51699999999994,141.4843
49.5,397.202,142.5521
49.75,384.68899999999996,142.2748
50.0,396.562,139.0332
50.25,391.544,143.6457
50.5,394.904,145.8387
50.75,379.057,139.1876
51.0,367.738,123.0361
51.25,359.631,123.1115
51.5,368.033,126.1474
51.75,370.313,124.30449999999999
52.0,364.57500000000005,129.51819999999998
52.25,366.5,133.0204
52.5,352.319,129.8751
52.75,351.171,128.3619
53.0,362.472,134.8189
53.25,342.68,129.6911
53.5,335.042,128.2454
53.75,328.14,130.2751
54.0,335.625,136.9571
54.25,343.646,137.26420000000002
54.5,333.994,128.6267
54.75,347.339,131.7354
55.0,392.644,130.53289999999998
55.25,452.606,134.2794
55.5,477.92600000000004,141.476
55.75,531.892,154.0161
56.0,526.981,150.0318
56.25,615.6659999999999,166.02270000000001
56.5,651.783,177.7898
56.75,642.5310000000001,170.6139
57.0,667.736,174.7337
57.25,646.7850000000001,168.2799
57.5,695.259,177.99689999999998
57.75,711.45,177.5005
58.0,701.151,173.5917
58.25,703.863,180.87
58.5,662.037,189.6107
58.75,670.947,176.55880000000002
59.0,719.616,189.4207
59.25,756.1379999999999,180.5807
59.5,734.7929999999999,191.65789999999998
59.75,736.995,192.2629
60.0,707.9639999999999,193.54149999999998
60.25,707.769,181.3288
60.5,742.428,192.27980000000002
60.75,674.757,196.33140000000003
61.0,620.568,173.3416
61.25,591.0029999999999,174.2483
61.5,615.009,176.7507
61.75,616.406,173.6014
62.0,623.4179999999999,159.7029
62.25,523.629,147.8344
62.5,510.51,145.0953
62.75,521.385,160.0904
63.0,510.33700000000005,147.44910000000002
63.25,513.377,149.4984
63.5,510.60300000000007,146.31400000000002
63.75,498.99199999999996,148.19209999999998
64.0,488.797,146.7809
64.25,484.24299999999994,144.31099999999998
64.5,470.881,146.03199999999998
64.75,431.14000000000004,139.9048
65.0,413.563,138.6403
65.25,385.81399999999996,136.6465
65.5,382.94,134.0794
65.75,375.04600000000005,132.7986
66.0,371.903,131.01430000000002
66.25,369.86,130.564
66.5,355.673,127.79060000000001
66.75,352.406,121.60679999999999
67.0,347.15200000000004,120.1692
67.25,347.377,124.96869999999998
67.5,368.398,125.3934
67.75,375.084,129.46810000000002
68.0,370.1,120.5351
68.25,403.625,123.7769
68.5,389.444,126.9735
68.75,390.69800000000004,123.6525
69.0,393.539,124.33019999999999
69.25,384.967,121.57839999999999
69.5,390.32899999999995,125.69039999999998
69.75,364.573,123.9707
70.0,366.899,124.3607
70.25,380.12199999999996,128.2194
70.5,365.665,125.0678
70.75,364.082,125.50970000000001
71.0,373.619,127.00970000000001
71.25,380.94,130.1662
71.5,373.241,129.766
71.75,366.305,128.39770000000001
72.0,361.933,129.17419999999998
72.25,355.154,129.1893
72.5,343.81899999999996,124.6568
72.75,339.65,130.1102
73.0,344.469,130.4774
73.25,352.07899999999995,129.3213
73.5,345.28700000000003,127.7928
73.75,357.127,134.3043
74.0,350.9,136.9452
74.25,345.837,135.0627
74.5,339.25100000000003,134.04149999999998
74.75,351.74,139.0956
75.0,329.247,136.7729
75.25,333.521,136.7687
75.5,324.224,136.1687
75.75,324.338,133.7313
76.0,317.75,129.8418
76.25,317.50699999999995,129.799
76.5,318.024,134.005
76.75,316.98600000000005,135.6735
77.0,314.639,134.4063
77.25,307.69599999999997,131.6223
77.5,292.82320000000004,120.46940000000001
77.75,280.07360000000006,118.59810000000002
78.0,273.1031,119.021
78.25,271.7151,116.6696
78.5,276.6829,121.0333
78.75,288.10429999999997,127.85149999999999
79.0,287.25980000000004,126.2987
79.25,290.1219,124.54959999999998
79.5,289.9175,124.836
79.75,290.5142,123.60589999999999
80.0,267.3354,125.1352
80.25,276.83180000000004,125.3257
80.5,281.7134,127.07310000000001
80.75,292.3881,125.55019999999999
81.0,317.25300000000004,136.7971
81.25,315.747,137.7826
81.5,340.869,143.7063
81.75,337.053,141.1697
82.0,336.065,139.6637
82.25,329.154,137.6622
82.5,296.2095,134.82
82.75,308.775,135.0086
83.0,321.70399999999995,138.5066
83.25,345.201,141.4428
83.5,339.13199999999995,139.48649999999998
83.75,354.73699999999997,144.20600000000002
84.0,334.98,140.8698
84.25,331.74199999999996,141.4481
84.5,320.82300000000004,139.0404
84.75,329.40999999999997,140.85750000000002
85.0,290.9178,129.6859
85.25,297.7617,130.4868
85.5,327.926,139.3064
85.75,343.088,140.7756
86.0,341.832,140.4141
86.25,336.24199999999996,135.9914
86.5,328.93,134.4743
86.75,344.63800000000003,136.6617
87.0,336.597,135.1406
87.25,345.797,133.0461
87.5,328.18100000000004,133.04160000000002
87.75,338.072,139.5313
88.0,361.505,135.2452
88.25,349.496,129.8773
88.5,347.738,129.2517
88.75,335.114,124.5743
89.0,344.543,123.25639999999999
89.25,357.296,123.80369999999999
89.5,351.728,121.9882
89.75,357.962,121.8607
90.0,358.306,123.3012
90.25,334.13,121.4376
90.5,334.844,122.77170000000001
90.75,336.13,128.0352
91.0,329.19800000000004,129.3859
91.25,320.058,124.1737
91.5,312.89,125.2385
91.75,338.879,130.061
92.0,360.36,129.59269999999998
92.25,364.22900000000004,125.08359999999999
92.5,360.952,124.34909999999999
92.75,360.71700000000004,124.5379
93.0,383.776,130.2979
93.25,371.771,131.9273
93.5,371.897,127.6959
93.75,374.389,133.2421
94.0,374.90500000000003,132.1437
94.25,373.318,131.6678
94.5,377.119,134.2518
94.75,363.96500000000003,130.10590000000002
95.0,365.549,131.1241
95.25,368.831,131.3971
95.5,356.995,130.8814
95.75,356.43,131.7153
96.0,361.867,138.7543
96.25,345.399,136.3932
96.5,339.716,131.94740000000002
96.75,330.05600000000004,128.9024
97.0,339.665,134.81830000000002
97.25,326.85900000000004,129.20499999999998
97.5,336.669,131.06
97.75,341.61299999999994,134.45690000000002
98.0,330.346,131.9531
98.25,336.278,133.20589999999999
98.5,327.344,131.8529
98.75,320.364,127.04769999999999
99.0,315.093,129.2378
99.25,301.815,122.32919999999999
99.5,302.694,124.7508
99.75,316.668,130.9623
100.0,304.26,131.7594
100.25,304.407,130.2885
100.5,295.4778,126.9085
100.75,297.825,128.1549
101.0,298.7637,128.21349999999998
101.25,313.031,139.6898
101.5,294.7908,123.20439999999999
101.75,276.5873,115.1036
102.0,271.84430000000003,113.3159
102.25,280.1683,121.1046
102.5,278.1595,119.37610000000001
102.75,274.0837,119.6662
103.0,283.97450000000003,120.3093
103.25,297.9751,133.2028
103.5,295.5716,125.5042
103.75,287.4986,126.2279
104.0,253.4418,124.8649
104.25,269.4314,133.0296
104.5,276.9565,133.207
104.75,284.8284,140.8459
105.0,297.932,136.2861
105.25,312.818,142.927
105.5,325.296,142.2484
105.75,330.73799999999994,142.36520000000002
106.0,330.693,143.35399999999998
106.25,326.96000000000004,140.7977
106.5,290.3426,135.5963
106.75,291.144,139.4264
107.0,304.731,140.8758
107.25,311.808,130.11880000000002
107.5,319.449,137.8033
107.75,346.746,139.2135
108.0,330.014,133.6178
108.25,323.711,134.0159
108.5,315.956,134.101
108.75,330.09799999999996,139.217
109.0,305.48699999999997,144.0308
109.25,287.7685,134.0818
109.5,313.068,137.6422
109.75,314.697,139.36270000000002
110.0,321.996,129.52349999999998
110.25,315.641,134.80360000000002
110.5,317.85900000000004,131.1649
110.75,342.25100000000003,136.188
111.0,337.797,132.94549999999998
111.25,322.265,130.0651
111.5,337.433,137.2782
111.75,326.906,131.0413
112.0,330.24199999999996,133.2224
112.25,315.668,126.3578
112.5,322.379,122.61250000000001
112.75,318.884,124.42240000000001
113.0,330.34,125.9794
113.25,326.71299999999997,126.13560000000001
113.5,347.56600000000003,127.56190000000001
113.75,345.173,127.17429999999999
114.0,348.338,127.5238
114.25,362.12600000000003,133.0034
114.5,342.05600000000004,121.0923
114.75,354.115,126.2133
115.0,359.39300000000003,123.882
115.25,359.983,122.44069999999999
115.5,372.294,124.7304
115.75,368.249,127.0035
116.0,386.539,123.6533
116.25,389.251,120.3759
116.5,392.168,118.20429999999999
116.75,397.48699999999997,117.8554
117.0,409.45099999999996,119.5509
117.25,398.0,117.9178
117.5,394.37899999999996,118.76919999999998
117.75,386.46799999999996,118.3332
118.0,397.35799999999995,117.6377
118.25,370.73,113.68629999999999
118.5,359.761,111.28699999999998
118.75,365.22999999999996,115.6952
119.0,376.899,120.5289
119.25,361.384,115.2895
119.5,379.364,120.53369999999998
119.75,402.49299999999994,129.8807
120.0,356.06600000000003,122.0788
120.25,368.841,124.8132
120.5,362.88800000000003,121.1027
120.75,338.897,117.4484
121.0,354.019,125.27279999999999
121.25,357.562,125.507
121.5,360.73699999999997,125.91170000000001
121.75,367.828,125.28799999999998
122.0,355.906,120.23420000000002
122.25,359.13800000000003,123.2891
122.5,357.176,125.04740000000001
122.75,355.807,127.6553
123.0,336.52,122.2505
123.25,333.057,122.84280000000001
123.5,329.22999999999996,114.5223
123.75,337.61,115.5563
124.0,335.748,118.80089999999998
124.25,333.661,119.44800000000001
124.5,319.422,116.4393
124.75,314.949,113.3726
125.0,319.45099999999996,109.9673
125.25,345.65099999999995,120.77080000000001
125.5,347.93,125.80120000000001
125.75,331.66200000000003,124.2086
126.0,340.46999999999997,124.3699
126.25,347.301,120.6086
126.5,359.494,128.45749999999998
126.75,371.529,127.7912
127.0,422.35999999999996,130.1669
127.25,487.554,139.0761
127.5,562.387,152.93040000000002
127.75,576.383,162.2462
128.0,598.957,161.53050000000002
128.25,664.005,167.98880000000003
128.5,696.408,181.9265
128.75,696.3000000000001,182.9227
129.0,776.148,177.9257
129.25,968.6880000000001,194.4294
129.5,822.366,177.4842
129.75,826.5699999999999,185.9923
130.0,773.89,184.0076
130.25,821.14,190.4288
130.5,806.0920000000001,185.2708
130.75,859.243,181.60829999999999
131.0,997.072,203.6019
131.25,888.792,183.3853
131.5,966.4900000000001,200.88430000000002
131.75,820.008,204.5026
132.0,821.167,200.75679999999997
132.25,826.912,195.03859999999997
132.5,812.703,201.04719999999998
132.75,756.1129999999999,192.0165
133.0,715.563,178.845
133.25,700.672,177.72469999999998
133.5,719.841,193.9788
133.75,692.172,180.3439
134.0,665.31,178.34230000000002
134.25,646.3910000000001,173.2785
134.5,606.0690000000001,165.8758
134.75,616.7819999999999,167.28480000000002
135.0,617.4780000000001,162.60909999999998
135.25,578.4630000000001,164.6636
135.5,527.196,157.5701
135.75,544.302,159.79680000000002
136.0,563.679,160.6222
136.25,550.114,157.28480000000002
136.5,547.335,162.946
136.75,535.798,161.2913
137.0,481.935,154.0235
137.25,490.25,161.08280000000002
137.5,504.942,144.5727
137.75,461.058,135.3493
138.0,442.13599999999997,136.699
138.25,486.93199999999996,135.01999999999998
138.5,472.994,135.5707
138.75,468.92900000000003,138.7419
139.0,457.955,129.7998
139.25,432.00199999999995,127.1308
139.5,449.789,128.2245
139.75,438.917,124.4298
140.0,417.75199999999995,122.3193
140.25,417.25399999999996,122.21940000000001
140.5,432.79100000000005,124.89100000000002
140.75,423.25700000000006,120.6766
141.0,429.45799999999997,117.5729
141.25,424.20599999999996,122.2637
141.5,401.02099999999996,122.7652
141.75,415.21500000000003,121.8305
142.0,417.869,121.40899999999999
142.25,419.693,118.73570000000001
142.5,379.66999999999996,114.80460000000001
142.75,390.855,118.0995
143.0,403.355,123.2182
143.25,411.46999999999997,132.8015
143.5,413.86,126.42120000000001
143.75,399.587,130.9044
144.0,391.01,129.3133
144.25,378.31399999999996,122.1131
144.5,367.48400000000004,127.07740000000001
144.75,365.503,125.2301
145.0,359.185,126.3948
145.25,370.655,126.8041
145.5,362.00699999999995,127.602
145.75,369.383,129.5263
146.0,355.29499999999996,131.40030000000002
146.25,361.355,128.84500000000003
146.5,352.673,130.56869999999998
146.75,341.655,127.113
147.0,330.989,124.82169999999999
147.25,340.765,130.6913
147.5,326.483,122.3476
147.75,313.521,120.49480000000001
148.0,319.664,123.7859
148.25,319.446,123.06139999999999
148.5,321.291,123.06219999999999
148.75,331.091,129.6569
149.0,327.528,127.01820000000001
149.25,330.93499999999995,124.62819999999999
149.5,339.762,127.31569999999999
149.75,335.658,143.3865
150.0,358.004,149.9683
150.25,386.124,152.7489
150.5,368.57300000000004,142.7217
150.75,390.707,142.0272
151.0,459.872,146.0436
151.25,465.71599999999995,161.6141
151.5,518.0,161.5241
151.75,541.743,168.57
152.0,598.7660000000001,174.1969
152.25,668.988,170.4555
152.5,700.249,182.17690000000002
152.75,720.4359999999999,183.7636
153.0,733.929,184.28050000000002
153.25,803.567,179.6286
153.5,854.8000000000001,193.39049999999997
153.75,823.909,197.06010000000003
154.0,773.3029999999999,185.07139999999998
154.25,764.692,194.1436
154.5,727.99,184.37969999999999
154.75,789.4780000000001,193.0517
155.0,793.9589999999998,183.8209
155.25,917.346,201.7439
155.5,810.0050000000001,194.3861
155.75,789.655,200.995
156.0,805.2420000000001,195.3696
156.25,929.307,205.2339
156.5,750.7149999999999,200.2727
156.75,760.8000000000001,191.4489
157.0,720.7139999999999,181.2886
157.25,811.3420000000001,192.33140000000003
157.5,679.077,185.3361
157.75,716.769,203.2654
158.0,682.413,186.9196
158.25,658.719,192.6216
158.5,618.204,181.8459
158.75,630.294,178.0798
159.0,605.076,177.7758
159.25,608.421,170.6055
159.5,602.9490000000001,174.2821
159.75,566.897,166.52960000000002
160.0,548.502,170.7414
160.25,548.4060000000001,163.316
160.5,528.304,157.0214
160.75,504.201,147.1189
161.0,490.09299999999996,148.9526
161.25,474.12699999999995,144.597
161.5,463.923,147.393
161.75,462.60699999999997,154.7726
162.0,449.05400000000003,150.5072
162.25,444.311,139.34199999999998
162.5,441.18899999999996,138.1192
162.75,431.639,144.8437
163.0,426.678,138.1017
163.25,433.533,134.5785
163.5,423.69499999999994,133.1199
163.75,421.26,128.25889999999998
164.0,395.864,126.1498
164.25,400.997,123.1567
164.5,410.38300000000004,127.0934
164.75,398.014,128.2045
165.0,406.64,123.8494
165.25,405.284,126.775
165.5,401.936,131.1933
165.75,427.21500000000003,132.6136
166.0,446.744,135.2539
166.25,425.056,137.12130000000002
166.5,408.539,134.9613
166.75,398.39,129.94650000000001
167.0,409.54499999999996,137.4582
167.25,396.614,134.1159
167.5,411.31,138.3279
167.75,389.12199999999996,129.48090000000002
168.0,358.86199999999997,118.2054
168.25,365.669,125.209
168.5,349.997,122.9514
168.75,350.95399999999995,119.16300000000001
169.0,352.582,122.2011
169.25,356.098,121.24080000000001
169.5,368.85,129.5488
169.75,381.019,141.9108
170.0,383.40999999999997,136.4033
170.25,358.88,131.1253
170.5,375.869,137.48000000000002
170.75,359.626,131.327
171.0,345.301,128.96949999999998
171.25,349.939,131.3511
171.5,345.024,132.80700000000002
171.75,333.516,132.5893
172.0,340.6,135.1138
172.25,337.807,132.5882
172.5,323.76800000000003,130.5192
172.75,319.20799999999997,128.8662
173.0,335.748,133.5511
173.25,336.134,133.8784
173.5,356.60499999999996,145.3521
173.75,344.172,151.1474
174.0,338.805,142.1659
174.25,342.84200000000004,138.5661
174.5,334.373,139.77519999999998
174.75,355.786,138.4374
175.0,420.596,141.1858
175.25,507.32599999999996,145.7967
175.5,530.884,158.8836
175.75,588.229,161.731
176.0,585.867,159.0365
176.25,660.8309999999999,188.5356
176.5,665.127,174.7425
176.75,704.133,175.517
177.0,783.561,182.8028
177.25,682.242,179.1331
177.5,787.684,185.1489
177.75,765.235,180.4251
178.0,708.942,177.1335
178.25,715.081,172.20190000000002
178.5,796.3130000000001,169.457
178.75,685.323,173.0974
179.0,680.5899999999999,171.6859
179.25,711.566,175.0369
179.5,764.8580000000001,184.7328
179.75,781.647,188.1878
180.0,796.116,188.1704
180.25,812.79,188.2398
180.5,781.78,191.034
180.75,860.371,190.72879999999998
181.0,806.8529999999998,188.5207
181.25,756.149,174.3496
181.5,697.524,172.1408
181.75,631.25,172.5079
182.0,604.854,162.34120000000001
182.25,659.76,164.40609999999998
182.5,606.5429999999999,169.6414
182.75,646.671,181.1145
183.0,630.1679999999999,168.5159
183.25,620.9369999999999,165.2473
183.5,600.81,165.64350000000002
183.75,574.0319999999999,161.0717
184.0,558.1469999999999,158.79899999999998
184.25,570.174,160.2628
184.5,563.178,157.2489
184.75,522.729,146.4134
185.0,488.952,133.87210000000002
185.25,454.221,135.0377
185.5,423.515,141.0728
185.75,440.95,142.3749
186.0,473.144,153.7865
186.25,445.943,152.6956
186.5,435.14,148.4788
186.75,426.433,145.5403
187.0,406.945,148.4161
187.25,417.836,142.62630000000001
187.5,409.82599999999996,140.5249
187.75,403.547,141.6227
188.0,394.334,135.3269
188.25,410.11699999999996,137.904
188.5,414.102,137.5343
188.75,429.92900000000003,143.9497
189.0,453.01200000000006,141.8142
189.25,462.83299999999997,133.1567
189.5,449.94399999999996,136.19819999999999
189.75,422.732,131.7677
190.0,407.822,128.49970000000002
190.25,407.826,130.7963
190.5,395.57599999999996,131.78289999999998
190.75,406.61299999999994,136.6347
191.0,403.778,136.125
191.25,387.48799999999994,138.7669
191.5,396.683,140.8577
191.75,411.72399999999993,142.459
192.0,377.392,138.8432
192.25,375.938,142.7837
192.5,366.004,138.9025
192.75,358.349,131.17249999999999
193.0,366.80600000000004,133.1428
193.25,379.361,140.515
193.5,359.55899999999997,137.4666
193.75,360.015,135.6977
194.0,357.18499999999995,138.473
194.25,352.442,137.2529
194.5,345.625,131.757
194.75,355.271,129.4425
195.0,331.211,119.7034
195.25,332.892,119.51400000000001
195.5,332.667,124.54820000000001
195.75,331.364,128.4552
196.0,336.587,128.4809
196.25,325.77700000000004,127.67439999999999
196.5,317.873,122.1076
196.75,311.687,120.597
197.0,323.428,121.0789
197.25,331.264,120.0065
197.5,359.091,142.94379999999998
197.75,341.945,148.9373
198.0,333.686,149.9257
198.25,333.446,145.2258
198.5,342.243,146.41320000000002
198.75,354.875,145.1257
199.0,453.442,154.8842
199.25,449.94499999999994,162.49779999999998
199.5,531.8340000000001,159.6886
199.75,567.605,158.4343
200.0,621.8589999999999,178.4961
200.25,784.9110000000001,214.92560000000003
200.5,789.7090000000001,202.19149999999996
200.75,747.0,191.358
201.0,756.538,193.60500000000002
201.25,988.434,212.3358
201.5,787.9780000000001,200.64229999999998
201.75,770.982,191.0882
202.0,789.106,205.25
202.25,833.9109999999998,203.72769999999997
202.5,791.451,202.5505
202.75,815.5,210.3238
203.0,800.6260000000001,197.8087
203.25,730.675,187.6242
203.5,822.739,189.3707
203.75,801.5319999999999,193.17970000000003
204.0,828.1,191.9769
204.25,796.636,200.0617
204.5,803.4520000000001,184.9755
204.75,761.38,185.2172
205.0,813.4269999999999,184.2455
205.25,698.7090000000001,180.4349
205.5,736.1279999999999,189.8
205.75,686.81,168.1513
206.0,752.062,173.5192
206.25,609.2539999999999,167.3064
206.5,560.189,161.3041
206.75,608.454,161.5482
207.0,616.631,158.8872
207.25,672.69,163.37720000000002
207.5,561.068,163.31889999999999
207.75,593.3309999999999,163.4954
208.0,574.623,154.5429
208.25,569.864,144.8916
208.5,543.519,144.5243
208.75,518.886,139.98760000000001
209.0,498.51700000000005,141.6314
209.25,472.54100000000005,134.2262
209.5,499.28599999999994,147.6362
209.75,467.78999999999996,138.87990000000002
210.0,449.693,143.0744
210.25,448.01800000000003,139.6768
210.5,453.131,140.6618
210.75,453.351,133.7731
211.0,431.64199999999994,133.7277
211.25,423.404,133.8483
211.5,439.851,139.756
211.75,436.808,134.1984
212.0,413.294,129.3389
212.25,428.0,132.8459
212.5,400.637,122.9713
212.75,391.535,124.07160000000002
213.0,378.359,113.6858
213.25,394.4,116.42299999999999
213.5,405.572,122.8908
213.75,405.77299999999997,125.6532
214.0,393.367,126.3983
214.25,414.36199999999997,128.8898
214.5,416.25899999999996,125.26240000000001
214.75,407.405,126.31799999999998
215.0,385.84400000000005,127.387
215.25,400.00699999999995,131.7147
215.5,398.402,134.2705
215.75,393.109,134.95069999999998
216.0,394.673,135.2688
216.25,382.48400000000004,134.3158
216.5,381.962,135.5057
216.75,388.13100000000003,133.5898
217.0,377.267,137.0688
217.25,367.91,133.13729999999998
217.5,374.503,128.7311
217.75,374.159,131.273
218.0,386.525,131.80370000000002
218.25,372.64,132.9701
218.5,365.143,129.6226
218.75,362.22999999999996,133.6368
219.0,375.596,139.1506
219.25,368.351,138.8072
219.5,343.805,130.5027
219.75,344.15,128.1133
220.0,330.755,121.6488
220.25,334.447,120.69290000000001
220.5,318.17900000000003,120.57050000000001
220.75,325.846,124.27770000000001
221.0,332.18399999999997,121.2389
221.25,361.331,140.18210000000002
221.5,367.25699999999995,145.4928
221.75,362.525,147.787
222.0,361.30999999999995,148.1414
222.25,349.928,139.53480000000002
222.5,355.572,138.28199999999998
222.75,373.884,137.1737
223.0,407.762,140.9145
223.25,432.67600000000004,151.8042
223.5,507.47400000000005,150.18220000000002
223.75,542.5150000000001,150.0225
224.0,561.873,162.1865
224.25,719.5350000000001,160.85340000000002
224.5,725.9069999999999,166.8218
224.75,913.8699999999999,186.1715
225.0,936.316,186.9954
225.25,954.8380000000001,190.9645
225.5,973.4710000000001,197.7482
225.75,844.9330000000001,185.7536
226.0,738.757,185.1965
226.25,793.9459999999999,179.00300000000001
226.5,765.768,171.207
226.75,905.746,199.70889999999997
227.0,922.8969999999999,199.1909
227.25,809.8870000000001,179.3097
227.5,765.258,182.65879999999999
227.75,804.3129999999999,184.8144
228.0,888.106,186.41649999999998
228.25,835.2629999999999,191.0498
228.5,806.1640000000001,180.6355
228.75,813.442,191.4438
229.0,1032.254,270.3282
229.25,1009.788,265.5153
229.5,1185.878,306.845
229.75,1026.974,281.94239999999996
230.0,1007.8860000000001,284.8512
230.25,1001.703,284.992
230.5,992.034,298.7668
230.75,1064.352,304.196
231.0,1018.1550000000001,305.962
231.25,1013.982,295.10749999999996
231.5,957.4180000000001,282.0614
231.75,970.1270000000001,276.8308
232.0,1015.3320000000001,267.1078
232.25,955.104,270.1798
232.5,1000.722,274.4575
232.75,911.106,257.556
233.0,914.109,267.6199
233.25,875.572,257.95099999999996
233.5,875.5799999999999,255.0944
233.75,831.2620000000001,254.94150000000002
234.0,861.229,271.24
234.25,876.123,273.5111
234.5,835.931,269.7709
234.75,773.758,253.1189
235.0,760.2520000000001,253.6293
235.25,702.139,240.05699999999996
235.5,706.117,238.0804
235.75,715.279,236.1605
236.0,579.164,198.2115
236.25,422.01,142.7287
236.5,423.52099999999996,141.4041
236.75,427.241,145.5908
237.0,415.34000000000003,144.3782
237.25,418.017,139.5063
237.5,412.28,141.324
237.75,413.258,143.1235
238.0,421.061,135.9607
238.25,428.02,145.01839999999999
238.5,405.938,137.857
238.75,400.60400000000004,137.0207
239.0,407.702,146.40550000000002
239.25,392.979,141.0179
239.5,399.245,139.27499999999998
239.75,383.82099999999997,132.0227
240.0,383.828,131.5112
240.25,381.152,129.32510000000002
240.5,370.699,134.2279
240.75,379.57500000000005,137.734
241.0,394.37300000000005,143.253
241.25,382.45399999999995,144.78789999999998
241.5,372.164,137.36970000000002
241.75,373.24899999999997,134.4649
242.0,371.838,127.9264
242.25,368.099,129.5716
242.5,367.571,131.72449999999998
242.75,372.938,130.7295
243.0,360.16999999999996,134.0944
243.25,355.174,134.0625
243.5,352.953,129.2312
243.75,355.422,129.9336
244.0,350.53700000000003,131.0901
244.25,357.722,133.7621
244.5,350.627,131.5761
244.75,329.765,126.73169999999999
245.0,346.025,129.5933
245.25,348.42699999999996,129.2605
245.5,343.354,125.3528
245.75,323.23699999999997,122.3257
246.0,309.017,122.5154
246.25,322.932,129.4558
246.5,316.206,123.83949999999999
246.75,308.706,120.4202
247.0,325.623,127.17439999999999
247.25,375.077,131.6965
247.5,350.631,132.4472
247.75,425.68100000000004,167.3741
248.0,414.947,176.61700000000002
248.25,402.224,164.3331
248.5,406.259,162.4762
248.75,420.293,166.2715
249.0,440.94800000000004,173.9631
249.25,451.975,175.8129
249.5,450.235,174.2117
249.75,483.62600000000003,184.3229
250.0,480.753,186.811
250.25,481.01300000000003,188.7442
250.5,441.38700000000006,178.01319999999998
250.75,450.69399999999996,179.4543
251.0,447.71000000000004,177.6798
251.25,469.121,183.6312
251.5,472.74199999999996,189.1196
251.75,490.41499999999996,183.6133
252.0,493.427,183.5376
252.25,499.42,189.7785
252.5,486.62,192.5443
252.75,506.916,197.6137
253.0,490.467,191.7378
253.25,484.579,193.2305
253.5,518.106,191.3813
253.75,532.57,192.93
254.0,540.567,197.4282
254.25,528.691,192.1878
254.5,517.4200000000001,189.03429999999997
254.75,533.327,194.0145
255.0,529.5360000000001,189.966
255.25,540.0360000000001,189.44279999999998
255.5,539.54,199.6286
255.75,525.5550000000001,192.5088
256.0,504.91799999999995,189.5794
256.25,514.842,187.3209
256.5,526.92,193.4522
256.75,471.163,181.20420000000001
257.0,367.199,134.154
257.25,368.819,129.3804
257.5,373.868,130.9138
257.75,365.88800000000003,133.12419999999997
258.0,361.31600000000003,134.9153
258.25,370.005,133.73289999999997
258.5,343.97299999999996,121.90010000000001
258.75,342.036,121.2947
259.0,353.456,124.50150000000001
259.25,330.558,121.15129999999999
259.5,364.364,121.70450000000001
259.75,381.331,121.3182
260.0,372.933,120.2963
260.25,400.58799999999997,122.31129999999999
260.5,384.236,120.905
260.75,404.15500000000003,122.7913
261.0,389.693,124.6108
261.25,403.667,128.9303
261.5,397.42600000000004,126.76729999999999
261.75,386.677,128.1446
262.0,375.252,125.607
262.25,403.424,131.373
262.5,373.34000000000003,126.5419
262.75,380.405,123.34790000000001
263.0,394.201,120.632
263.25,381.11800000000005,121.75280000000001
263.5,370.952,123.37
263.75,371.95,127.2862
264.0,375.55899999999997,127.0587
264.25,365.123,123.26630000000002
264.5,349.061,122.6258
264.75,364.364,127.999
265.0,349.397,124.6544
265.25,341.176,120.4931
265.5,342.821,121.5651
265.75,340.07,121.9601
266.0,340.492,124.9574
266.25,351.106,132.7485
266.5,369.524,138.52069999999998
266.75,343.952,129.63060000000002
267.0,319.894,126.1118
267.25,337.802,128.4743
267.5,338.23900000000003,128.4314
267.75,335.386,131.0633
268.0,322.976,128.96699999999998
268.25,324.071,127.30689999999998
268.5,313.205,127.02189999999999
268.75,319.90099999999995,130.5018
269.0,316.589,131.7529
269.25,328.015,136.8119
269.5,335.921,131.1053
269.75,320.052,126.8398
270.0,308.87600000000003,124.86429999999999
270.25,299.8673,119.1331
270.5,307.63,119.9604
270.75,328.525,118.408
271.0,327.787,118.73140000000001
271.25,329.57899999999995,116.98750000000001
271.5,326.12199999999996,115.02340000000001
271.75,444.713,170.0497
272.0,407.764,157.46959999999999
272.25,420.134,160.0981
272.5,428.28200000000004,157.87210000000002
272.75,434.156,162.27009999999999
273.0,438.50300000000004,162.47789999999998
273.25,461.039,166.2237
273.5,456.11400000000003,167.88569999999999
273.75,475.97300000000007,170.88580000000002
274.0,450.98699999999997,164.5698
274.25,459.63300000000004,167.3373
274.5,440.649,164.40630000000002
274.75,453.989,166.1979
275.0,474.04900000000004,174.2511
275.25,456.509,167.81220000000002
275.5,472.188,172.7737
275.75,459.86400000000003,168.5206
276.0,463.105,166.5075
276.25,478.09400000000005,168.1421
276.5,468.40599999999995,170.403
276.75,464.03200000000004,167.9471
277.0,465.644,169.1676
277.25,459.595,174.4983
277.5,489.879,172.8034
277.75,506.541,178.2467
278.0,495.98699999999997,175.6642
278.25,489.35,171.7748
278.5,490.06500000000005,174.5583
278.75,529.413,181.2823
279.0,501.31899999999996,173.7502
279.25,499.251,172.4452
279.5,482.13599999999997,170.16840000000002
279.75,489.351,170.37279999999998
280.0,478.90599999999995,169.0347
280.25,477.336,165.8663
280.5,498.414,165.1767
280.75,475.707,159.3774
281.0,486.231,164.25310000000002
281.25,480.873,166.7232
281.5,478.781,170.7297
281.75,484.45500000000004,167.0078
282.0,485.664,170.2112
282.25,464.855,157.844
282.5,397.507,124.37950000000001
282.75,382.52000000000004,122.65460000000002
283.0,348.676,116.5812
283.25,336.745,113.3868
283.5,344.975,115.1048
283.75,350.62800000000004,122.1636
284.0,391.399,121.5694
284.25,377.063,117.47739999999999
284.5,375.01099999999997,118.33600000000001
284.75,379.169,121.21159999999999
285.0,398.038,130.9878
285.25,372.468,120.9862
285.5,392.91200000000003,126.01689999999999
285.75,393.713,122.1601
286.0,368.70799999999997,120.39580000000001
286.25,385.86,122.4662
286.5,357.58000000000004,118.65200000000002
286.75,364.031,118.54579999999999
287.0,363.668,123.64
287.25,357.341,120.4918
287.5,366.905,121.4396
287.75,393.40900000000005,123.54329999999999
288.0,371.422,125.8545
288.25,379.59200000000004,127.311
288.5,370.165,120.77430000000001
288.75,343.361,116.35989999999998
289.0,355.871,122.10000000000001
289.25,364.884,130.9363
289.5,358.319,128.3508
289.75,337.87800000000004,119.64410000000001
290.0,362.324,128.16570000000002
290.25,340.865,123.3758
290.5,339.62,120.3716
290.75,346.279,123.4762
291.0,333.03200000000004,118.8041
291.25,330.20500000000004,118.16069999999999
291.5,338.453,127.66040000000001
291.75,336.504,126.2522
292.0,332.891,125.3246
292.25,329.411,125.82079999999999
292.5,311.48,126.8822
292.75,322.544,127.0042
293.0,327.642,123.7355
293.25,339.654,129.7892
293.5,360.053,147.084
293.75,347.41999999999996,152.3922
294.0,355.821,151.1581
294.25,354.28700000000003,148.14729999999997
294.5,345.238,145.8297
294.75,400.57399999999996,150.2842
295.0,447.063,149.8678
295.25,453.317,160.06810000000002
295.5,492.641,151.4579
295.75,546.914,157.77089999999998
296.0,565.395,162.0199
296.25,563.46,161.6087
296.5,710.844,168.2702
296.75,686.638,165.6254
297.0,759.306,172.8509
297.25,714.6750000000001,164.5746
297.5,764.0999999999999,175.63330000000002
297.75,743.4590000000001,173.01049999999998
298.0,731.765,178.6282
298.25,741.2819999999999,183.6351
298.5,795.9570000000001,173.7785
298.75,912.931,201.5925
299.0,908.6949999999999,202.1698
299.25,897.7179999999998,187.63139999999999
299.5,845.319,188.4149
299.75,782.328,184.6328
300.0,872.3800000000001,189.5016
300.25,800.954,187.9189
300.5,762.9630000000001,181.8477
300.75,733.315,188.112
301.0,710.382,181.64159999999998
301.25,723.69,167.1143
301.5,680.073,171.18009999999998
301.75,678.1379999999999,169.3321
302.0,661.336,184.0761
302.25,634.4359999999999,163.8721
302.5,582.849,152.8096
302.75,599.235,158.75
303.0,663.69,164.4358
303.25,558.5129999999999,159.061
303.5,549.068,153.6988
303.75,566.79,152.5312
304.0,545.64,158.79
304.25,570.7149999999999,158.0815
304.5,552.648,153.8169
304.75,518.2620000000001,153.99880000000002
305.0,463.476,142.07639999999998
305.25,486.697,146.1646
305.5,457.935,148.0522
305.75,448.36199999999997,140.7256
306.0,475.29499999999996,136.1926
306.25,483.23,143.6359
306.5,464.357,139.1437
306.75,446.61199999999997,135.9163
307.0,450.52099999999996,136.52259999999998
307.25,425.63599999999997,131.6796
307.5,456.827,137.9198
307.75,464.466,136.6049
308.0,430.95799999999997,131.5971
308.25,442.17999999999995,130.7371
308.5,458.249,133.7697
308.75,437.87899999999996,133.60180000000003
309.0,472.55600000000004,138.6988
309.25,427.305,124.0865
309.5,446.024,133.0829
309.75,436.481,137.7848
310.0,420.92600000000004,134.473
310.25,427.43399999999997,132.3135
310.5,402.53600000000006,131.4315
310.75,421.39700000000005,131.0421
311.0,425.294,134.4046
311.25,412.031,135.3641
311.5,421.464,140.3194
311.75,437.197,151.2858
312.0,404.44300000000004,143.3989
312.25,406.94500000000005,144.2813
312.5,402.51800000000003,145.5887
312.75,372.271,138.8526
313.0,388.77099999999996,137.5143
313.25,376.625,131.9959
313.5,388.067,133.53230000000002
313.75,359.11699999999996,130.604
314.0,369.073,131.3294
314.25,380.74300000000005,139.5934
314.5,365.35,138.6195
314.75,363.866,141.06119999999999
315.0,356.68399999999997,140.0506
315.25,351.015,138.20479999999998
315.5,356.246,143.4782
315.75,348.803,137.6672
316.0,356.178,146.7423
316.25,344.445,144.84380000000002
316.5,333.87399999999997,140.0317
316.75,340.529,132.77589999999998
317.0,335.92,124.16839999999999
317.25,351.817,124.47389999999999
317.5,355.964,143.5019
317.75,336.093,143.0971
318.0,347.747,145.00459999999998
318.25,350.096,141.7998
318.5,349.313,144.7204
318.75,389.009,149.0193
319.0,447.53599999999994,147.0609
319.25,485.09999999999997,143.5725
319.5,535.4490000000001,158.05440000000002
319.75,537.938,159.8306
320.0,572.133,165.19330000000002
320.25,613.971,161.3977
320.5,789.729,182.40109999999999
320.75,668.969,169.7388
321.0,795.147,174.4973
321.25,797.3720000000001,156.7589
321.5,813.466,159.6345
321.75,878.56,167.63080000000002
322.0,784.0359999999998,162.4891
322.25,702.886,150.78
322.5,696.1,144.4217
322.75,731.788,153.4892
323.0,715.6179999999999,149.1157
323.25,722.188,156.721
323.5,761.629,157.5942
323.75,820.015,170.51330000000002
324.0,814.3330000000001,175.1206
324.25,802.5730000000001,173.7181
324.5,905.398,176.2846
324.75,843.307,179.8531
325.0,741.648,176.0193
325.25,715.672,166.7683
325.5,724.857,179.0995
325.75,698.203,172.7188
326.0,636.204,161.9952
326.25,647.69,156.29670000000002
326.5,708.595,157.61200000000002
326.75,652.2280000000001,157.1349
327.0,606.279,162.404
327.25,615.573,155.2471
327.5,576.903,164.51569999999998
327.75,665.102,157.5772
328.0,570.0809999999999,153.849
328.25,533.306,145.5993
328.5,509.226,137.1215
328.75,489.351,134.8355
329.0,481.225,144.415
329.25,464.48699999999997,141.77179999999998
329.5,495.30100000000004,144.1093
329.75,503.98199999999997,144.9792
330.0,489.52599999999995,151.5961
330.25,472.625,146.9277
330.5,463.952,142.3329
330.75,465.152,145.1241
331.0,467.98699999999997,143.6544
331.25,476.177,141.4269
331.5,487.76300000000003,141.7643
331.75,477.797,135.3272
332.0,431.762,134.1773
332.25,431.60900000000004,132.0096
332.5,446.12899999999996,131.99530000000001
332.75,460.37600000000003,137.66
333.0,478.50199999999995,136.393
333.25,481.15099999999995,133.418
333.5,454.986,126.8194
333.75,448.775,128.49020000000002
334.0,449.42600000000004,128.1692
334.25,453.494,130.9777
334.5,442.601,136.4689
334.75,426.461,130.4069
335.0,458.265,149.86
335.25,428.388,136.8265
335.5,444.49199999999996,142.185
335.75,449.82399999999996,140.5942
336.0,441.008,145.6632
336.25,447.389,141.3292
336.5,404.269,134.2817
336.75,390.298,129.1879
337.0,403.00100000000003,136.5872
337.25,395.188,135.7809
337.5,398.889,140.6504
337.75,393.523,142.9946
338.0,387.02299999999997,139.12290000000002
338.25,384.914,130.8496
338.5,384.63800000000003,132.0958
338.75,402.75199999999995,138.99720000000002
339.0,373.853,131.53289999999998
339.25,377.187,133.0616
339.5,361.54499999999996,126.4865
339.75,369.967,126.5932
340.0,367.068,128.4541
340.25,358.51300000000003,126.5933
340.5,354.94000000000005,127.3489
340.75,363.817,133.5383
341.0,367.222,130.3179
341.25,375.09200000000004,127.75909999999999
341.5,402.19100000000003,149.5015
341.75,392.999,155.5793
342.0,384.21799999999996,153.34300000000002
342.25,390.36199999999997,156.2296
342.5,399.469,151.80610000000001
342.75,417.41,149.75990000000002
343.0,462.57399999999996,152.4769
343.25,460.799,151.1481
343.5,517.242,157.5366
343.75,580.285,170.94729999999998
344.0,721.38,173.5631
344.25,746.265,166.6797
344.5,735.01,153.6787
344.75,727.562,155.9948
345.0,792.1150000000001,157.1446
345.25,831.8199999999999,154.0907
345.5,867.2950000000001,164.7191
345.75,936.529,171.6602
346.0,797.7819999999999,154.2927
346.25,805.826,162.632
346.5,744.577,153.7309
346.75,755.695,164.3513
347.0,775.537,151.3807
347.25,751.453,159.4732
347.5,900.1089999999999,178.4395
347.75,847.348,178.0165
348.0,971.3049999999998,186.3586
348.25,825.595,171.7826
348.5,803.548,170.0983
348.75,846.184,166.98329999999999
349.0,783.475,160.76710000000003
349.25,783.4060000000001,167.7936
349.5,733.1940000000001,153.9631
349.75,711.2860000000001,156.3194
350.0,740.323,165.556
350.25,691.039,152.2477
350.5,657.928,150.23270000000002
350.75,716.518,145.1922
351.0,748.081,152.3346
351.25,729.908,148.4171
351.5,670.905,141.8119
351.75,616.718,146.8482
352.0,696.102,146.6821
352.25,586.533,145.2435
352.5,578.238,154.32909999999998
352.75,534.4100000000001,146.6248
353.0,534.249,147.40879999999999
353.25,517.5360000000001,139.01510000000002
353.5,530.62,141.6955
353.75,510.88,143.1762
354.0,493.745,144.95420000000001
354.25,489.857,135.99450000000002
354.5,486.686,135.8665
354.75,488.09000000000003,137.04489999999998
355.0,499.59499999999997,141.3271
355.25,496.883,138.91070000000002
355.5,505.922,142.1593
355.75,499.22900000000004,140.4903
356.0,462.881,135.3053
356.25,446.24,129.02769999999998
356.5,435.26700000000005,124.7253
356.75,430.03000000000003,124.476
357.0,435.14599999999996,124.4727
357.25,460.96400000000006,132.06029999999998
357.5,448.38199999999995,128.5752
357.75,429.321,133.0831
358.0,428.99700000000007,132.347
358.25,425.81600000000003,124.0497
358.5,425.417,128.506
358.75,444.31399999999996,134.0204
359.0,449.0160000000001,138.4635
359.25,437.33400000000006,137.375
359.5,424.667,139.3466
359.75,432.433,150.4611
360.0,393.52099999999996,136.7368
360.25,390.682,137.9827
360.5,390.977,136.1202
360.75,392.741,138.7935
361.0,393.005,147.0702
361.25,384.96500000000003,135.5461
361.5,395.187,141.0719
361.75,392.168,137.9241
362.0,395.285,137.8538
362.25,389.13200000000006,138.41559999999998
362.5,405.347,142.96429999999998
362.75,405.722,138.4783
363.0,388.187,138.3739
363.25,385.86199999999997,138.2182
363.5,384.64599999999996,139.9386
363.75,371.51200000000006,136.0862
364.0,377.54200000000003,134.9425
364.25,371.45,141.95979999999997
364.5,363.28299999999996,137.0598
364.75,360.201,138.2665
365.0,370.61,140.0649
365.25,371.58500000000004,144.65
365.5,391.769,140.7232
365.75,371.048,129.2926
366.0,366.35,129.5275
366.25,370.524,131.80419999999998
366.5,371.91200000000003,133.57229999999998
366.75,387.482,131.5202
367.0,472.994,134.086
367.25,541.017,146.2146
367.5,625.8240000000001,152.0307
367.75,659.4060000000001,164.8126
368.0,682.3720000000001,162.6191
368.25,901.0680000000001,190.2877
368.5,964.0090000000001,220.70350000000002
368.75,936.2259999999999,219.60320000000002
369.0,979.8610000000001,200.791
369.25,1029.5439999999999,204.9145
369.5,923.7280000000001,198.6625
369.75,1066.4560000000001,209.364
370.0,1043.743,218.02790000000002
370.25,1058.696,220.6809
370.5,947.113,221.2484
370.75,1080.2289999999998,221.4323
371.0,1014.179,215.8836
371.25,1043.114,224.63660000000002
371.5,986.434,217.3135
371.75,1013.1279999999999,204.09820000000002
372.0,974.8430000000001,206.4962
372.25,966.8199999999999,200.3044
372.5,900.193,188.37
372.75,930.97,192.6024
373.0,803.558,180.0729
373.25,796.4109999999998,182.9297
373.5,790.1260000000001,183.3792
373.75,812.8499999999999,191.84550000000002
374.0,759.5880000000001,177.3648
374.25,763.132,180.4176
374.5,675.296,173.15630000000002
374.75,687.169,197.53200000000004
375.0,784.5640000000001,193.4321
375.25,715.715,195.683
375.5,673.083,187.66410000000002
375.75,729.8530000000001,175.7014
376.0,594.7729999999999,163.8898
376.25,634.2629999999999,169.17430000000002
376.5,602.673,167.22320000000002
376.75,583.085,167.3437
377.0,582.948,170.31119999999999
377.25,533.7719999999999,150.6867
377.5,486.31899999999996,139.2879
377.75,492.786,151.9615
378.0,473.55100000000004,148.1422
378.25,461.43199999999996,144.2003
378.5,459.584,139.9857
378.75,492.205,139.68900000000002
379.0,489.506,141.0763
379.25,484.817,144.28660000000002
379.5,498.884,154.2883
379.75,523.136,153.08429999999998
380.0,506.03,162.7631
380.25,501.08299999999997,147.0111
380.5,499.44800000000004,146.7152
380.75,497.19800000000004,151.5462
381.0,476.171,142.9062
381.25,482.444,143.9095
381.5,500.312,145.34480000000002
381.75,503.067,149.03
382.0,487.16600000000005,145.6206
382.25,503.06600000000003,156.1519
382.5,477.962,146.9357
382.75,446.00300000000004,151.5555
383.0,463.291,159.0898
383.25,428.43600000000004,146.885
383.5,420.60699999999997,143.3638
383.75,416.864,139.1055
384.0,406.471,140.51909999999998
384.25,399.08,142.3904
384.5,394.14099999999996,141.3486
384.75,393.56800000000004,143.72570000000002
385.0,387.98,142.6578
385.25,392.159,141.6824
385.5,405.235,150.29989999999998
385.75,409.98499999999996,143.9364
386.0,400.808,138.1464
386.25,387.977,135.3161
386.5,393.679,139.95
386.75,387.855,137.5257
387.0,361.288,131.7758
387.25,363.037,128.8636
387.5,360.578,130.0712
387.75,365.774,130.552
388.0,358.946,126.9624
388.25,354.679,127.3161
388.5,358.505,125.79159999999999
388.75,346.75100000000003,126.41159999999999
389.0,357.017,126.5393
389.25,373.67900000000003,139.5003
389.5,394.15100000000007,141.2289
389.75,395.231,145.0669
390.0,361.087,133.73559999999998
390.25,361.433,136.4383
390.5,368.807,135.8277
390.75,367.534,135.0558
391.0,405.758,131.8786
391.25,468.86400000000003,131.5923
391.5,532.002,135.16039999999998
391.75,604.314,151.666
392.0,574.6469999999999,145.7227
392.25,619.784,142.1059
392.5,685.526,164.4469
392.75,774.075,182.7833
393.0,844.78,174.2166
393.25,931.69,183.9708
393.5,781.416,178.99349999999998
393.75,1123.446,263.90279999999996
394.0,1241.935,305.277
394.25,1278.955,316.448
394.5,1275.82,324.339
394.75,1239.25,307.985
395.0,1212.028,316.666
395.25,1297.0349999999999,318.873
395.5,1279.9630000000002,302.45799999999997
395.75,1277.917,299.8926
396.0,1288.189,315.586
396.25,1319.596,311.48199999999997
396.5,1312.219,312.348
396.75,1296.53,312.78499999999997
397.0,1231.888,309.718
397.25,1278.016,311.908
397.5,1217.617,303.608
397.75,1183.558,303.18899999999996
398.0,1171.482,300.0144
398.25,1106.359,287.2312
398.5,1024.684,269.7766
398.75,1040.116,277.5558
399.0,1060.293,282.5003
399.25,1044.537,277.79589999999996
399.5,1026.907,278.19219999999996
399.75,1006.9200000000001,285.90790000000004
400.0,1010.3339999999998,283.736
400.25,1050.857,290.6135
400.5,1109.199,292.7127
400.75,1061.205,292.8532
401.0,1037.319,292.6179
401.25,1001.298,296.9984
401.5,1028.768,288.21119999999996
401.75,934.4490000000001,288.1169
402.0,900.616,288.7059
402.25,925.8129999999999,283.4381
402.5,918.61,283.8
402.75,913.6990000000001,289.8598
403.0,911.71,290.94449999999995
403.25,874.2280000000001,276.8471
403.5,900.333,280.5444
403.75,909.829,282.0085
404.0,818.427,261.2015
404.25,766.0730000000001,242.5887
404.5,730.2139999999999,234.7059
404.75,719.306,236.6562
405.0,699.8050000000001,228.0591
405.25,468.16999999999996,144.2058
405.5,427.19899999999996,129.42790000000002
405.75,422.012,134.6989
406.0,430.78999999999996,142.9385
406.25,442.634,143.8425
406.5,433.212,139.66649999999998
406.75,420.32599999999996,141.2463
407.0,423.977,145.5097
407.25,410.744,142.8898
407.5,408.389,139.46609999999998
407.75,419.347,142.9708
408.0,395.20099999999996,137.4655
408.25,378.666,132.9307
408.5,395.486,137.5545
408.75,380.009,140.8064
409.0,405.181,149.8211
409.25,410.303,146.1736
409.5,403.58899999999994,146.3285
409.75,407.044,147.62130000000002
410.0,408.07000000000005,149.0559
410.25,385.058,132.4789
410.5,382.06600000000003,137.4778
410.75,374.819,136.9455
411.0,373.306,135.2262
411.25,365.545,135.14790000000002
411.5,371.215,136.6898
411.75,372.595,140.70420000000001
412.0,361.90700000000004,140.6814
412.25,362.878,140.86079999999998
412.5,364.346,140.7957
412.75,353.49699999999996,133.9733
413.0,358.639,130.9801
413.25,358.808,132.7356
413.5,363.69800000000004,133.2585
413.75,347.772,132.4394
414.0,332.801,129.1899
414.25,342.973,136.82319999999999
414.5,343.091,130.433
414.75,341.4,129.7342
415.0,358.597,134.5798
415.25,358.49,133.618
415.5,379.68499999999995,147.9048
415.75,380.041,151.02100000000002
416.0,379.714,151.5586
416.25,403.57000000000005,153.5148
416.5,389.711,155.1992
416.75,397.23,156.3725
417.0,423.87800000000004,157.94310000000002
417.25,426.09499999999997,160.83120000000002
417.5,432.437,156.6051
417.75,433.082,159.2369
418.0,502.83299999999997,187.4458
418.25,747.3409999999999,273.3115
418.5,722.764,267.1698
418.75,714.232,272.9398
419.0,738.635,275.6562
419.25,769.825,273.98
419.5,785.8050000000001,279.1723
419.75,800.865,277.3591
420.0,796.0049999999999,274.4607
420.25,799.202,258.7739
420.5,807.314,258.41769999999997
420.75,801.6589999999999,255.85719999999998
421.0,772.913,250.2799
421.25,782.595,254.29630000000003
421.5,798.392,254.3218
421.75,804.494,256.4134
422.0,794.985,252.3899
422.25,806.3339999999998,263.3244
422.5,785.86,260.42060000000004
422.75,788.465,265.121
423.0,800.5110000000001,265.5648
423.25,810.09,267.4035
423.5,789.8720000000001,261.70939999999996
423.75,793.744,263.1698
424.0,806.845,260.4019
424.25,809.874,262.4823
424.5,818.378,260.9176
424.75,820.7930000000001,262.1071
425.0,819.3180000000001,263.3566
425.25,794.0540000000001,251.76260000000002
425.5,798.869,255.2882
425.75,773.956,251.50639999999999
426.0,770.7420000000001,248.5434
426.25,761.093,242.29700000000003
426.5,754.4250000000001,242.7388
426.75,734.117,241.62150000000003
427.0,710.14,227.1859
427.25,702.242,226.5304
427.5,713.136,224.3983
427.75,711.016,225.9961
428.0,730.065,228.8018
428.25,719.5909999999999,224.26670000000001
428.5,720.075,224.23590000000002
428.75,712.614,225.66699999999997
429.0,510.62899999999996,145.1579
429.25,459.86799999999994,129.1184
429.5,431.716,124.72399999999999
429.75,442.7130000000001,133.9656
430.0,426.39,128.3246
430.25,429.04200000000003,128.75990000000002
430.5,415.568,125.4565
430.75,415.86199999999997,127.3768
431.0,416.186,130.16649999999998
431.25,425.898,131.5715
431.5,430.14799999999997,131.492
431.75,416.0,125.36410000000001
432.0,409.291,127.9262
432.25,399.64700000000005,123.23339999999999
432.5,401.236,125.827
432.75,393.808,123.9647
433.0,394.31000000000006,130.00979999999998
433.25,400.496,134.69480000000001
433.5,417.62,138.916
433.75,408.83899999999994,138.98239999999998
434.0,399.08,139.7443
434.25,388.019,134.89929999999998
434.5,384.742,134.22899999999998
434.75,386.12300000000005,137.1283
435.0,381.653,140.40879999999999
435.25,383.443,138.1942
435.5,382.282,140.1748
435.75,380.68399999999997,141.3022
436.0,377.168,135.9073
436.25,373.088,133.46179999999998
436.5,370.035,129.9493
436.75,380.03499999999997,137.92239999999998
437.0,374.081,137.06939999999997
437.25,383.101,139.2973
437.5,387.296,139.6777
437.75,374.12600000000003,141.91570000000002
438.0,354.107,134.16699999999997
438.25,352.89500000000004,129.126
438.5,345.46999999999997,132.8848
438.75,349.272,127.4196
439.0,359.319,132.0616
439.25,348.613,129.2091
439.5,349.017,132.6606
439.75,362.069,136.2833
440.0,320.30199999999996,131.18970000000002
440.25,331.065,134.8116
440.5,331.307,134.0269
440.75,336.857,128.8438
441.0,357.654,133.5557
441.25,376.004,141.3188
441.5,361.476,138.7458
441.75,382.178,141.7568
442.0,379.20799999999997,140.0602
442.25,365.38199999999995,135.4804
442.5,352.11299999999994,133.1114
442.75,358.09,130.2336
443.0,381.46999999999997,131.05
443.25,392.381,130.9629
443.5,415.26800000000003,132.9483
443.75,426.79900000000004,135.69750000000002
444.0,432.578,139.0608
444.25,431.332,134.5969
444.5,426.65,131.88920000000002
444.75,418.97799999999995,128.1891
445.0,401.03499999999997,130.8984
445.25,407.996,129.3994
445.5,423.24199999999996,134.5839
445.75,436.712,136.0538
446.0,431.214,131.2388
446.25,439.67800000000005,133.0561
446.5,419.06499999999994,124.70729999999999
446.75,446.63800000000003,134.29670000000002
447.0,417.304,130.8043
447.25,433.36699999999996,138.1505
447.5,393.775,130.1339
447.75,411.299,140.39589999999998
448.0,420.27699999999993,139.4724
448.25,436.063,142.5402
448.5,431.09000000000003,136.124
448.75,434.09000000000003,134.6439
449.0,419.231,129.10660000000001
449.25,420.85600000000005,135.8182
449.5,404.7579999999999,139.5355
449.75,394.817,136.5636
450.0,397.13599999999997,136.84199999999998
450.25,396.749,132.9837
450.5,384.10999999999996,137.9346
450.75,396.15999999999997,138.47480000000002
451.0,377.067,139.2829
451.25,389.0,136.1619
451.5,408.389,140.8383
451.75,451.31600000000003,145.6516
452.0,449.749,140.2677
452.25,443.675,133.8951
452.5,446.62200000000007,127.8063
452.75,460.355,129.2622
453.0,480.27099999999996,134.4586
453.25,486.371,136.462
453.5,488.77,137.4152
453.75,475.302,138.6766
454.0,478.89799999999997,138.70100000000002
454.25,459.41299999999995,138.5883
454.5,465.08799999999997,135.13569999999999
454.75,454.712,133.4319
455.0,461.89700000000005,133.6813
455.25,461.519,136.356
455.5,454.21799999999996,143.6053
455.75,455.98900000000003,140.1652
456.0,462.917,147.682
456.25,443.87899999999996,145.0513
456.5,425.419,136.8107
456.75,436.76,141.80849999999998
457.0,425.71000000000004,143.5954
457.25,425.06000000000006,144.0521
457.5,437.54200000000003,149.78640000000001
457.75,431.06499999999994,141.38459999999998
458.0,423.09499999999997,138.3164
458.25,422.157,138.668
458.5,418.52299999999997,138.10150000000002
458.75,414.39199999999994,137.4237
459.0,414.778,137.2948
459.25,411.295,137.51889999999997
459.5,403.68399999999997,140.5874
459.75,408.872,137.2783
460.0,407.88699999999994,139.9866
460.25,409.58799999999997,137.1225
460.5,402.451,138.5312
460.75,407.629,144.7495
461.0,398.05699999999996,137.18009999999998
461.25,435.674,162.4196
461.5,458.91499999999996,176.9193
461.75,441.62500000000006,159.6919
462.0,436.06899999999996,152.6076
462.25,440.31300000000005,157.6405
462.5,441.919,157.408
462.75,456.41600000000005,167.09210000000002
463.0,516.8,161.53220000000002
463.25,531.468,168.6647
463.5,605.4179999999999,169.7434
463.75,746.721,180.7702
464.0,674.63,175.3825
464.25,783.738,179.66610000000003
464.5,850.1219999999998,182.9136
464.75,885.508,203.053
465.0,892.8729999999998,197.5965
465.25,962.1940000000001,200.3155
465.5,868.798,196.0146
465.75,976.0450000000001,213.0041
466.0,867.5360000000001,198.7172
466.25,984.6120000000001,208.61640000000003
466.5,969.442,197.4078
466.75,984.3879999999999,204.47340000000003
467.0,861.6609999999998,195.38510000000002
467.25,1058.2179999999998,221.45299999999997
467.5,1022.2479999999998,211.69780000000003
467.75,1066.759,213.5274
468.0,1030.804,212.23
468.25,925.561,218.0783
468.5,968.7639999999999,226.97809999999998
468.75,921.124,207.9738
469.0,905.1370000000001,209.2722
469.25,922.3840000000001,195.51819999999998
469.5,872.7639999999999,185.86720000000003
469.75,849.2020000000001,179.90800000000002
470.0,855.019,183.70999999999998
470.25,731.6080000000001,179.4432
470.5,694.989,179.9837
470.75,686.8960000000001,174.8743
471.0,683.367,169.7406
471.25,669.739,171.50990000000002
471.5,664.957,171.3963
471.75,616.5809999999999,160.10739999999998
472.0,663.8340000000001,162.855
472.25,624.423,162.5343
472.5,616.374,170.3658
472.75,601.806,171.2313
473.0,556.589,154.8867
473.25,560.58,154.37130000000002
473.5,523.2629999999999,150.5338
473.75,526.5809999999999,150.1653
474.0,541.6220000000001,159.45960000000002
474.25,549.296,159.7682
474.5,543.317,157.48090000000002
474.75,508.84400000000005,153.7215
475.0,514.1600000000001,151.2952
475.25,502.318,151.5564
475.5,481.55899999999997,138.4353
475.75,488.447,141.4467
476.0,467.927,140.4449
476.25,467.315,133.9635
476.5,483.95000000000005,135.5906
476.75,462.746,127.50930000000001
477.0,481.52299999999997,132.43970000000002
477.25,484.19,130.8975
477.5,476.07500000000005,137.3435
477.75,484.106,145.322
478.0,477.17900000000003,142.5368
478.25,498.467,147.3134
478.5,488.131,145.9398
478.75,486.77299999999997,142.1622
479.0,499.283,148.006
479.25,482.43499999999995,156.6726
479.5,471.797,147.9135
479.75,477.55999999999995,149.9192
480.0,452.94399999999996,144.9451
480.25,453.047,150.0028
480.5,443.936,152.2325
480.75,434.19499999999994,144.0001
481.0,420.656,135.2226
481.25,425.835,139.7345
481.5,429.428,143.7259
481.75,432.035,147.9219
482.0,420.46299999999997,143.79899999999998
482.25,432.8829999999999,140.45329999999998
482.5,422.07399999999996,138.0287
482.75,430.35699999999997,142.0761
483.0,415.103,141.5805
483.25,409.81999999999994,136.1461
483.5,405.4,132.8677
483.75,403.337,137.32659999999998
484.0,393.73699999999997,135.99360000000001
484.25,393.148,136.0907
484.5,381.913,135.1163
484.75,392.732,139.2551
485.0,414.47300000000007,146.8182
485.25,450.586,169.4864
485.5,467.96000000000004,174.5465
485.75,440.80100000000004,171.20250000000001
486.0,428.27600000000007,171.11599999999999
486.25,429.131,162.4967
486.5,440.71399999999994,170.4288
486.75,433.706,173.5763
487.0,490.883,171.53699999999998
487.25,544.851,171.1284
487.5,608.848,163.1665
487.75,719.943,173.3613
488.0,690.249,177.4391
488.25,810.9580000000001,184.2529
488.5,809.1070000000001,182.5786
488.75,840.3969999999999,186.19009999999997
489.0,865.3239999999998,188.86939999999998
489.25,876.7449999999999,200.7253
489.5,869.819,197.715
489.75,977.494,213.9532
490.0,910.3539999999998,198.5147
490.25,941.859,206.7201
490.5,798.79,183.2505
490.75,875.5090000000001,187.5912
491.0,925.944,206.6842
491.25,1066.3899999999999,190.8104
491.5,1034.23,229.51160000000002
491.75,998.0830000000001,233.79219999999998
492.0,976.3580000000001,221.0075
492.25,966.2590000000001,211.8453
492.5,927.8950000000001,203.2293
492.75,949.066,224.4635
493.0,871.858,208.32170000000002
493.25,926.932,211.98109999999997
493.5,846.186,203.9307
493.75,876.252,196.3446
494.0,842.1790000000001,192.8836
494.25,815.422,192.06269999999998
494.5,676.467,182.60320000000002
494.75,657.787,180.5347
495.0,652.685,174.9845
495.25,657.448,171.5829
495.5,667.998,177.7786
495.75,698.8960000000001,179.7601
496.0,694.456,179.2813
496.25,682.134,176.0059
496.5,640.92,168.58259999999999
496.75,611.715,171.7707
497.0,576.954,152.6222
497.25,553.5120000000001,150.8817
497.5,563.874,156.3496
497.75,537.393,144.619
498.0,541.4,141.8488
498.25,534.845,144.6472
498.5,528.758,146.6922
498.75,504.274,138.3109
499.0,481.554,132.8275
499.25,486.971,139.2652
499.5,493.097,131.6211
499.75,495.01699999999994,133.3809
500.0,467.68399999999997,131.7055
500.25,487.45099999999996,135.5419
500.5,454.035,137.4881
500.75,438.212,130.15210000000002
501.0,452.85800000000006,129.24040000000002
501.25,450.75199999999995,128.7235
501.5,453.653,133.9642
501.75,449.52200000000005,138.6402
502.0,457.61299999999994,137.22119999999998
502.25,476.783,146.0078
502.5,465.33500000000004,143.638
502.75,458.72299999999996,139.3416
503.0,446.514,138.3911
503.25,465.539,142.83579999999998
503.5,461.32399999999996,144.979
503.75,473.12,153.1641
504.0,438.76699999999994,141.71169999999998
504.25,442.01199999999994,139.6467
504.5,451.406,146.3872
504.75,444.054,141.34140000000002
505.0,440.60900000000004,146.1024
505.25,431.73499999999996,145.1427
505.5,433.81399999999996,148.8682
505.75,437.215,152.4251
506.0,424.681,145.1926
506.25,413.28999999999996,137.6722
506.5,422.68600000000004,144.5075
506.75,420.368,143.5206
507.0,401.375,140.9918
507.25,420.18500000000006,143.2036
507.5,414.151,138.47809999999998
507.75,397.879,132.6648
508.0,398.981,138.4178
508.25,385.234,130.405
508.5,382.403,133.6684
508.75,380.407,135.3289
509.0,405.64300000000003,141.3272
509.25,417.49299999999994,144.2113
509.5,445.688,164.2038
509.75,457.624,167.534
510.0,429.956,167.5254
510.25,414.584,161.74089999999998
510.5,436.232,162.86270000000002
510.75,467.03,171.74009999999998
511.0,463.81,163.5542
511.25,521.711,174.85039999999998
511.5,599.155,177.2186
511.75,646.1610000000001,185.0557
512.0,710.364,199.45370000000003
512.25,767.718,192.8355
512.5,823.456,196.1121
512.75,900.1989999999998,200.3193
513.0,935.0439999999999,200.80530000000002
513.25,988.648,207.4921
513.5,942.241,214.32
513.75,1011.733,214.0555
514.0,1089.076,211.9307
514.25,1042.404,219.76510000000002
514.5,1018.192,211.3132
514.75,1117.5610000000001,214.1269
515.0,993.354,212.6974
515.25,1035.79,203.8137
515.5,1059.547,209.79950000000002
515.75,1110.184,224.7708
516.0,1149.139,231.3612
516.25,1088.393,211.94149999999996
516.5,1117.922,209.00599999999997
516.75,1057.214,202.5526
517.0,932.44,195.1162
517.25,942.7479999999998,190.4041
517.5,825.5989999999999,185.6386
517.75,862.417,199.85289999999998
518.0,825.6410000000001,196.20839999999998
518.25,804.8520000000001,188.5709
518.5,731.3770000000001,173.5314
518.75,708.171,172.4238
519.0,686.725,163.4181
519.25,679.616,162.4602
519.5,720.994,171.5625
519.75,727.693,178.0577
520.0,759.946,175.8374
520.25,723.364,173.4778
520.5,683.5360000000001,176.46200000000002
520.75,637.86,176.5556
521.0,576.8720000000001,156.7638
521.25,607.218,153.76659999999998
521.5,568.6790000000001,152.3593
521.75,543.501,153.7375
522.0,549.1560000000001,149.6012
522.25,576.134,158.2083
522.5,548.419,142.7785
522.75,528.578,139.2756
523.0,518.653,140.9711
523.25,510.086,134.6173
523.5,520.634,138.41379999999998
523.75,513.029,135.9121
524.0,472.00399999999996,139.5906
524.25,474.728,143.06130000000002
524.5,460.77200000000005,143.26049999999998
524.75,469.21399999999994,142.1037
525.0,470.462,134.9113
525.25,474.83900000000006,139.4821
525.5,467.606,148.2825
525.75,463.961,141.1854
526.0,465.414,142.5451
526.25,468.18,144.4014
526.5,466.51700000000005,141.50019999999998
526.75,475.91600000000005,139.6094
527.0,484.727,138.4184
527.25,462.84799999999996,135.6116
527.5,473.447,137.6533
527.75,473.24,139.3997
528.0,484.48299999999995,141.4785
528.25,483.412,147.3696
528.5,485.568,157.13569999999999
528.75,460.889,149.5469
529.0,464.458,151.115
529.25,459.36,141.2887
529.5,463.334,148.7292
529.75,453.14599999999996,146.7529
530.0,450.98,139.02100000000002
530.25,442.0350000000001,140.4291
530.5,457.55499999999995,139.3981
530.75,445.69300000000004,135.063
531.0,421.982,124.95840000000001
531.25,413.73499999999996,123.3364
531.5,412.86400000000003,122.1446
531.75,412.234,123.02619999999999
532.0,411.466,126.83919999999999
532.25,409.45799999999997,123.1006
532.5,395.668,120.4726
532.75,411.25700000000006,126.2653
533.0,434.231,134.4181
533.25,463.58400000000006,150.4844
533.5,473.08900000000006,153.04379999999998
533.75,447.967,150.5554
534.0,453.60799999999995,157.2175
534.25,444.902,151.8913
534.5,436.33900000000006,151.62359999999998
534.75,450.08299999999997,155.2846
535.0,547.836,157.8916
535.25,622.203,160.1247
535.5,693.672,166.551
535.75,766.6600000000001,176.5415
536.0,808.909,175.6365
536.25,901.423,200.95100000000002
536.5,1003.246,199.6316
536.75,997.7259999999999,195.2971
537.0,972.619,180.64100000000002
537.25,1048.8760000000002,192.9105
537.5,1264.2,254.41269999999997
537.75,1443.884,313.499
538.0,1370.615,314.293
538.25,1372.516,313.159
538.5,1361.176,308.677
538.75,1448.983,320.366
539.0,1471.758,326.244
539.25,1504.627,338.288
539.5,1626.827,365.19399999999996
539.75,1687.3999999999999,378.36699999999996
540.0,1553.531,347.871
540.25,1628.6989999999998,373.48
540.5,1551.152,344.994
540.75,1553.473,358.749
541.0,1483.913,337.641
541.25,1568.984,355.52799999999996
541.5,1375.096,339.911
541.75,1438.256,342.494
542.0,1198.999,283.8822
542.25,1101.964,263.8819
542.5,1069.3029999999999,253.9094
542.75,1072.945,251.0775
543.0,1044.895,256.4481
543.25,1010.23,243.3118
543.5,1018.462,245.61720000000003
543.75,943.2909999999999,241.3647
544.0,1044.566,239.8614
544.25,958.999,234.3369
544.5,926.974,229.2077
544.75,908.613,239.98119999999997
545.0,729.508,197.0528
545.25,651.971,161.9359
545.5,603.048,151.3788
545.75,556.697,144.8766
546.0,546.42,152.55599999999998
546.25,573.364,161.0566
546.5,553.332,154.0128
546.75,534.9970000000001,156.74370000000002
547.0,592.178,160.5764
547.25,583.742,154.6027
547.5,594.734,153.6135
547.75,517.64,143.6689
548.0,485.048,141.1192
548.25,494.96000000000004,143.9816
548.5,496.067,142.9777
548.75,502.14799999999997,148.1786
549.0,494.366,148.40699999999998
549.25,489.266,139.7314
549.5,484.667,141.43609999999998
549.75,467.49800000000005,132.91090000000003
550.0,464.315,133.97560000000001
550.25,472.244,132.8101
550.5,474.0690000000001,139.379
550.75,473.039,136.7436
551.0,464.072,136.0293
551.25,468.584,138.3028
551.5,484.01099999999997,139.6769
551.75,476.351,140.7536
552.0,454.00399999999996,136.7747
552.25,465.88,143.5551
552.5,470.285,141.0926
552.75,445.6329999999999,139.1678
553.0,464.744,145.75310000000002
553.25,450.813,146.09969999999998
553.5,467.851,148.5468
553.75,451.06500000000005,148.5645
554.0,459.266,143.8243
554.25,442.23900000000003,139.4787
554.5,450.22900000000004,140.70159999999998
554.75,439.97900000000004,139.8162
555.0,430.84,144.3685
555.25,443.852,143.108
555.5,421.84899999999993,133.916
555.75,437.44899999999996,138.81699999999998
556.0,414.53100000000006,131.8743
556.25,423.24300000000005,138.8177
556.5,423.13,138.09799999999998
556.75,409.528,135.8948
557.0,439.38699999999994,142.9341
557.25,480.59999999999997,162.80939999999998
557.5,488.789,156.675
557.75,490.68899999999996,160.36
558.0,489.166,161.0332
558.25,489.61199999999997,161.5386
558.5,493.56100000000004,165.3317
558.75,508.40500000000003,165.6911
559.0,534.44,169.6714
559.25,607.329,173.9905
559.5,614.049,176.6817
559.75,723.48,185.0549
560.0,798.7650000000001,181.5308
560.25,815.8050000000001,186.3394
560.5,894.451,186.3268
560.75,917.941,194.66140000000001
561.0,932.628,194.8917
561.25,989.3140000000001,199.94599999999997
561.5,866.14,187.5361
561.75,960.2170000000001,209.59380000000004
562.0,1143.064,263.6404
562.25,1156.135,280.5014
562.5,1200.212,291.85630000000003
562.75,1362.295,346.076
563.0,1439.252,349.589
563.25,1431.856,347.408
563.5,1433.288,332.825
563.75,1416.845,343.10900000000004
564.0,1391.728,334.53499999999997
564.25,1398.971,345.5
564.5,1534.044,358.14599999999996
564.75,1510.753,348.234
565.0,1412.379,326.492
565.25,1277.461,304.29200000000003
565.5,1213.998,285.7634
565.75,1179.409,282.1485
566.0,1155.483,283.26570000000004
566.25,1080.118,285.198
566.5,1018.072,288.1488
566.75,1001.0699999999999,289.2833
567.0,1020.3389999999999,278.3015
567.25,1026.882,286.8669
567.5,1022.2800000000001,294.5136
567.75,1067.187,300.83799999999997
568.0,1084.281,311.847
568.25,1125.0249999999999,322.752
568.5,1083.669,322.995
568.75,1003.8139999999999,304.86199999999997
569.0,969.4380000000001,299.304
569.25,980.613,297.8282
569.5,991.498,290.04
569.75,940.3050000000001,287.9687
570.0,921.0519999999999,293.1262
570.25,937.72,303.401
570.5,911.773,297.061
570.75,866.2810000000001,273.3104
571.0,908.3019999999999,283.47490000000005
571.25,889.354,276.68949999999995
571.5,874.48,269.70029999999997
571.75,870.823,268.2658
572.0,833.698,264.3487
572.25,811.636,267.3076
572.5,795.4780000000001,261.4266
572.75,796.224,260.988
573.0,620.195,179.2905
573.25,535.901,143.8186
573.5,532.343,144.53859999999997
573.75,520.649,151.02159999999998
574.0,513.155,156.6451
574.25,478.961,151.7394
574.5,456.686,149.0297
574.75,443.80699999999996,145.296
575.0,451.052,144.135
575.25,447.686,146.16989999999998
575.5,444.209,148.53449999999998
575.75,458.506,150.6716
576.0,431.228,140.5382
576.25,430.712,139.8437
576.5,418.79200000000003,136.49269999999999
576.75,412.00100000000003,133.07799999999997
577.0,412.94899999999996,137.4222
577.25,418.58,137.732
577.5,425.3190000000001,139.1873
577.75,426.166,148.58710000000002
578.0,420.47900000000004,147.7004
578.25,411.808,144.3827
578.5,403.508,142.188
578.75,405.77600000000007,140.7899
579.0,390.206,137.2803
579.25,394.69899999999996,137.9976
579.5,391.694,135.7585
579.75,389.141,138.0264
580.0,395.395,142.4715
580.25,389.041,142.0326
580.5,379.59799999999996,138.21980000000002
580.75,380.456,139.9459
581.0,387.70899999999995,140.1177
581.25,386.35600000000005,142.6318
581.5,378.46700000000004,138.9778
581.75,374.39,131.6166
582.0,362.161,133.5706
582.25,353.65099999999995,131.0265
582.5,350.329,130.2903
582.75,346.421,125.7342
583.0,355.248,129.594
583.25,352.678,125.79990000000001
583.5,364.865,130.89460000000003
583.75,355.031,130.3195
584.0,328.214,127.75649999999999
584.25,337.42,129.3007
584.5,328.018,122.5901
584.75,331.123,122.4477
585.0,356.445,126.9351
585.25,357.203,128.2075
585.5,404.05699999999996,131.9684
585.75,411.635,138.462
586.0,590.861,217.8133
586.25,736.751,269.1735
586.5,682.768,260.4679
586.75,662.411,251.02089999999998
587.0,652.254,246.53610000000003
587.25,690.524,248.6993
587.5,697.196,245.7192
587.75,733.787,251.94660000000002
588.0,737.8240000000001,254.6792
588.25,739.19,250.9982
588.5,727.828,248.79840000000002
588.75,730.961,243.2366
589.0,717.015,244.61589999999998
589.25,734.5930000000001,248.07979999999998
589.5,755.86,250.1234
589.75,796.663,256.74199999999996
590.0,803.1569999999999,268.26120000000003
590.25,818.714,261.2179
590.5,807.057,257.7009
590.75,815.5060000000001,255.71810000000002
591.0,828.54,260.9774
591.25,823.863,261.7931
591.5,827.3019999999999,267.7625
591.75,792.327,261.729
592.0,808.5829999999999,261.0825
592.25,808.7760000000001,259.4838
592.5,780.221,248.22910000000002
592.75,789.92,250.532
593.0,805.518,254.544
593.25,794.811,255.7844
593.5,810.9179999999999,266.43640000000005
593.75,807.142,272.7536
594.0,818.351,273.8283
594.25,814.931,266.33799999999997
594.5,799.96,256.8495
594.75,766.864,249.0303
595.0,794.9069999999999,260.96410000000003
595.25,806.318,261.5181
595.5,833.844,265.0815
595.75,827.289,264.3867
596.0,853.979,267.4548
596.25,842.0550000000001,257.85339999999997
596.5,823.3219999999999,255.8596
596.75,845.126,259.6565
597.0,798.597,250.5722
597.25,491.75,144.0106
597.5,446.197,132.5472
597.75,432.206,132.4395
598.0,422.765,134.4937
598.25,417.619,132.14870000000002
598.5,405.83799999999997,132.64929999999998
598.75,424.144,132.7696
599.0,422.54200000000003,131.9875
599.25,422.831,139.8125
599.5,433.78000000000003,137.5784
599.75,423.31,138.9246
600.0,411.527,137.2659
600.25,405.93500000000006,132.76930000000002
600.5,391.922,131.6122
600.75,392.28999999999996,138.4698
601.0,399.317,144.3629
601.25,414.725,146.6898
601.5,408.99199999999996,146.4325
601.75,405.775,145.0839
602.0,407.72799999999995,145.9626
602.25,397.082,141.6515
602.5,384.71000000000004,136.941
602.75,377.84000000000003,135.32819999999998
603.0,374.114,130.41160000000002
603.25,374.64,133.0899
603.5,386.101,135.4455
603.75,375.485,133.2778
604.0,369.004,132.0382
604.25,378.352,132.5628
604.5,356.38800000000003,129.9501
604.75,357.727,130.8547
605.0,362.089,125.89240000000001
605.25,354.46500000000003,125.5557
605.5,360.77599999999995,126.21220000000001
605.75,355.057,124.4184
606.0,343.472,124.5029
606.25,330.412,124.6816
606.5,333.39799999999997,133.1935
606.75,338.006,128.8196
607.0,345.14,130.1112
607.25,332.358,134.9984
607.5,358.98600000000005,135.9922
607.75,338.57,132.9341
608.0,300.79499999999996,130.55290000000002
608.25,316.21700000000004,135.4731
608.5,313.536,141.4173
608.75,324.976,134.8794
609.0,344.549,129.348
609.25,345.542,128.7789
609.5,378.581,132.6345
609.75,386.81600000000003,142.4839
610.0,355.313,130.7728
610.25,352.812,128.6781
610.5,320.735,126.0289
610.75,312.971,129.6752
611.0,343.364,129.0166
611.25,364.547,130.33210000000003
611.5,380.653,131.8805
611.75,393.136,134.3319
612.0,380.927,133.2341
612.25,381.556,133.62380000000002
612.5,371.116,131.5436
612.75,384.44999999999993,131.7308
613.0,350.735,124.70230000000001
613.25,357.794,127.4719
613.5,385.18100000000004,132.9497
613.75,398.965,140.66019999999997
614.0,386.21599999999995,138.1954
614.25,388.601,134.6943
614.5,370.427,130.8449
614.75,378.951,132.7509
615.0,374.769,132.07729999999998
615.25,392.29100000000005,139.2576
615.5,354.068,131.8392
615.75,376.05600000000004,139.8557
616.0,375.02000000000004,129.75400000000002
616.25,398.23400000000004,133.4982
616.5,387.25700000000006,126.4733
616.75,393.89599999999996,126.7293
617.0,380.44599999999997,117.9466
617.25,383.05999999999995,119.705
617.5,388.319,126.0387
617.75,399.206,128.5881
618.0,394.37300000000005,127.2405
618.25,396.952,119.0775
618.5,369.572,120.33349999999999
618.75,387.457,123.58269999999999
619.0,386.18899999999996,122.96359999999999
619.25,375.227,121.5983
619.5,376.363,126.1222
619.75,395.35600000000005,126.31710000000001
620.0,426.686,129.9416
620.25,423.544,126.162
620.5,439.133,125.7646
620.75,433.88599999999997,122.1559
621.0,451.73299999999995,125.8383
621.25,439.791,128.0506
621.5,452.73900000000003,127.8098
621.75,436.016,129.1737
622.0,445.39700000000005,130.05180000000001
622.25,435.511,131.11579999999998
622.5,428.57300000000004,133.9529
622.75,415.097,127.46520000000001
623.0,429.79499999999996,134.11059999999998
623.25,438.87699999999995,132.6636
623.5,429.10299999999995,134.67860000000002
623.75,440.711,136.3989
624.0,416.80899999999997,134.5826
624.25,428.71399999999994,141.0953
624.5,424.60600000000005,141.7394
624.75,405.53599999999994,133.16649999999998
625.0,405.347,136.8715
625.25,401.408,135.2398
625.5,399.365,138.4389
625.75,389.95400000000006,136.6002
626.0,403.667,140.719
626.25,400.925,142.16989999999998
626.5,416.741,148.9532
626.75,402.371,144.3671
627.0,386.783,139.0041
627.25,384.872,135.2985
627.5,371.404,130.904
627.75,376.744,133.9193
628.0,368.314,131.8768
628.25,372.904,130.93849999999998
628.5,366.752,131.4172
628.75,363.991,132.5938
629.0,367.048,127.91319999999999
629.25,410.034,151.7814
629.5,420.313,156.0911
629.75,421.673,155.1435
630.0,414.884,156.16680000000002
630.25,410.677,157.0685
630.5,451.994,162.5049
630.75,435.944,157.9836
631.0,501.331,159.00639999999999
631.25,560.2620000000001,158.0423
631.5,537.9780000000001,150.17000000000002
631.75,576.996,164.1848
632.0,691.2810000000001,180.3068
632.25,817.932,181.137
632.5,926.974,189.7978
632.75,964.6300000000001,193.8231
633.0,887.7550000000001,189.71460000000002
633.25,891.9169999999999,190.7015
633.5,875.431,182.9213
633.75,975.6609999999998,200.909
634.0,946.807,200.01299999999998
634.25,1008.177,199.7296
634.5,952.432,206.37780000000004
634.75,1053.2740000000001,205.43490000000003
635.0,876.921,177.4221
635.25,937.1680000000001,194.13240000000002
635.5,1013.725,193.55060000000003
635.75,968.5059999999999,202.1091
636.0,1068.856,210.101
636.25,1095.1480000000001,221.365
636.5,1079.344,217.0508
636.75,948.22,196.0914
637.0,956.1700000000001,195.04909999999998
637.25,869.6799999999998,188.6532
637.5,849.244,178.15
637.75,787.765,175.3211
638.0,754.7710000000001,172.75900000000001
638.25,679.454,157.028
638.5,616.344,145.9682
638.75,652.672,148.6153
639.0,653.151,148.0213
639.25,643.245,151.1235
639.5,604.758,150.9989
639.75,621.67,144.8947
640.0,568.184,149.6408
640.25,578.6610000000001,148.61419999999998
640.5,549.077,144.997
640.75,527.918,156.3957
641.0,563.432,148.8474
641.25,492.534,150.6498
641.5,494.63399999999996,153.0535
641.75,509.04600000000005,158.7866
642.0,494.72900000000004,153.0504
642.25,504.61699999999996,151.2637
642.5,492.245,148.1541
642.75,495.842,148.8161
643.0,488.06000000000006,152.25140000000002
643.25,491.26099999999997,148.5203
643.5,474.227,142.94740000000002
643.75,462.47900000000004,137.57059999999998
644.0,453.66200000000003,137.78119999999998
644.25,463.895,138.2706
644.5,457.322,143.4329
644.75,465.281,142.8311
645.0,463.034,136.0639
645.25,443.98400000000004,127.292
645.5,447.71000000000004,128.63639999999998
645.75,437.57300000000004,124.6141
646.0,437.52200000000005,130.0563
646.25,424.63199999999995,128.99
646.5,410.495,127.11780000000002
646.75,426.269,129.0124
647.0,434.246,132.1532
647.25,440.668,137.6921
647.5,444.519,139.2453
647.75,436.88599999999997,144.2949
648.0,435.914,145.86509999999998
648.25,427.723,145.465
648.5,414.514,143.06220000000002
648.75,403.77099999999996,141.0212
649.0,413.149,142.79520000000002
649.25,409.046,142.4823
649.5,407.957,137.7892
649.75,411.33700000000005,143.1457
650.0,403.709,144.7345
650.25,394.39700000000005,140.3069
650.5,400.29999999999995,139.7701
650.75,394.432,141.0554
651.0,388.16299999999995,128.46980000000002
651.25,380.554,129.9094
651.5,389.419,130.3517
651.75,389.456,133.5084
652.0,373.97299999999996,128.7222
652.25,365.504,128.3295
652.5,365.993,126.6953
652.75,380.61199999999997,134.4076
653.0,387.89300000000003,126.404
653.25,429.865,157.3896
653.5,436.05100000000004,158.071
653.75,434.23699999999997,159.1205
654.0,437.91200000000003,157.4294
654.25,423.827,155.8758
654.5,474.039,156.2496
654.75,472.52,159.2064
655.0,528.008,160.55700000000002
655.25,549.7159999999999,154.7895
655.5,560.37,164.8469
655.75,760.752,170.4663
656.0,697.8969999999999,183.45659999999998
656.25,814.03,186.3627
656.5,873.1089999999999,185.2979
656.75,736.976,173.1867
657.0,941.212,195.0159
657.25,885.2829999999999,191.4248
657.5,926.3530000000001,194.4058
657.75,940.6419999999998,193.4251
658.0,877.94,191.1258
658.25,916.204,200.5119
658.5,811.081,176.86860000000001
658.75,875.6680000000001,182.1553
659.0,907.8969999999999,190.7559
659.25,905.4159999999999,178.2366
659.5,950.521,182.1645
659.75,964.9299999999998,182.0985
660.0,1066.51,212.81689999999998
660.25,972.1450000000001,191.5609
660.5,932.4250000000001,188.16140000000001
660.75,928.4710000000001,182.2771
661.0,895.099,189.5832
661.25,817.3389999999999,182.1509
661.5,801.739,169.0588
661.75,760.8340000000001,161.7039
662.0,742.195,165.4221
662.25,841.441,175.2461
662.5,691.914,158.6471
662.75,652.831,156.2644
663.0,661.756,156.5593
663.25,641.3050000000001,146.2711
663.5,643.03,144.8696
663.75,652.4250000000001,146.75650000000002
664.0,616.01,145.4365
664.25,625.565,149.3818
664.5,605.953,145.1969
664.75,591.585,155.60309999999998
665.0,558.987,154.8767
665.25,539.434,161.5843
665.5,537.1679999999999,155.9955
665.75,524.019,155.3496
666.0,514.097,150.6512
666.25,502.71500000000003,147.4939
666.5,513.521,146.6046
666.75,508.28599999999994,150.4267
667.0,514.025,142.4273
667.25,514.5889999999999,144.5743
667.5,509.372,138.1336
667.75,511.41200000000003,136.7179
668.0,496.124,133.3302
668.25,480.221,135.1852
668.5,483.923,138.0325
668.75,503.297,138.0229
669.0,498.649,139.5063
669.25,509.64,134.3313
669.5,495.724,140.3121
669.75,481.277,140.8594
670.0,486.93199999999996,149.522
670.25,461.084,142.5836
670.5,466.289,141.8764
670.75,455.849,144.425
671.0,485.12899999999996,147.5909
671.25,450.389,141.9135
671.5,473.777,143.7817
671.75,464.519,140.4655
672.0,466.21000000000004,137.1724
672.25,450.562,136.9429
672.5,445.20799999999997,142.7265
672.75,426.658,145.7308
673.0,436.21999999999997,142.284
673.25,436.76500000000004,143.50119999999998
673.5,448.696,146.2531
673.75,450.39,146.503
674.0,441.145,144.6323
674.25,436.432,150.4462
674.5,438.527,147.3039
674.75,450.84900000000005,144.6607
675.0,415.82599999999996,140.447
675.25,414.26500000000004,139.39710000000002
675.5,405.389,135.8327
675.75,418.51,138.2885
676.0,424.34000000000003,147.6559
676.25,410.79999999999995,139.9843
676.5,401.98699999999997,140.3721
676.75,395.49800000000005,140.6921
677.0,419.386,147.7948
677.25,449.473,167.9604
677.5,460.87,171.7108
677.75,461.462,166.44129999999998
678.0,481.638,159.9904
678.25,459.62199999999996,159.5621
678.5,467.678,164.6673
678.75,489.91499999999996,170.03979999999999
679.0,536.785,164.5087
679.25,582.509,172.73
679.5,673.4480000000001,177.8719
679.75,799.1219999999998,176.5815
680.0,768.096,178.63819999999998
680.25,906.004,190.0621
680.5,868.845,186.50920000000002
680.75,901.027,180.9577
681.0,933.6279999999999,191.5943
681.25,975.4200000000001,189.44549999999998
681.5,997.212,191.44150000000002
681.75,980.08,186.0491
682.0,895.4290000000001,172.8039
682.25,936.9479999999999,198.5448
682.5,870.0880000000001,174.4925
682.75,861.3879999999999,173.2709
683.0,828.7719999999999,184.159
683.25,913.462,182.8862
683.5,962.4580000000001,200.8471
683.75,970.231,179.7998
684.0,1058.0,200.3102
684.25,963.565,195.19580000000002
684.5,1066.154,190.8351
684.75,951.28,175.7191
685.0,902.4789999999998,184.7609
685.25,937.49,184.49849999999998
685.5,843.871,168.7027
685.75,869.6499999999999,181.8348
686.0,800.9780000000001,179.3282
686.25,815.3370000000001,188.5991
686.5,646.434,161.6145
686.75,688.236,171.1938
687.0,739.78,180.0932
687.25,640.9300000000001,166.8251
687.5,655.542,152.8358
687.75,616.158,162.5669
688.0,597.5360000000001,149.32080000000002
688.25,613.71,151.5464
688.5,550.597,137.9395
688.75,560.846,147.23420000000002
689.0,506.389,150.0593
689.25,512.413,146.0172
689.5,502.67100000000005,159.8521
689.75,508.53999999999996,164.8564
690.0,475.274,151.9789
690.25,481.00700000000006,150.9248
690.5,471.815,141.8361
690.75,460.205,141.6804
691.0,465.611,147.6369
691.25,464.03599999999994,140.3619
691.5,501.239,147.7576
691.75,512.102,147.0036
692.0,457.481,143.4611
692.25,487.98800000000006,148.2176
692.5,487.088,150.3021
692.75,473.87300000000005,146.40609999999998
693.0,484.68199999999996,148.7342
693.25,456.221,136.3569
693.5,474.509,139.117
693.75,460.04499999999996,137.24429999999998
694.0,452.105,137.2602
694.25,462.63199999999995,141.72070000000002
694.5,446.177,137.7378
694.75,454.0350000000001,140.8896
695.0,458.02099999999996,142.11929999999998
695.25,465.674,144.5326
695.5,464.543,145.83550000000002
695.75,463.53400000000005,147.57999999999998
696.0,447.36899999999997,144.17
696.25,452.831,146.5633
696.5,440.225,143.3235
696.75,443.294,142.6559
697.0,442.856,146.87380000000002
697.25,429.58900000000006,147.9179
697.5,441.544,153.1891
697.75,426.803,146.6019
698.0,427.31399999999996,153.9292
698.25,419.203,147.2705
698.5,418.306,151.5214
698.75,415.19,144.57510000000002
699.0,402.14300000000003,137.2301
699.25,409.562,142.65390000000002
699.5,409.046,143.8846
699.75,403.81999999999994,140.5994
700.0,395.341,137.9
700.25,402.59299999999996,139.3924
700.5,392.57300000000004,137.1264
700.75,388.273,135.2283
701.0,409.025,142.1149
701.25,452.993,163.9878
701.5,472.874,174.11599999999999
701.75,457.349,167.1634
702.0,449.993,167.1482
702.25,444.356,162.6147
702.5,437.69,166.8428
702.75,438.47300000000007,160.0648
703.0,509.304,174.8492
703.25,557.024,175.3024
703.5,639.861,179.1351
703.75,645.705,177.0566
704.0,701.568,187.4256
704.25,720.5429999999999,185.9701
704.5,999.4869999999999,268.2976
704.75,821.413,216.4115
705.0,1025.4250000000002,225.01319999999998
705.25,1074.58,236.6588
705.5,918.3190000000001,215.1556
705.75,991.5549999999998,216.94980000000004
706.0,932.578,208.1994
706.25,1001.7400000000001,222.1205
706.5,902.269,210.5319
706.75,881.155,206.70069999999998
707.0,832.1789999999999,222.89669999999998
707.25,842.011,216.04350000000002
707.5,864.46,216.72050000000002
707.75,1057.78,253.731
708.0,1017.1659999999999,248.4509
708.25,1022.7949999999998,220.68189999999998
708.5,991.796,230.89119999999997
708.75,977.893,226.11610000000002
709.0,973.7620000000001,226.59160000000003
709.25,886.23,219.2756
709.5,870.424,211.8384
709.75,830.7550000000001,231.0471
710.0,759.882,182.1764
710.25,756.121,171.1551
710.5,670.051,163.0506
710.75,653.082,167.7851
711.0,633.969,169.1632
711.25,647.835,174.9248
711.5,643.992,172.7221
711.75,623.5350000000001,173.247
712.0,598.8689999999999,165.06730000000002
712.25,568.151,163.2967
712.5,610.1370000000001,168.17170000000002
712.75,569.871,174.6601
713.0,572.6759999999999,172.5606
713.25,497.34000000000003,142.6881
713.5,486.91499999999996,140.233
713.75,483.76599999999996,137.2105
714.0,481.034,143.1717
714.25,490.175,147.8721
714.5,463.73299999999995,143.6418
714.75,466.16,134.25130000000001
715.0,448.84400000000005,134.05900000000003
715.25,442.37899999999996,133.9345
715.5,457.769,135.8789
715.75,485.159,136.9865
716.0,450.48800000000006,134.2982
716.25,425.96599999999995,128.8303
716.5,436.442,131.992
716.75,454.178,137.5991
717.0,442.25300000000004,135.9968
717.25,451.355,131.1195
717.5,451.30699999999996,130.441
717.75,451.211,129.3028
718.0,452.12,128.7261
718.25,433.34000000000003,128.605
718.5,447.951,137.4963
718.75,458.285,139.8846
719.0,457.76099999999997,133.59959999999998
719.25,465.245,141.4138
719.5,446.433,134.9453
719.75,434.899,132.811
720.0,423.206,132.7079
720.25,408.355,130.4842
720.5,414.754,135.8836
720.75,435.278,139.1648
721.0,433.746,136.6881
721.25,426.65500000000003,134.0159
721.5,422.20899999999995,131.8342
721.75,437.359,140.7771
722.0,425.29599999999994,141.9479
722.25,421.966,141.0446
722.5,405.69499999999994,135.56709999999998
722.75,405.61699999999996,138.3073
723.0,397.759,134.4198
723.25,393.494,135.5863
723.5,392.878,134.9107
723.75,400.46599999999995,141.08409999999998
724.0,394.78999999999996,135.7397
724.25,390.595,135.3299
724.5,381.568,137.6267
724.75,391.871,141.0005
725.0,408.958,139.2274
725.25,442.897,163.22879999999998
725.5,435.57399999999996,162.1889
725.75,444.35,164.01149999999998
726.0,454.571,167.2562
726.25,479.476,164.3544
726.5,449.66,161.4821
726.75,456.42099999999994,165.1751
727.0,487.727,158.1489
727.25,577.471,165.1805
727.5,665.181,184.2989
727.75,739.008,174.3538
728.0,709.6410000000001,175.81799999999998
728.25,688.943,174.80010000000001
728.5,711.085,173.3371
728.75,760.456,179.9919
729.0,767.287,179.7932
729.25,910.05,186.13400000000001
729.5,813.2470000000001,183.1967
729.75,832.9680000000001,189.1959
730.0,1019.5059999999999,243.1759
730.25,1064.383,265.94820000000004
730.5,973.768,255.52669999999998
730.75,981.733,261.57910000000004
731.0,1104.636,298.5241
731.25,1120.826,277.551
731.5,1092.586,269.7689
731.75,1145.381,289.83320000000003
732.0,1292.845,309.803
732.25,1289.67,291.83140000000003
732.5,1224.568,310.06
732.75,1210.7060000000001,301.986
733.0,1211.072,302.878
733.25,1148.819,280.0469
733.5,1095.093,283.0499
733.75,1052.866,286.2276
734.0,999.2719999999999,274.3548
734.25,971.155,266.3986
734.5,991.0980000000001,255.48479999999998
734.75,967.396,258.00710000000004
735.0,899.0429999999999,258.0323
735.25,942.695,264.7342
735.5,963.674,272.6382
735.75,957.069,272.37559999999996
736.0,947.8199999999999,267.7873
736.25,953.8710000000001,279.9914
736.5,895.4389999999999,266.8885
736.75,916.248,282.0186
737.0,884.76,276.9809
737.25,866.466,278.3482
737.5,858.87,278.9574
737.75,866.7570000000001,292.9341
738.0,835.993,278.4733
738.25,794.357,267.5655
738.5,762.8480000000001,247.1803
738.75,756.456,252.4443
739.0,760.8919999999999,248.4801
739.25,766.852,239.0598
739.5,762.764,235.30540000000002
739.75,773.8509999999999,231.81469999999996
740.0,716.6479999999999,224.7668
740.25,680.447,220.1171
740.5,701.259,222.76119999999997
740.75,707.237,224.2074
741.0,685.994,227.0716
741.25,635.99,209.7441
741.5,476.46799999999996,141.2655
741.75,440.34499999999997,128.4968
742.0,435.515,132.4211
742.25,439.13700000000006,135.95440000000002
742.5,409.496,132.0309
742.75,437.43499999999995,133.4796
743.0,448.427,132.74349999999998
743.25,438.974,131.6333
743.5,422.653,135.09550000000002
743.75,422.57899999999995,136.7789
744.0,407.029,138.53730000000002
744.25,411.887,137.9995
744.5,409.009,140.2219
744.75,409.07900000000006,144.5419
745.0,407.30899999999997,141.9424
745.25,404.15,143.6455
745.5,406.86299999999994,149.3494
745.75,414.476,149.0318
746.0,410.05100000000004,148.1902
746.25,416.389,145.72590000000002
746.5,402.154,135.03629999999998
746.75,401.81000000000006,136.7505
747.0,395.85400000000004,136.9719
747.25,390.495,139.9689
747.5,391.418,141.6957
747.75,390.212,141.9231
748.0,380.357,139.41809999999998
748.25,372.63800000000003,137.2911
748.5,365.444,134.4207
748.75,365.02,138.5652
749.0,377.437,139.2518
749.25,380.56600000000003,131.5631
749.5,379.93100000000004,135.13819999999998
749.75,380.408,137.6988
750.0,363.26,135.5062
750.25,339.294,130.6531
750.5,331.68399999999997,124.87700000000001
750.75,333.353,126.0758
751.0,336.863,124.51239999999999
751.25,347.499,127.47340000000001
751.5,336.192,124.9997
751.75,350.236,124.97170000000001
752.0,336.49899999999997,127.6964
752.25,333.387,147.1927
752.5,316.60400000000004,162.06560000000002
752.75,341.571,167.5845
753.0,360.64500000000004,167.4688
753.25,359.586,167.9213
753.5,372.83299999999997,164.00029999999998
753.75,407.563,140.2549
754.0,399.84800000000007,138.0031
754.25,481.67800000000005,175.2669
754.5,708.691,266.9178
754.75,704.904,260.7652
755.0,710.133,257.0332
755.25,716.666,256.116
755.5,740.886,259.942
755.75,733.902,253.73409999999998
756.0,714.545,248.85770000000002
756.25,722.3969999999999,245.66249999999997
756.5,711.645,244.5416
756.75,747.528,257.4796
757.0,716.957,253.4409
757.25,715.788,253.80239999999998
757.5,747.391,264.401
757.75,792.2660000000001,268.6206
758.0,777.6220000000001,270.6789
758.25,767.715,265.99309999999997
758.5,791.715,268.1558
758.75,792.71,269.0348
759.0,786.374,267.179
759.25,788.5070000000001,267.6136
759.5,761.756,259.5885
759.75,777.578,266.4261
760.0,773.0159999999998,261.5286
760.25,759.817,252.5106
760.5,755.395,249.5972
760.75,754.175,247.22480000000002
761.0,765.729,248.2398
761.25,774.6599999999999,248.57099999999997
761.5,769.023,246.44890000000004
761.75,776.9200000000001,251.9677
762.0,794.5060000000001,268.6592
762.25,759.9169999999999,256.5776
762.5,711.049,242.7002
762.75,688.571,238.6416
763.0,704.509,237.8365
763.25,708.361,236.29770000000002
763.5,745.5809999999999,242.3636
763.75,739.269,239.71210000000002
764.0,727.417,241.1432
764.25,743.9490000000001,237.1491
764.5,738.2850000000001,235.4985
764.75,730.8969999999999,234.986
765.0,729.261,241.38000000000002
765.25,662.29,223.27320000000003
765.5,462.047,152.16140000000001
765.75,425.734,140.8302
766.0,433.55899999999997,143.4651
766.25,438.065,142.73880000000003
766.5,429.62500000000006,143.9694
766.75,418.51599999999996,141.1784
767.0,440.06600000000003,138.8948
767.25,440.027,141.5223
767.5,440.95099999999996,139.0643
767.75,445.19500000000005,138.3302
768.0,439.016,135.9109
768.25,428.459,133.2818
768.5,418.366,132.1699
768.75,413.561,132.82619999999997
769.0,408.62899999999996,127.75300000000001
769.25,401.17999999999995,138.5173
769.5,393.396,169.0044
769.75,394.8059999999999,169.5555
770.0,406.68500000000006,171.5972
770.25,394.423,171.2676
770.5,388.331,172.98239999999998
770.75,399.74100000000004,176.3944
771.0,379.425,172.46609999999998
771.25,379.344,171.5258
771.5,383.264,171.6704
771.75,373.418,176.8824
772.0,372.269,176.0868
772.25,382.52599999999995,180.2518
772.5,383.125,157.16340000000002
772.75,401.621,148.9523
773.0,402.48699999999997,148.24360000000001
773.25,399.101,147.2464
773.5,411.616,142.1542
773.75,384.40100000000007,133.8656
774.0,378.5,138.1412
774.25,358.04,137.94549999999998
774.5,352.681,138.1519
774.75,343.658,136.4145
775.0,352.852,136.2789
775.25,340.48699999999997,131.5883
775.5,346.338,135.615
775.75,343.512,134.1183
776.0,313.137,133.03699999999998
776.25,324.313,134.09120000000001
776.5,328.991,137.5727
776.75,333.324,136.5722
777.0,351.182,136.4073
777.25,355.55400000000003,136.5559
777.5,368.986,137.3186
777.75,360.843,126.2942
778.0,359.58,119.31349999999998
778.25,370.75100000000003,124.0607
778.5,340.687,121.4735
778.75,334.709,119.30340000000001
779.0,359.80999999999995,118.5069
779.25,376.93100000000004,124.218
779.5,401.07399999999996,127.9493
779.75,416.444,125.52539999999999
780.0,421.78700000000003,129.4116
780.25,402.224,120.94219999999999
780.5,412.82900000000006,123.8804
780.75,404.864,123.2843
781.0,383.95099999999996,128.5366
781.25,391.06600000000003,131.33429999999998
781.5,416.51300000000003,136.60989999999998
781.75,420.649,130.8628
782.0,421.08700000000005,128.7352
782.25,430.83500000000004,126.5754
782.5,440.956,127.94830000000002
782.75,435.383,127.4237
783.0,428.85799999999995,128.72969999999998
783.25,446.806,138.1443
783.5,410.67099999999994,132.49960000000002
783.75,416.447,130.7875
784.0,413.923,128.5165
784.25,419.734,127.441
784.5,413.61199999999997,130.1545
784.75,405.577,128.2188
785.0,416.28099999999995,128.7298
785.25,423.1329999999999,127.76859999999999
785.5,430.34299999999996,126.7995
785.75,424.626,130.172
786.0,429.235,135.3951
786.25,421.10200000000003,130.07819999999998
786.5,403.54900000000004,128.65269999999998
786.75,390.107,128.7698
787.0,390.361,130.71620000000001
787.25,399.382,130.4823
787.5,411.11199999999997,133.11399999999998
787.75,455.328,132.0298
788.0,472.706,134.8937
788.25,465.16099999999994,129.6201
788.5,461.929,132.6542
788.75,460.554,136.2742
789.0,480.347,138.9575
789.25,493.245,143.6316
789.5,490.381,139.2194
789.75,492.00199999999995,140.792
790.0,483.23199999999997,138.48309999999998
790.25,493.106,139.253
790.5,473.45000000000005,140.6054
790.75,470.703,139.475
791.0,495.86699999999996,146.8105
791.25,472.928,141.7322
791.5,481.385,145.6125
791.75,486.072,149.0553
792.0,482.202,153.8868
792.25,465.881,150.66049999999998
792.5,467.874,150.941
792.75,463.05600000000004,149.5667
793.0,452.92,140.4437
793.25,452.63599999999997,143.9293
793.5,457.291,141.7254
793.75,463.927,141.45589999999999
794.0,457.881,138.471
794.25,470.489,143.56220000000002
794.5,451.946,140.6488
794.75,454.27099999999996,146.7733
795.0,440.921,147.3996
795.25,448.966,146.8435
795.5,452.50100000000003,153.6429
795.75,446.37100000000004,152.9626
796.0,435.75199999999995,150.5175
796.25,437.302,152.9495
796.5,428.486,155.0317
796.75,422.192,145.9309
797.0,431.549,136.7712
797.25,472.088,161.3328
797.5,479.044,165.3909
797.75,480.85299999999995,165.3288
798.0,509.28799999999995,167.5049
798.25,500.157,168.5183
798.5,486.26199999999994,167.3359
798.75,492.65199999999993,168.3326
799.0,535.256,171.4051
799.25,638.523,182.0016
799.5,743.815,182.8532
799.75,841.875,179.2082
800.0,855.5250000000001,182.1319
800.25,971.298,193.35070000000002
800.5,997.7020000000001,195.89030000000002
800.75,1039.441,195.9613
801.0,1089.046,201.2288
801.25,1105.6989999999998,207.14469999999997
801.5,1153.8729999999998,220.6201
801.75,1226.249,223.25379999999996
802.0,1206.817,224.3784
802.25,1203.4869999999999,231.6133
802.5,1162.378,225.6518
802.75,1185.533,232.4202
803.0,1221.824,240.77339999999998
803.25,1253.3319999999999,245.06900000000002
803.5,1308.3760000000002,261.6105
803.75,1342.591,256.6485
804.0,1335.191,254.76940000000002
804.25,1314.208,246.14
804.5,1286.975,235.05
804.75,1248.3490000000002,227.0652
805.0,1201.13,222.678
805.25,1119.147,219.16060000000002
805.5,1054.3690000000001,206.9345
805.75,1015.5450000000001,203.4101
806.0,953.7339999999999,199.81300000000002
806.25,908.9710000000001,207.2232
806.5,820.3720000000001,199.34009999999998
806.75,829.849,202.1378
807.0,774.955,191.3184
807.25,783.2529999999999,189.28289999999998
807.5,740.818,194.70589999999999
807.75,710.261,195.50620000000004
808.0,700.8489999999999,193.971
808.25,681.973,187.6873
808.5,670.058,188.4078
808.75,642.496,185.5566
809.0,607.574,178.53
809.25,557.241,163.5916
809.5,550.989,159.79070000000002
809.75,550.932,166.2452
810.0,583.644,166.8309
810.25,560.7139999999999,159.509
810.5,560.4350000000001,158.2744
810.75,562.112,156.3872
811.0,562.085,159.6079
811.25,552.601,160.2971
811.5,571.4649999999999,162.0885
811.75,597.9739999999999,150.4419
812.0,560.921,150.9848
812.25,548.864,152.0236
812.5,538.088,151.0625
812.75,524.394,146.90460000000002
813.0,535.553,146.8748
813.25,529.463,136.7824
813.5,535.568,137.2659
813.75,539.047,147.9189
814.0,550.4300000000001,151.0697
814.25,546.848,153.0143
814.5,532.49,154.2433
814.75,530.327,149.4875
815.0,528.176,148.3697
815.25,539.552,151.8954
815.5,536.945,156.50549999999998
815.75,532.7,159.0295
816.0,505.976,147.7053
816.25,503.155,146.0079
816.5,490.571,140.1637
816.75,480.03,140.5633
817.0,488.328,143.4332
817.25,484.552,146.8494
817.5,491.789,151.10320000000002
817.75,482.48199999999997,144.3435
818.0,489.55699999999996,149.6642
818.25,475.38800000000003,145.7994
818.5,462.92499999999995,146.3045
818.75,477.87699999999995,150.70780000000002
819.0,464.635,152.1285
819.25,461.68399999999997,152.3081
819.5,459.34299999999996,146.3121
819.75,450.94899999999996,144.60340000000002
820.0,439.395,143.87150000000003
820.25,445.306,144.5867
820.5,438.34400000000005,143.8811
820.75,432.30499999999995,141.7129
821.0,446.19499999999994,146.0308
821.25,475.76800000000003,169.0742
821.5,498.84499999999997,180.6745
821.75,513.296,181.8974
822.0,498.181,173.5191
822.25,481.54900000000004,166.22
822.5,471.54499999999996,162.2106
822.75,492.25399999999996,173.2745
823.0,554.4449999999999,168.6825
823.25,694.068,176.88750000000002
823.5,774.249,175.377
823.75,878.917,176.0885
824.0,924.421,182.2276
824.25,1059.364,200.0251
824.5,1173.156,225.4538
824.75,1229.635,231.4687
825.0,1260.433,240.6065
825.25,1303.999,245.7101
825.5,1317.6390000000001,252.9488
825.75,1319.84,246.62810000000002
826.0,1291.3529999999998,248.4324
826.25,1288.895,252.71179999999998
826.5,1278.876,252.71620000000001
826.75,1291.144,250.32440000000003
827.0,1323.153,248.39319999999998
827.25,1330.473,258.9098
827.5,1323.853,252.6863
827.75,1363.796,259.6283
828.0,1349.867,253.9481
828.25,1347.384,249.21319999999997
828.5,1339.892,242.9986
828.75,1345.276,247.0203
829.0,1234.898,235.1028
829.25,1180.48,222.9495
829.5,1122.0529999999999,213.02970000000002
829.75,1099.2069999999999,214.30689999999998
830.0,1056.551,225.41910000000001
830.25,975.553,212.13750000000002
830.5,924.844,210.1914
830.75,885.8140000000001,209.1902
831.0,882.412,204.8669
831.25,854.4250000000001,197.86970000000002
831.5,823.81,197.32080000000002
831.75,819.928,194.9887
832.0,783.415,195.9573
832.25,769.9839999999999,190.6087
832.5,727.309,178.6791
832.75,689.7719999999999,176.375
833.0,675.623,169.1776
833.25,663.006,166.2023
833.5,634.255,156.0784
833.75,620.0999999999999,156.6024
834.0,625.462,160.7088
834.25,609.02,157.482
834.5,600.032,156.6646
834.75,569.312,152.58839999999998
835.0,585.6220000000001,154.4608
835.25,571.615,153.5556
835.5,583.2660000000001,151.8038
835.75,581.231,146.04059999999998
836.0,554.292,146.555
836.25,562.202,150.94459999999998
836.5,541.806,140.2558
836.75,549.101,144.0922
837.0,563.945,143.5516
837.25,545.693,139.2894
837.5,561.71,148.5901
837.75,551.876,144.5111
838.0,540.123,141.5985
838.25,557.899,144.9158
838.5,553.876,144.9888
838.75,545.318,144.8706
839.0,532.477,142.9468
839.25,541.727,146.5509
839.5,557.63,155.2032
839.75,542.021,155.0733
840.0,516.527,152.6259
840.25,506.389,146.83440000000002
840.5,505.82900000000006,148.6293
840.75,492.044,151.619
841.0,503.069,148.82580000000002
841.25,511.709,153.7361
841.5,514.821,159.1918
841.75,500.78499999999997,154.1466
842.0,495.11400000000003,147.47019999999998
842.25,490.42999999999995,149.5208
842.5,485.601,148.3886
842.75,486.19899999999996,151.17350000000002
843.0,469.997,151.4941
843.25,469.64599999999996,150.5428
843.5,462.46299999999997,149.1552
843.75,456.87100000000004,131.965
844.0,457.78700000000003,126.81960000000001
844.25,455.57900000000006,126.8836
844.5,451.22799999999995,131.44760000000002
844.75,457.14099999999996,133.3273
845.0,484.044,145.5375
845.25,502.84899999999993,160.317
845.5,514.423,160.268
845.75,515.6220000000001,160.6378
846.0,520.7,166.1328
846.25,504.09499999999997,167.0846
846.5,493.854,160.65910000000002
846.75,527.325,168.5031
847.0,667.893,170.62099999999998
847.25,770.2860000000001,184.1085
847.5,876.493,191.8659
847.75,963.097,201.62650000000002
848.0,990.8080000000001,196.51710000000003
848.25,1099.796,211.29360000000003
848.5,1170.151,219.3759
848.75,1201.029,221.81599999999997
849.0,1244.063,233.3637
849.25,1308.779,253.2132
849.5,1359.885,256.037
849.75,1390.2130000000002,264.97220000000004
850.0,1322.906,257.0068
850.25,1299.152,252.64690000000002
850.5,1317.435,258.5577
850.75,1331.897,255.89069999999998
851.0,1351.724,260.0036
851.25,1380.9479999999999,273.23179999999996
851.5,1394.547,260.56690000000003
851.75,1450.674,262.4289
852.0,1471.637,270.1774
852.25,1455.7269999999999,265.9479
852.5,1438.338,263.8628
852.75,1413.364,256.66229999999996
853.0,1359.25,255.71050000000002
853.25,1267.9070000000002,235.94299999999998
853.5,1213.0390000000002,229.25709999999998
853.75,1185.931,222.1562
854.0,1075.915,215.19310000000002
854.25,1028.92,208.9232
854.5,942.5889999999999,201.8588
854.75,887.5059999999999,192.37830000000002
855.0,868.6750000000001,190.8328
855.25,868.9910000000001,188.6347
855.5,843.076,196.45729999999998
855.75,821.8330000000001,199.0004
856.0,817.5010000000001,203.7071
856.25,769.4959999999999,201.098
856.5,774.241,198.86610000000002
856.75,751.649,198.1241
857.0,720.6030000000001,185.8066
857.25,690.942,187.2061
857.5,712.822,185.47039999999998
857.75,714.2470000000001,192.0299
858.0,703.336,194.51940000000002
858.25,672.726,181.35680000000002
858.5,672.75,169.696
858.75,663.875,169.4086
859.0,647.871,168.83999999999997
859.25,610.688,151.3063
859.5,613.153,147.4766
859.75,618.8439999999999,151.10410000000002
860.0,553.1419999999999,139.9882
860.25,555.783,140.619
860.5,546.77,146.9749
860.75,548.79,146.8667
861.0,536.012,139.0846
861.25,551.657,139.1258
861.5,555.7620000000001,137.8578
861.75,549.72,138.4737
862.0,537.797,134.1779
862.25,559.859,137.5003
862.5,555.425,141.21349999999998
862.75,571.2059999999999,144.0653
863.0,586.8679999999999,147.9796
863.25,577.862,149.7545
863.5,590.245,151.4445
863.75,576.434,140.8031
864.0,562.74,137.3167
864.25,534.5419999999999,134.9759
864.5,518.514,134.7462
864.75,511.67100000000005,137.5206
865.0,512.4159999999999,144.38250000000002
865.25,498.15,137.66070000000002
865.5,500.179,142.6369
865.75,504.21400000000006,145.94729999999998
866.0,497.727,145.5478
866.25,488.424,145.7461
866.5,492.222,146.1095
866.75,487.29600000000005,146.4923
867.0,482.704,149.063
867.25,486.669,148.295
867.5,480.764,141.2905
867.75,479.386,142.79770000000002
868.0,487.95,147.3294
868.25,507.98400000000004,146.9723
868.5,483.08099999999996,148.2529
868.75,489.76300000000003,146.8825
869.0,486.16999999999996,147.25979999999998
869.25,529.019,173.7689
869.5,552.188,178.0801
869.75,566.555,181.6294
870.0,558.306,169.98829999999998
870.25,541.932,168.83599999999998
870.5,511.899,169.4469
870.75,530.3829999999999,176.2606
871.0,587.646,165.6064
871.25,655.801,164.0336
871.5,771.336,170.77530000000002
871.75,851.0830000000001,168.6894
872.0,844.2130000000001,168.0412
872.25,1126.609,238.7491
872.5,1060.003,210.9805
872.75,1084.2369999999999,220.5372
873.0,1111.1860000000001,221.29449999999997
873.25,1145.99,223.99360000000001
873.5,1193.5120000000002,236.4946
873.75,1190.554,235.7173
874.0,1177.694,236.02190000000002
874.25,1129.0240000000001,234.15179999999998
874.5,1133.9740000000002,225.616
874.75,1120.2649999999999,241.2084
875.0,1113.283,232.2395
875.25,1132.3270000000002,232.31759999999997
875.5,1139.278,239.5464
875.75,1167.655,256.7661
876.0,1194.895,257.9165
876.25,1178.624,242.4248
876.5,1171.3690000000001,235.2164
876.75,1132.568,230.63909999999998
877.0,1095.413,233.5317
877.25,1053.638,217.51420000000002
877.5,989.932,212.9454
877.75,946.537,201.88690000000003
878.0,898.057,201.97140000000002
878.25,848.462,197.6667
878.5,814.9330000000001,201.323
878.75,819.8650000000001,202.0208
879.0,818.037,197.8831
879.25,816.508,196.95350000000002
879.5,781.509,202.7506
879.75,768.934,206.15519999999998
880.0,749.548,214.187
880.25,730.203,211.8192
880.5,698.778,208.52820000000003
880.75,674.0429999999999,202.3442
881.0,618.121,189.8804
881.25,566.092,171.4416
881.5,556.7130000000001,166.936
881.75,524.823,165.7694
882.0,516.221,158.6335
882.25,544.3499999999999,158.3951
882.5,526.02,156.0713
882.75,543.4849999999999,154.98489999999998
883.0,542.219,144.2577
883.25,514.037,135.7895
883.5,519.275,139.1554
883.75,507.621,127.77439999999999
884.0,496.78999999999996,135.0213
884.25,501.149,131.9613
884.5,478.23800000000006,130.81220000000002
884.75,469.16600000000005,129.2242
885.0,467.762,128.48020000000002
885.25,466.331,142.695
885.5,470.07500000000005,149.39010000000002
885.75,463.775,140.1533
886.0,450.284,133.602
886.25,468.66499999999996,137.2593
886.5,448.19,137.2206
886.75,440.84299999999996,139.5767
887.0,448.83299999999997,143.3123
887.25,442.553,138.6771
887.5,459.749,145.55180000000001
887.75,451.904,141.2079
888.0,456.797,142.6362
888.25,468.73699999999997,153.5887
888.5,441.399,149.8598
888.75,446.866,149.69209999999998
889.0,440.254,139.7797
889.25,433.84400000000005,136.97140000000002
889.5,435.471,127.92309999999999
889.75,430.075,124.5794
890.0,435.308,131.3126
890.25,426.70500000000004,130.7345
890.5,423.347,129.2102
890.75,421.6,131.0502
891.0,409.212,127.17099999999999
891.25,410.626,127.5145
891.5,408.47799999999995,132.19
891.75,414.26300000000003,132.9648
892.0,400.87699999999995,130.9985
892.25,400.994,129.36
892.5,397.23499999999996,129.7281
892.75,392.516,128.5992
893.0,390.21500000000003,125.89320000000001
893.25,391.74199999999996,125.38220000000001
893.5,430.955,147.0104
893.75,442.232,154.3554
894.0,447.653,160.7259
894.25,439.928,163.3574
894.5,440.561,166.2655
894.75,463.32399999999996,165.1132
895.0,516.866,154.4519
895.25,613.197,158.92880000000002
895.5,696.915,166.56730000000002
895.75,776.028,167.8084
896.0,823.0349999999999,172.4062
896.25,917.5090000000001,182.2574
896.5,993.181,195.1368
896.75,1012.2819999999999,197.18009999999998
897.0,1227.766,263.2443
897.25,1195.0990000000002,268.45579999999995
897.5,1274.2069999999999,270.48990000000003
897.75,1308.4180000000001,280.3897
898.0,1268.455,273.4623
898.25,1249.384,270.4131
898.5,1288.008,276.7866
898.75,1295.719,273.47950000000003
899.0,1270.9360000000001,270.2987
899.25,1284.9789999999998,273.4635
899.5,1313.176,279.9704
899.75,1369.771,292.2145
900.0,1370.401,300.642
900.25,1421.838,305.46500000000003
900.5,1570.245,349.026
900.75,1547.083,344.239
901.0,1473.191,335.987
901.25,1389.536,322.403
901.5,1347.271,327.058
901.75,1302.628,318.712
902.0,1232.9160000000002,312.956
902.25,1175.557,303.795
902.5,1124.047,299.5863
902.75,1108.837,310.27500000000003
903.0,1112.1490000000001,313.61400000000003
903.25,1096.6699999999998,306.82800000000003
903.5,1076.3919999999998,302.981
903.75,1033.111,301.654
904.0,1003.9110000000001,296.73929999999996
904.25,1007.4179999999999,295.3153
904.5,999.0809999999999,291.2783
904.75,965.086,289.5073
905.0,938.8229999999999,288.3729
905.25,964.031,293.8856
905.5,947.0159999999998,293.2482
905.75,943.539,303.889
906.0,931.1769999999999,289.80240000000003
906.25,903.44,268.9333
906.5,888.121,269.7312
906.75,831.985,255.5246
907.0,854.929,261.37260000000003
907.25,835.6099999999999,254.0632
907.5,858.328,254.2468
907.75,860.023,250.70860000000002
908.0,828.145,252.1821
908.25,786.988,240.5628
908.5,776.047,238.798
908.75,765.316,236.9052
909.0,736.168,227.3927
909.25,591.776,177.7148
909.5,464.171,148.21890000000002
909.75,466.43899999999996,147.3054
910.0,447.155,143.8408
910.25,450.482,147.55790000000002
910.5,442.37899999999996,145.4077
910.75,450.713,148.2952
911.0,454.799,148.4562
911.25,450.299,145.5742
911.5,448.115,140.3448
911.75,453.299,140.9838
912.0,414.69500000000005,130.4398
912.25,418.89200000000005,130.5856
912.5,420.957,134.5845
912.75,412.95799999999997,125.8123
913.0,412.118,130.5505
913.25,410.82399999999996,131.2399
913.5,416.71999999999997,131.7937
913.75,406.44800000000004,133.3168
914.0,408.365,134.72140000000002
914.25,407.413,137.4492
914.5,401.386,133.70589999999999
914.75,399.821,136.5089
915.0,393.48800000000006,137.0406
915.25,396.83,137.20759999999999
915.5,391.249,137.6275
915.75,386.734,141.043
916.0,385.51699999999994,140.5019
916.25,397.969,141.8426
916.5,381.067,139.74880000000002
916.75,379.192,136.40380000000002
917.0,382.054,136.5172
917.25,379.237,134.87800000000001
917.5,384.403,134.5873
917.75,376.292,128.9336
918.0,367.42,134.2822
918.25,350.59200000000004,131.484
918.5,341.084,117.43379999999999
918.75,337.228,109.9923
919.0,348.27700000000004,111.7131
919.25,352.40799999999996,112.0222
919.5,375.382,113.25319999999999
919.75,371.74899999999997,111.24440000000001
920.0,338.14,110.9393
920.25,337.954,112.8245
920.5,348.091,115.6772
920.75,346.322,113.7878
921.0,351.45000000000005,114.257
921.25,350.35,113.9135
921.5,375.74,117.6693
921.75,369.239,117.18969999999999
922.0,383.68399999999997,124.3094
922.25,444.04100000000005,145.91070000000002
922.5,711.87,246.0014
922.75,743.51,251.9469
923.0,749.892,251.63670000000002
923.25,781.416,255.69850000000002
923.5,791.1029999999998,252.2708
923.75,829.02,264.374
924.0,830.356,269.9791
924.25,830.98,266.7549
924.5,851.1690000000001,270.8258
924.75,861.903,270.881
925.0,829.272,267.1389
925.25,832.7470000000001,264.6848
925.5,850.982,264.54330000000004
925.75,849.461,268.4451
926.0,843.499,267.4198
926.25,842.7180000000001,270.55089999999996
926.5,840.5820000000001,263.2387
926.75,849.292,268.231
927.0,869.877,265.2481
927.25,877.8330000000001,264.489
927.5,880.8299999999999,268.37260000000003
927.75,875.514,270.8033
928.0,890.7929999999999,268.0896
928.25,880.0649999999999,263.0603
928.5,866.249,265.4649
928.75,866.2049999999999,282.0227
929.0,864.835,286.895
929.25,864.408,280.7684
929.5,856.773,283.9365
929.75,727.7539999999999,236.21929999999998
930.0,865.9110000000001,279.2505
930.25,870.363,275.7514
930.5,859.222,272.9357
930.75,841.1519999999999,269.2075
931.0,850.574,268.912
931.25,846.114,265.8019
931.5,869.181,269.3868
931.75,864.336,259.006
932.0,878.783,264.21049999999997
932.25,868.875,267.5797
932.5,851.432,261.23969999999997
932.75,776.895,235.65220000000002
933.0,481.5690000000001,144.44299999999998
933.25,468.252,139.5845
933.5,455.846,140.7035
933.75,438.93199999999996,136.6021
934.0,447.55899999999997,142.24689999999998
934.25,444.83500000000004,145.2779
934.5,442.688,143.78930000000003
934.75,424.30300000000005,142.3114
935.0,432.15999999999997,145.89579999999998
935.25,418.297,143.7499
935.5,418.87699999999995,140.4135
935.75,419.78,141.268
936.0,413.88200000000006,138.363
936.25,409.31000000000006,134.5444
936.5,399.917,124.3149
936.75,403.79200000000003,133.4503
937.0,413.963,140.7699
937.25,415.457,142.6011
937.5,416.27299999999997,141.0444
937.75,424.276,142.2283
938.0,422.557,131.4571
938.25,431.812,136.8611
938.5,418.55899999999997,134.7551
938.75,408.73699999999997,135.5061
939.0,395.05699999999996,121.5462
939.25,387.827,119.42179999999999
939.5,396.476,124.95599999999999
939.75,385.879,122.45690000000002
940.0,387.035,124.922
940.25,389.74600000000004,124.53
940.5,369.86800000000005,123.89819999999999
940.75,384.82399999999996,127.3957
941.0,381.34499999999997,129.5335
941.25,383.921,126.78529999999999
941.5,385.04200000000003,124.0838
941.75,388.00100000000003,133.8985
942.0,399.39799999999997,141.6089
942.25,369.278,130.0645
942.5,362.71700000000004,130.1283
942.75,359.058,130.0375
943.0,357.671,128.2048
943.25,354.78200000000004,126.2316
943.5,361.96999999999997,132.0403
943.75,376.25699999999995,132.2264
944.0,338.14500000000004,127.62530000000001
944.25,343.628,130.6212
944.5,349.558,131.2235
944.75,366.824,137.3319
945.0,397.616,140.549
945.25,394.478,141.0095
945.5,410.83900000000006,144.2484
945.75,403.34700000000004,143.3458
946.0,413.702,147.9504
946.25,413.03,147.6483
946.5,374.575,144.2698
946.75,378.791,141.1249
947.0,400.03600000000006,141.2336
947.25,409.33900000000006,140.1917
947.5,427.961,142.8525
947.75,432.743,142.3711
948.0,432.48100000000005,143.11520000000002
948.25,434.43999999999994,139.399
948.5,430.034,140.61610000000002
948.75,428.12,141.3592
949.0,395.68399999999997,139.8248
949.25,398.978,141.1699
949.5,414.5880000000001,143.49400000000003
949.75,429.754,145.5788
950.0,435.71000000000004,142.8996
950.25,433.53200000000004,142.59529999999998
950.5,439.37,141.7652
950.75,431.477,136.3691
951.0,421.926,134.6679
951.25,433.70000000000005,136.03029999999998
951.5,403.124,135.8555
951.75,392.672,133.5591
952.0,403.77599999999995,131.7149
952.25,408.619,130.0907
952.5,413.581,132.7091
952.75,415.634,129.32330000000002
953.0,431.75,131.7172
953.25,435.45799999999997,135.2822
953.5,450.01099999999997,133.1884
953.75,439.98,131.8108
954.0,431.04499999999996,129.94
954.25,425.64799999999997,129.95800000000003
954.5,412.773,122.6413
954.75,410.148,126.5815
955.0,402.08299999999997,127.1198
955.25,415.217,129.65699999999998
955.5,438.21400000000006,134.95839999999998
955.75,458.717,131.1757
956.0,478.302,134.3819
956.25,482.567,137.9373
956.5,465.571,134.4097
956.75,482.696,135.50099999999998
957.0,461.57300000000004,134.6115
957.25,458.75699999999995,139.4802
957.5,477.967,144.48270000000002
957.75,473.496,141.41570000000002
958.0,475.87300000000005,140.20600000000002
958.25,474.26199999999994,140.5439
958.5,477.602,141.2068
958.75,468.602,139.51569999999998
959.0,490.53999999999996,147.2396
959.25,486.1329999999999,141.337
959.5,492.448,138.7407
959.75,487.284,142.7286
960.0,463.85799999999995,142.47570000000002
960.25,463.51699999999994,140.3364
960.5,458.874,144.2545
960.75,450.09900000000005,145.1903
961.0,444.151,141.7942
961.25,443.805,140.75220000000002
961.5,441.888,140.9913
961.75,450.908,147.88830000000002
962.0,449.932,149.2481
962.25,444.65,146.588
962.5,432.73400000000004,138.4143
962.75,431.401,137.6698
963.0,421.879,134.7659
963.25,419.546,135.7951
963.5,416.21000000000004,143.0766
963.75,410.759,143.61720000000003
964.0,411.007,145.7091
964.25,409.115,146.6361
964.5,398.69899999999996,143.5355
964.75,392.00300000000004,139.60219999999998
965.0,408.19899999999996,145.7679
965.25,431.549,161.99110000000002
965.5,444.721,162.4436
965.75,459.83799999999997,164.8847
966.0,447.54999999999995,158.3871
966.25,457.607,158.1212
966.5,467.023,161.737
966.75,502.344,162.3512
967.0,596.469,175.5278
967.25,715.2090000000001,188.5177
967.5,823.989,206.5695
967.75,960.072,209.21250000000003
968.0,1034.383,217.34269999999998
968.25,1262.605,285.0264
968.5,1235.983,260.549
968.75,1269.016,260.0721
969.0,1301.2060000000001,260.8577
969.25,1338.819,268.4937
969.5,1380.2040000000002,272.23179999999996
969.75,1406.792,276.7726
970.0,1357.142,276.5061
970.25,1335.769,274.5961
970.5,1344.091,282.9031
970.75,1415.3490000000002,297.8021
971.0,1459.371,313.892
971.25,1474.618,314.066
971.5,1491.094,327.53700000000003
971.75,1637.2910000000002,348.864
972.0,1634.0839999999998,347.928
972.25,1645.193,346.887
972.5,1637.7959999999998,346.686
972.75,1609.821,339.84000000000003
973.0,1345.7620000000002,272.2593
973.25,1200.9370000000001,224.7449
973.5,1121.897,218.28640000000001
973.75,1067.231,211.8458
974.0,965.2220000000001,194.7307
974.25,923.7059999999999,190.631
974.5,887.9860000000001,193.6337
974.75,867.4900000000001,186.7975
975.0,841.015,190.4577
975.25,857.662,200.75769999999997
975.5,844.445,203.41920000000002
975.75,805.5310000000001,197.92649999999998
976.0,813.9069999999999,194.5048
976.25,791.7369999999999,191.976
976.5,766.519,183.4068
976.75,735.064,177.1145
977.0,710.065,165.1651
977.25,663.3779999999999,154.7362
977.5,668.064,155.30780000000001
977.75,649.837,163.63039999999998
978.0,642.043,166.1609
978.25,639.705,152.53470000000002
978.5,609.454,149.6712
978.75,590.699,154.8136
979.0,592.5360000000001,152.0131
979.25,586.8000000000001,146.6246
979.5,590.576,148.4828
979.75,581.5039999999999,142.8853
980.0,560.153,160.132
980.25,546.5219999999999,161.75850000000003
980.5,545.183,156.3579
980.75,546.751,158.406
981.0,545.8040000000001,154.4165
981.25,544.652,143.696
981.5,539.595,140.7477
981.75,519.46,138.172
982.0,530.6600000000001,147.7422
982.25,529.681,152.1412
982.5,530.413,153.2158
982.75,526.3789999999999,150.5623
983.0,540.92,139.4082
983.25,538.045,141.6224
983.5,540.6289999999999,141.1463
983.75,537.8109999999999,138.9924
984.0,520.646,141.2553
984.25,523.745,147.47
984.5,505.36499999999995,144.9685
984.75,495.909,146.6165
985.0,518.555,159.076
985.25,516.3290000000001,158.6848
985.5,502.385,153.13619999999997
985.75,499.42,154.8705
986.0,499.727,153.1261
986.25,481.781,146.0881
986.5,492.745,151.31889999999999
986.75,483.44500000000005,138.3056
987.0,468.32300000000004,131.3434
987.25,458.56500000000005,130.015
987.5,467.014,132.0131
987.75,465.519,133.8403
988.0,470.844,136.7332
988.25,459.16999999999996,132.6165
988.5,451.922,133.82600000000002
988.75,442.44100000000003,134.90019999999998
989.0,465.339,136.9931
989.25,477.16200000000003,144.4392
989.5,511.132,164.1839
989.75,515.279,161.56119999999999
990.0,524.127,165.4412
990.25,523.072,167.6013
990.5,541.3900000000001,171.40609999999998
990.75,540.47,153.6526
991.0,654.746,157.0212
991.25,786.3480000000001,176.5006
991.5,875.725,192.86679999999998
991.75,1007.6199999999999,199.6481
992.0,1063.717,217.1239
992.25,1163.9560000000001,227.7677
992.5,1221.481,231.2122
992.75,1281.764,234.5924
993.0,1315.204,240.89159999999998
993.25,1343.076,243.5369
993.5,1366.8780000000002,245.87570000000002
993.75,1409.313,255.5469
994.0,1380.654,255.5011
994.25,1389.289,260.3332
994.5,1362.225,260.4889
994.75,1404.685,269.2177
995.0,1413.484,274.1596
995.25,1436.816,280.4128
995.5,1462.483,282.0161
995.75,1501.334,279.5613
996.0,1491.39,271.5465
996.25,1477.854,265.9358
996.5,1418.2220000000002,251.66039999999998
996.75,1396.373,246.5559
997.0,1318.627,232.5718
997.25,1260.442,240.3108
997.5,1197.068,230.48219999999998
997.75,1118.564,218.2772
998.0,1049.54,205.5524
998.25,1020.509,205.0475
998.5,960.685,203.82459999999998
998.75,914.7339999999999,196.9737
999.0,853.393,193.68829999999997
999.25,823.78,182.1198
999.5,797.4100000000001,185.0344
999.75,764.5,171.2246
1000.0,737.596,175.9049
1000.25,745.7239999999999,177.2831
1000.5,701.2729999999999,166.8085
1000.75,644.481,154.6482
1001.0,605.505,154.7589
1001.25,588.63,149.9563
1001.5,585.771,155.93390000000002
1001.75,548.932,153.1534
1002.0,544.157,144.9382
1002.25,531.858,142.6725
1002.5,533.92,146.4528
1002.75,537.131,142.2315
1003.0,522.032,136.8308
1003.25,526.412,137.8766
1003.5,584.152,139.8723
1003.75,576.551,149.4398
1004.0,534.533,150.1629
1004.25,517.538,144.53480000000002
1004.5,532.514,144.5649
1004.75,536.51,136.1326
1005.0,549.104,134.7283
1005.25,544.9929999999999,134.7352
1005.5,536.078,133.79469999999998
1005.75,525.149,133.3801
1006.0,525.3530000000001,132.6885
1006.25,512.132,135.1924
1006.5,519.3430000000001,136.4869
1006.75,509.846,142.8167
1007.0,505.369,140.27200000000002
1007.25,507.28999999999996,138.1312
1007.5,496.90099999999995,136.4728
1007.75,494.87899999999996,141.1063
1008.0,485.186,137.62810000000002
1008.25,474.851,135.5357
1008.5,469.149,136.6197
1008.75,468.466,138.1191
1009.0,480.65,144.4245
1009.25,473.157,138.626
1009.5,475.597,131.4677
1009.75,469.10900000000004,129.8691
1010.0,474.62600000000003,132.82940000000002
1010.25,487.101,131.88
1010.5,466.183,135.8693
1010.75,463.006,138.13569999999999
1011.0,455.74299999999994,139.0315
1011.25,462.63699999999994,140.51440000000002
1011.5,461.626,143.9895
1011.75,448.84299999999996,139.2997
1012.0,446.279,135.9579
1012.25,451.24600000000004,137.23499999999999
1012.5,446.74,136.9686
1012.75,437.318,138.5973
1013.0,449.04499999999996,139.0996
1013.25,484.153,165.2072
1013.5,506.027,168.15460000000002
1013.75,511.677,169.228
1014.0,510.198,168.0217
1014.25,518.7139999999999,172.3449
1014.5,492.506,171.89639999999997
1014.75,516.764,176.5385
1015.0,589.9259999999999,180.48239999999998
1015.25,683.22,174.9708
1015.5,772.7470000000001,179.31550000000001
1015.75,812.815,178.61690000000002
1016.0,821.53,170.7029
1016.25,901.174,177.1333
1016.5,959.869,187.8023
1016.75,992.2749999999999,189.74429999999998
1017.0,1020.1750000000001,193.8697
1017.25,1137.643,202.9884
1017.5,1140.0549999999998,219.9076
1017.75,1178.608,222.25169999999997
1018.0,1165.4109999999998,219.7833
1018.25,1137.455,219.7375
1018.5,1129.558,217.60610000000003
1018.75,1149.3220000000001,224.3911
1019.0,875.941,221.6125
1019.25,1177.819,213.3488
1019.5,1203.904,217.6346
1019.75,1109.884,207.58889999999997
1020.0,1219.363,223.40949999999998
1020.25,1211.941,221.53910000000002
1020.5,1206.8380000000002,228.4826
1020.75,1166.06,212.0744
1021.0,1105.966,210.50560000000002
1021.25,1067.521,202.1246
1021.5,1013.086,179.61409999999998
1021.75,943.423,182.3356
1022.0,881.2090000000001,175.95510000000002
1022.25,863.9590000000001,174.59910000000002
1022.5,788.2810000000001,178.3223
1022.75,806.6680000000001,173.7833
1023.0,726.9780000000001,169.4915
1023.25,726.313,176.5725
1023.5,652.387,166.208
1023.75,627.047,157.39409999999998
1024.0,654.032,156.7726
1024.25,669.395,163.94060000000002
1024.5,634.9100000000001,157.08550000000002
1024.75,613.015,160.3307
1025.0,555.306,156.36079999999998
1025.25,692.721,206.3902
1025.5,523.857,152.1425
1025.75,535.26,154.1727
1026.0,549.0840000000001,157.8137
1026.25,537.25,157.0924
1026.5,506.51,148.18959999999998
1026.75,527.699,155.1122
1027.0,548.2429999999999,156.55149999999998
1027.25,541.691,160.76889999999997
1027.5,559.949,161.437
1027.75,546.1379999999999,149.0236
1028.0,495.164,148.3091
1028.25,483.71599999999995,146.791
1028.5,475.41499999999996,145.3003
1028.75,472.688,143.8964
1029.0,460.756,135.5217
1029.25,455.6,132.2367
1029.5,474.722,136.58870000000002
1029.75,465.389,138.54880000000003
1030.0,470.279,135.9493
1030.25,455.78,133.7997
1030.5,477.332,137.2775
1030.75,456.20000000000005,133.9281
1031.0,479.624,139.6448
1031.25,455.756,136.19350000000003
1031.5,467.79499999999996,139.98160000000001
1031.75,451.00100000000003,143.18880000000001
1032.0,468.08799999999997,147.5315
1032.25,466.529,139.66160000000002
1032.5,421.438,138.148
1032.75,414.628,137.6886
1033.0,428.37800000000004,139.3343
1033.25,440.51500000000004,141.8564
1033.5,450.08899999999994,147.27120000000002
1033.75,464.995,153.3954
1034.0,443.725,147.67849999999999
1034.25,443.42499999999995,149.027
1034.5,430.93600000000004,145.7039
1034.75,427.673,145.9717
1035.0,432.884,147.2132
1035.25,423.572,144.3871
1035.5,410.996,145.0377
1035.75,432.60400000000004,147.235
1036.0,402.541,144.4176
1036.25,416.783,146.09980000000002
1036.5,400.291,140.7914
1036.75,403.1,133.0853
1037.0,441.266,146.92079999999999
1037.25,463.398,166.1887
1037.5,494.519,169.2863
1037.75,483.08799999999997,162.1906
1038.0,485.58399999999995,168.49040000000002
1038.25,464.14000000000004,161.43460000000002
1038.5,465.14300000000003,163.6079
1038.75,478.38699999999994,163.2645
1039.0,546.609,174.51420000000002
1039.25,656.29,172.1977
1039.5,733.142,171.8176
1039.75,850.7950000000001,177.0585
1040.0,947.716,211.677
1040.25,959.542,205.33700000000005
1040.5,988.618,203.16160000000002
1040.75,985.3779999999999,201.773
1041.0,1001.8120000000001,219.7934
1041.25,1071.2259999999999,223.33059999999998
1041.5,1101.064,226.66779999999997
1041.75,1137.694,219.18510000000003
1042.0,1018.03,216.0408
1042.25,1076.6499999999999,222.09969999999998
1042.5,1075.348,225.9552
1042.75,1067.329,223.51300000000003
1043.0,1091.6680000000001,217.2971
1043.25,1056.181,206.4835
1043.5,1074.022,213.8603
1043.75,1171.4769999999999,222.40910000000002
1044.0,1120.516,226.32999999999998
1044.25,1164.559,225.0335
1044.5,1137.472,225.27409999999998
1044.75,1099.5819999999999,224.27300000000002
1045.0,1047.397,219.50889999999998
1045.25,994.96,223.8596
1045.5,968.0830000000001,211.97
1045.75,967.474,218.1816
1046.0,893.956,200.3791
1046.25,818.6469999999999,200.0704
1046.5,814.633,209.152
1046.75,740.4879999999999,194.00900000000001
1047.0,751.549,191.02439999999999
1047.25,752.89,186.6132
1047.5,730.3499999999999,190.2783
1047.75,685.237,184.0263
1048.0,699.748,189.934
1048.25,668.7429999999999,183.8975
1048.5,638.493,172.9755
1048.75,607.704,168.9984
1049.0,557.328,150.19830000000002
1049.25,510.67199999999997,130.2183
1049.5,519.3240000000001,143.4986
1049.75,519.654,142.57760000000002
1050.0,546.962,147.4444
1050.25,531.659,151.535
1050.5,509.846,144.4053
1050.75,511.192,143.3838
1051.0,513.008,144.4488
1051.25,505.811,138.2143
1051.5,529.8000000000001,139.4083
1051.75,543.287,135.2982
1052.0,507.425,134.221
1052.25,504.209,136.1843
1052.5,473.24,137.7344
1052.75,484.82300000000004,139.8166
1053.0,504.175,137.24759999999998
1053.25,499.78,132.2028
1053.5,483.227,133.4102
1053.75,492.18199999999996,137.1804
1054.0,493.346,138.8191
1054.25,478.57399999999996,134.6339
1054.5,462.644,130.52190000000002
1054.75,447.345,125.21090000000001
1055.0,442.82599999999996,128.6261
1055.25,466.202,141.2113
1055.5,481.856,144.83780000000002
1055.75,477.581,142.62019999999998
1056.0,456.87100000000004,143.6646
1056.25,450.224,146.3271
1056.5,458.01800000000003,144.4012
1056.75,470.43899999999996,139.39249999999998
1057.0,443.936,139.36860000000001
1057.25,466.529,144.3359
1057.5,444.5160000000001,142.6142
1057.75,435.4,142.5446
1058.0,435.99699999999996,144.2276
1058.25,462.063,143.434
1058.5,430.297,132.815
1058.75,445.1,137.6241
1059.0,448.067,138.1067
1059.25,428.99,135.72410000000002
1059.5,418.144,131.696
1059.75,409.98499999999996,128.8756
1060.0,412.294,127.7542
1060.25,403.726,128.5346
1060.5,399.2049999999999,125.4096
1060.75,395.67400000000004,128.1747
1061.0,410.44100000000003,133.7495
1061.25,458.27,158.09210000000002
1061.5,472.514,159.675
1061.75,492.97,156.95049999999998
1062.0,463.31600000000003,152.5148
1062.25,450.671,155.018
1062.5,443.953,153.6281
1062.75,433.192,153.4059
1063.0,559.107,159.842
1063.25,661.7819999999999,178.86780000000002
1063.5,713.7090000000001,180.13139999999999
1063.75,831.481,176.9382
1064.0,841.744,174.2396
1064.25,878.008,169.74419999999998
1064.5,922.309,183.21189999999999
1064.75,972.366,188.2944
1065.0,988.2400000000001,194.33089999999999
1065.25,984.1600000000001,191.2019
1065.5,1050.86,198.2045
1065.75,1092.223,203.9083
1066.0,1051.144,199.4837
1066.25,1088.317,209.94750000000002
1066.5,1250.98,265.2407
1066.75,1231.042,269.4518
1067.0,1263.475,268.3841
1067.25,1310.806,277.5164
1067.5,1322.182,277.43640000000005
1067.75,1372.4679999999998,279.5062
1068.0,1375.0810000000001,292.56309999999996
1068.25,1360.333,286.30809999999997
1068.5,1291.567,277.3872
1068.75,1257.7240000000002,272.7812
1069.0,1168.009,255.6307
1069.25,1111.825,246.39159999999998
1069.5,1090.8310000000001,249.7997
1069.75,1066.603,247.7629
1070.0,1044.967,244.62640000000002
1070.25,969.76,229.90410000000003
1070.5,907.4679999999998,225.23520000000002
1070.75,939.874,245.87650000000002
1071.0,940.193,248.51099999999997
1071.25,899.369,242.4488
1071.5,850.867,228.5133
1071.75,842.4489999999998,223.54430000000002
1072.0,893.3130000000001,235.43560000000002
1072.25,872.116,235.49099999999999
1072.5,831.586,212.73790000000002
1072.75,823.174,208.4094
1073.0,766.374,203.446
1073.25,604.8679999999999,153.4408
1073.5,584.97,150.2924
1073.75,604.098,172.6736
1074.0,793.453,241.7023
1074.25,901.993,278.3905
1074.5,900.796,274.9038
1074.75,877.885,273.34180000000003
1075.0,897.2860000000001,268.4772
1075.25,856.342,269.7034
1075.5,861.3699999999999,264.2838
1075.75,866.9669999999999,251.3937
1076.0,783.452,243.5913
1076.25,807.355,249.923
1076.5,784.8340000000001,245.1859
1076.75,776.6890000000001,243.20260000000002
1077.0,748.706,234.1132
1077.25,613.12,184.96999999999997
1077.5,457.822,133.30380000000002
1077.75,438.252,129.52280000000002
1078.0,446.22299999999996,128.1593
1078.25,434.13199999999995,128.4152
1078.5,439.44500000000005,130.1129
1078.75,441.212,129.8648
1079.0,438.28999999999996,131.3573
1079.25,437.53999999999996,132.13459999999998
1079.5,442.20799999999997,133.60129999999998
1079.75,445.00699999999995,135.976
1080.0,428.765,133.6061
1080.25,438.8190000000001,141.579
1080.5,423.249,139.1126
1080.75,409.655,132.4813
1081.0,400.87699999999995,127.00300000000001
1081.25,411.361,133.7035
1081.5,415.861,135.4834
1081.75,413.27600000000007,135.43329999999997
1082.0,418.982,137.63
1082.25,423.55899999999997,142.6642
1082.5,432.8,142.0274
1082.75,426.971,144.33589999999998
1083.0,404.308,140.2606
1083.25,404.798,140.8195
1083.5,397.9,128.0766
1083.75,388.607,123.1152
1084.0,394.39599999999996,129.1755
1084.25,380.659,125.4194
1084.5,385.66999999999996,129.875
1084.75,388.71799999999996,128.1042
1085.0,378.919,126.4793
1085.25,376.44800000000004,126.1556
1085.5,395.50700000000006,129.64170000000001
1085.75,387.605,128.3937
1086.0,390.63200000000006,130.0463
1086.25,364.726,126.358
1086.5,352.815,127.254
1086.75,349.73,126.94680000000001
1087.0,369.16499999999996,128.1895
1087.25,383.498,124.94649999999999
1087.5,496.245,139.2234
1087.75,546.9449999999999,143.02110000000002
1088.0,506.225,157.1783
1088.25,453.499,149.3793
1088.5,520.72,156.7887
1088.75,534.4259999999999,157.846
1089.0,534.471,154.5509
1089.25,496.493,158.5559
1089.5,475.58899999999994,161.64839999999998
1089.75,467.81600000000003,155.9436
1090.0,465.99199999999996,150.391
1090.25,679.727,236.793
1090.5,647.399,243.17510000000001
1090.75,629.165,235.97000000000003
1091.0,646.796,239.3629
1091.25,647.624,231.94830000000002
1091.5,640.8530000000001,236.5509
1091.75,665.755,240.1764
1092.0,666.765,238.92700000000002
1092.25,660.5129999999999,234.59449999999998
1092.5,670.422,234.3142
1092.75,681.471,238.2898
1093.0,711.8299999999999,255.6834
1093.25,713.836,246.5867
1093.5,750.947,247.28839999999997
1093.75,744.921,246.29989999999998
1094.0,730.704,239.2431
1094.25,738.306,241.86729999999997
1094.5,737.686,238.2086
1094.75,734.018,243.5079
1095.0,754.095,248.9693
1095.25,821.091,265.6072
1095.5,792.218,278.7701
1095.75,795.152,275.3306
1096.0,790.433,276.6262
1096.25,792.789,272.7443
1096.5,769.072,267.1492
1096.75,767.156,266.7742
1097.0,726.59,250.83859999999999
1097.25,741.2570000000001,254.41819999999998
1097.5,759.06,254.3057
1097.75,737.6759999999999,247.25989999999996
1098.0,733.866,246.48039999999997
1098.25,778.021,257.1376
1098.5,750.202,253.27730000000003
1098.75,692.524,241.3487
1099.0,696.2,238.9617
1099.25,734.023,238.6422
1099.5,747.027,233.6152
1099.75,746.158,228.36769999999999
1100.0,762.784,232.48829999999998
1100.25,751.7850000000001,232.8866
1100.5,714.635,230.30560000000003
1100.75,701.823,229.1134
1101.0,710.518,232.9814
1101.25,510.02299999999997,158.2697
1101.5,432.7,131.4591
1101.75,422.87600000000003,128.184
1102.0,450.461,131.1874
1102.25,437.447,132.4001
1102.5,426.544,130.9049
1102.75,425.395,131.1866
1103.0,407.264,131.4763
1103.25,433.59800000000007,135.11440000000002
1103.5,417.34099999999995,135.122
1103.75,410.37800000000004,134.30110000000002
1104.0,397.876,129.82639999999998
1104.25,402.379,132.6701
1104.5,395.64799999999997,133.30669999999998
1104.75,415.98499999999996,136.56050000000002
1105.0,402.36199999999997,137.77370000000002
1105.25,411.83899999999994,140.5951
1105.5,402.54499999999996,139.0898
1105.75,409.006,142.01940000000002
1106.0,401.554,138.1219
1106.25,418.162,141.5583
1106.5,411.76,136.4866
1106.75,386.91100000000006,135.2109
1107.0,401.128,136.0096
1107.25,401.40999999999997,139.85129999999998
1107.5,387.48100000000005,138.154
1107.75,400.277,140.9446
1108.0,388.55600000000004,143.0683
1108.25,383.432,142.3002
1108.5,365.938,140.7699
1108.75,390.25700000000006,142.6444
1109.0,381.731,143.7469
1109.25,375.181,143.9956
1109.5,376.955,144.23289999999997
1109.75,379.354,141.2698
1110.0,402.644,146.652
1110.25,389.33299999999997,137.0136
1110.5,371.063,134.1694
1110.75,348.269,129.6819
1111.0,363.32,134.49609999999998
1111.25,371.506,136.9921
1111.5,375.304,136.5821
1111.75,368.269,135.6198
1112.0,343.538,135.0685
1112.25,352.40099999999995,132.5978
1112.5,385.46000000000004,135.9358
1112.75,362.89500000000004,136.21179999999998
1113.0,402.76699999999994,143.177
1113.25,388.37600000000003,136.9004
1113.5,361.939,132.6575
1113.75,376.22299999999996,136.5915
1114.0,390.956,138.10250000000002
1114.25,395.395,139.1828
1114.5,361.375,137.0148
1114.75,359.0,133.348
1115.0,377.54200000000003,133.05239999999998
1115.25,403.08399999999995,136.31629999999998
1115.5,399.72700000000003,134.9834
1115.75,423.404,133.7756
1116.0,475.48,136.8869
1116.25,429.98,139.43560000000002
1116.5,407.51,134.3784
1116.75,411.01699999999994,131.4462
1117.0,397.853,135.2171
1117.25,399.822,136.4361
1117.5,402.98199999999997,132.41570000000002
1117.75,404.041,133.5514
1118.0,411.44899999999996,131.9721
1118.25,423.331,129.5193
1118.5,430.406,129.9821
1118.75,472.57000000000005,136.3253
1119.0,438.84900000000005,141.9082
1119.25,463.81,140.5008
1119.5,398.624,128.5803
1119.75,394.746,125.915
1120.0,404.168,124.10300000000001
1120.25,404.645,123.7613
1120.5,405.89,129.9743
1120.75,403.361,132.0782
1121.0,398.26300000000003,125.8322
1121.25,434.034,130.2595
1121.5,464.87300000000005,133.3966
1121.75,459.92800000000005,133.9603
1122.0,503.17199999999997,141.353
1122.25,471.22800000000007,137.32670000000002
1122.5,456.39199999999994,133.0933
1122.75,449.12899999999996,131.6471
1123.0,456.83400000000006,131.2021
1123.25,455.37,127.7579
1123.5,468.729,131.2237
1123.75,470.698,130.1622
1124.0,481.75100000000003,136.3423
1124.25,500.543,137.6815
1124.5,500.577,132.8087
1124.75,494.751,134.2467
1125.0,504.022,135.8976
1125.25,507.26,138.7527
1125.5,501.846,137.6033
1125.75,511.049,136.1979
1126.0,518.238,139.6834
1126.25,497.298,137.6472
1126.5,489.145,136.4494
1126.75,502.25199999999995,137.6273
1127.0,507.293,145.9464
1127.25,485.777,140.75080000000003
1127.5,486.70899999999995,139.1835
1127.75,495.79100000000005,139.23930000000001
1128.0,480.523,136.804
1128.25,481.442,142.99960000000002
1128.5,461.91200000000003,138.7066
1128.75,454.29999999999995,138.99880000000002
1129.0,454.01199999999994,139.8067
1129.25,453.555,141.3388
1129.5,463.034,143.0188
1129.75,496.043,148.95430000000002
1130.0,467.615,152.89339999999999
1130.25,468.56000000000006,146.3672
1130.5,449.15199999999993,145.5786
1130.75,446.554,152.3311
1131.0,434.999,149.877
1131.25,437.249,146.8023
1131.5,429.151,147.358
1131.75,422.078,138.5891
1132.0,425.797,139.5974
1132.25,421.355,135.8963
1132.5,417.857,137.2987
1132.75,427.169,139.01119999999997
1133.0,442.01800000000003,140.7597
1133.25,466.057,159.6162
1133.5,482.672,162.2041
1133.75,494.255,167.11
1134.0,508.655,166.5299
1134.25,527.8340000000001,166.0933
1134.5,522.947,163.7763
1134.75,520.3050000000001,165.6082
1135.0,584.044,168.7599
1135.25,668.4,166.9909
1135.5,743.757,174.5294
1135.75,788.142,169.5008
1136.0,789.9820000000001,174.3742
1136.25,872.451,174.0159
1136.5,1045.3899999999999,229.6239
1136.75,1190.7959999999998,271.5543
1137.0,1210.276,263.0244
1137.25,1250.791,275.9613
1137.5,1260.7,273.6997
1137.75,1284.73,283.84929999999997
1138.0,1233.502,268.7925
1138.25,1158.67,255.00509999999997
1138.5,1118.432,250.3095
1138.75,1150.066,266.8375
1139.0,1140.4569999999999,285.32320000000004
1139.25,1139.6860000000001,289.8697
1139.5,1153.489,280.1024
1139.75,1143.674,266.4576
1140.0,1149.183,269.4616
1140.25,1130.749,265.7648
1140.5,1107.452,274.8598
1140.75,1094.106,275.5654
1141.0,1029.31,263.25019999999995
1141.25,1029.918,276.4698
1141.5,1006.534,267.289
1141.75,984.45,256.8563
1142.0,929.5049999999999,257.5007
1142.25,880.5,256.235
1142.5,858.472,249.0059
1142.75,837.966,247.3988
1143.0,832.0319999999999,248.66600000000003
1143.25,822.929,244.0703
1143.5,788.541,241.9388
1143.75,777.812,242.4106
1144.0,785.061,241.27849999999998
1144.25,791.7270000000001,242.5919
1144.5,758.961,237.32330000000002
1144.75,740.337,237.41649999999998
1145.0,719.9649999999999,240.39010000000002
1145.25,675.471,224.95529999999997
1145.5,661.017,225.0607
1145.75,640.923,221.2308
1146.0,561.2249999999999,195.0654
1146.25,482.918,148.3988
1146.5,450.96799999999996,140.87959999999998
1146.75,466.82599999999996,143.5524
1147.0,485.70799999999997,144.3601
1147.25,499.54100000000005,145.1843
1147.5,516.206,144.2701
1147.75,530.456,152.6896
1148.0,478.817,145.8889
1148.25,481.60400000000004,150.3493
1148.5,480.48800000000006,144.7816
1148.75,497.603,153.17090000000002
1149.0,477.05600000000004,151.43460000000002
1149.25,457.631,141.6825
1149.5,466.19899999999996,141.3697
1149.75,441.91100000000006,137.0672
1150.0,435.78799999999995,140.3678
1150.25,469.9440000000001,143.52370000000002
1150.5,419.66299999999995,139.972
1150.75,459.70099999999996,146.0524
1151.0,441.15600000000006,135.37199999999999
1151.25,435.203,127.1369
1151.5,450.09299999999996,129.1674
1151.75,453.28600000000006,138.66140000000001
1152.0,455.645,139.6552
1152.25,443.725,139.0794
1152.5,429.611,140.1057
1152.75,429.15999999999997,135.0453
1153.0,437.677,141.8625
1153.25,423.325,141.6113
1153.5,421.08700000000005,135.19459999999998
1153.75,396.01,134.7315
1154.0,419.524,133.538
1154.25,403.262,129.4394
1154.5,405.35900000000004,132.3636
1154.75,398.94399999999996,131.9316
1155.0,401.30600000000004,133.4716
1155.25,379.504,128.7816
1155.5,368.06600000000003,129.1822
1155.75,387.77299999999997,133.4518
1156.0,369.605,130.89170000000001
1156.25,371.365,131.0344
1156.5,360.872,131.36180000000002
1156.75,371.575,134.89909999999998
1157.0,390.097,132.8451
1157.25,392.66600000000005,129.9248
1157.5,380.135,127.80180000000001
1157.75,393.005,126.2193
1158.0,388.553,131.3451
1158.25,415.08399999999995,154.4717
1158.5,406.291,152.7529
1158.75,409.55899999999997,154.6497
1159.0,464.86699999999996,155.8968
1159.25,518.982,160.9219
1159.5,567.798,163.4042
1159.75,621.903,170.32279999999997
1160.0,622.455,179.0273
1160.25,861.642,248.3931
1160.5,930.927,232.7221
1160.75,946.2069999999999,236.22369999999998
1161.0,982.1779999999999,245.798
1161.25,992.8710000000001,244.6388
1161.5,964.909,220.3449
1161.75,944.3800000000001,217.84320000000002
1162.0,925.665,214.3248
1162.25,973.477,214.6233
1162.5,964.7040000000001,217.78709999999998
1162.75,1000.174,231.12740000000002
1163.0,1076.383,250.6106
1163.25,1068.496,244.20159999999998
1163.5,1096.708,257.2848
1163.75,1139.317,252.8811
1164.0,1155.889,253.1518
1164.25,1146.5739999999998,253.5222
1164.5,1127.896,252.4481
1164.75,1128.7269999999999,258.421
1165.0,1104.241,256.25919999999996
1165.25,1045.705,245.7486
1165.5,972.8080000000001,238.80339999999998
1165.75,997.4979999999998,246.90200000000002
1166.0,922.6709999999999,237.23740000000004
1166.25,907.0120000000001,236.5851
1166.5,856.9859999999999,237.0171
1166.75,841.8969999999999,236.2516
1167.0,827.9259999999999,236.39159999999998
1167.25,835.2550000000001,233.2153
1167.5,829.192,233.5414
1167.75,835.9279999999999,236.2971
1168.0,839.5440000000001,235.4012
1168.25,807.408,240.58860000000004
1168.5,780.1030000000001,239.0322
1168.75,766.164,235.95480000000003
1169.0,758.577,233.0353
1169.25,720.135,232.2051
1169.5,715.1500000000001,236.83499999999998
1169.75,666.6659999999999,225.0847
1170.0,689.467,226.5174
1170.25,523.7470000000001,166.9118
1170.5,474.509,129.42149999999998
1170.75,481.418,137.0777
1171.0,478.139,132.9589
1171.25,460.349,128.8271
1171.5,493.98800000000006,134.1825
1171.75,488.10799999999995,129.8666
1172.0,450.584,126.47199999999998
1172.25,425.07000000000005,123.14089999999999
1172.5,440.05400000000003,125.87440000000001
1172.75,449.76800000000003,130.8118
1173.0,453.32599999999996,124.2139
1173.25,444.728,123.7715
1173.5,440.558,121.4907
1173.75,444.02,121.49170000000001
1174.0,444.08900000000006,121.3048
1174.25,424.937,123.00050000000002
1174.5,433.563,130.2539
1174.75,433.121,131.10750000000002
1175.0,414.08900000000006,127.636
1175.25,420.53999999999996,131.9271
1175.5,423.62899999999996,132.1251
1175.75,423.1,135.3071
1176.0,401.76800000000003,128.6146
1176.25,401.633,130.0143
1176.5,394.256,131.4648
1176.75,375.64,131.1848
1177.0,373.621,130.8294
1177.25,382.152,133.4101
1177.5,388.07300000000004,140.86579999999998
1177.75,376.942,139.21529999999998
1178.0,361.519,133.9147
1178.25,361.37600000000003,131.3773
1178.5,370.96000000000004,134.89679999999998
1178.75,358.231,131.6612
1179.0,346.769,129.8966
1179.25,346.811,128.4292
1179.5,347.283,130.8457
1179.75,347.647,132.3398
1180.0,342.641,130.5313
1180.25,348.899,133.7157
1180.5,334.51800000000003,130.4659
1180.75,333.164,127.82339999999999
1181.0,348.222,129.8933
1181.25,352.34000000000003,128.5817
1181.5,351.128,126.04230000000001
1181.75,353.206,124.68780000000001
1182.0,360.41400000000004,126.4512
1182.25,360.46999999999997,130.4902
1182.5,340.938,127.2138
1182.75,359.469,129.4033
1183.0,408.38,130.2937
1183.25,462.692,141.0326
1183.5,534.734,160.93290000000002
1183.75,615.879,163.1214
1184.0,613.653,169.7407
1184.25,772.5989999999999,219.14589999999998
1184.5,819.663,227.841
1184.75,845.502,229.2432
1185.0,869.4570000000001,226.69259999999997
1185.25,912.7570000000001,230.882
1185.5,964.9480000000001,233.89640000000003
1185.75,991.561,234.90470000000002
1186.0,988.5310000000001,235.69340000000003
1186.25,992.224,229.9103
1186.5,974.98,235.41990000000004
1186.75,982.5730000000001,230.3669
1187.0,1036.972,237.1805
1187.25,1035.1860000000001,240.0266
1187.5,1059.679,243.19150000000002
1187.75,1105.422,252.8231
1188.0,1146.421,258.79769999999996
1188.25,1113.25,252.9751
1188.5,1114.714,249.83999999999997
1188.75,1065.712,244.9228
1189.0,1000.8340000000001,226.3211
1189.25,957.2289999999998,212.60989999999998
1189.5,884.278,212.095
1189.75,862.078,214.371
1190.0,850.8129999999999,217.07309999999998
1190.25,828.985,211.3517
1190.5,772.4870000000001,205.74899999999997
1190.75,764.539,198.6457
1191.0,762.79,197.5111
1191.25,748.1220000000001,196.0011
1191.5,719.886,196.6583
1191.75,745.552,200.9854
1192.0,742.861,199.6579
1192.25,705.936,191.4406
1192.5,686.887,191.7815
1192.75,662.133,199.1258
1193.0,641.22,198.0333
1193.25,600.04,185.935
1193.5,486.226,148.2521
1193.75,471.886,147.5385
1194.0,492.32300000000004,156.1379
1194.25,502.442,157.4121
1194.5,468.03799999999995,154.601
1194.75,458.558,138.8859
1195.0,433.911,122.4978
1195.25,444.212,123.26230000000001
1195.5,482.213,123.6914
1195.75,503.30600000000004,128.7582
1196.0,496.808,120.9311
1196.25,474.91099999999994,124.86760000000001
1196.5,450.224,123.7541
1196.75,427.67900000000003,123.75300000000001
1197.0,437.025,122.2313
1197.25,440.387,120.88650000000001
1197.5,418.865,122.195
1197.75,418.23799999999994,123.30799999999999
1198.0,410.49199999999996,124.12020000000001
1198.25,408.131,126.0068
1198.5,412.16299999999995,128.35379999999998
1198.75,410.03999999999996,128.0571
1199.0,423.572,131.57229999999998
1199.25,397.828,129.8838
1199.5,413.225,134.0443
1199.75,424.096,138.0932
1200.0,421.313,141.281
1200.25,406.01500000000004,144.8596
1200.5,391.573,136.9269
1200.75,373.058,128.3164
1201.0,396.692,134.0049
1201.25,389.04999999999995,132.9942
1201.5,381.10400000000004,131.8508
1201.75,387.917,136.7481
1202.0,385.039,134.49290000000002
1202.25,384.584,134.8614
1202.5,382.1,133.8967
1202.75,375.169,134.3232
1203.0,370.841,134.0533
1203.25,366.311,127.5739
1203.5,365.854,129.3838
1203.75,361.53200000000004,125.8664
1204.0,349.339,121.6586
1204.25,344.801,121.2765
1204.5,337.293,123.1067
1204.75,344.293,126.0863
1205.0,345.93499999999995,120.86269999999999
1205.25,352.634,119.20079999999999
1205.5,394.919,134.7477
1205.75,415.652,145.07
1206.0,409.41200000000003,145.4446
1206.25,417.76099999999997,145.3166
1206.5,390.71599999999995,146.68110000000001
1206.75,400.34000000000003,144.9735
1207.0,469.101,141.6477
1207.25,531.556,153.2872
1207.5,607.3530000000001,141.1445
1207.75,672.873,154.4774
1208.0,743.722,160.8025
1208.25,967.5539999999999,227.1516
1208.5,913.7740000000001,200.30919999999998
1208.75,919.434,196.19280000000003
1209.0,956.444,201.7412
1209.25,969.5319999999999,202.22380000000004
1209.5,1002.4480000000001,203.209
1209.75,1020.9370000000001,211.9088
1210.0,1020.973,206.3129
1210.25,1009.621,205.6567
1210.5,995.5059999999999,214.07690000000002
1210.75,1031.653,219.8976
1211.0,1049.128,214.0067
1211.25,1058.083,209.9179
1211.5,1089.028,223.1535
1211.75,1099.9900000000002,219.8263
1212.0,1112.347,223.1447
1212.25,1104.835,230.32670000000002
1212.5,1077.646,223.18230000000003
1212.75,1058.0230000000001,217.4054
1213.0,999.871,220.2373
1213.25,946.456,207.99239999999998
1213.5,921.985,205.73029999999997
1213.75,890.3919999999998,191.28289999999998
1214.0,867.6790000000001,189.6499
1214.25,824.409,192.86169999999998
1214.5,788.0889999999999,188.6538
1214.75,758.926,183.96280000000002
1215.0,745.2059999999999,188.1997
1215.25,727.711,183.0978
1215.5,722.9159999999999,181.7741
1215.75,713.346,181.5574
1216.0,725.3589999999999,176.4706
1216.25,705.49,185.096
1216.5,678.99,179.9165
1216.75,670.2059999999999,186.055
1217.0,626.1659999999999,170.9213
1217.25,578.169,162.413
1217.5,508.232,142.7696
1217.75,498.9,144.8527
1218.0,531.842,152.0577
1218.25,539.717,146.9496
1218.5,478.52600000000007,133.8227
1218.75,478.06999999999994,134.1615
1219.0,489.02299999999997,131.3729
1219.25,489.512,133.43959999999998
1219.5,512.135,132.9889
1219.75,514.169,127.99519999999998
1220.0,467.55499999999995,123.3376
1220.25,451.562,123.59890000000001
1220.5,453.76099999999997,125.7471
1220.75,437.10799999999995,121.53049999999999
1221.0,448.619,120.36010000000002
1221.25,443.358,119.2661
1221.5,456.37699999999995,126.07809999999999
1221.75,449.93399999999997,135.44129999999998
1222.0,432.812,138.3371
1222.25,430.088,143.00760000000002
1222.5,417.284,147.3835
1222.75,420.03799999999995,145.2099
1223.0,421.602,138.32920000000001
1223.25,406.46000000000004,134.10660000000001
1223.5,410.852,138.9367
1223.75,421.32399999999996,141.25220000000002
1224.0,413.72300000000007,139.7595
1224.25,415.999,142.809
1224.5,400.586,140.1319
1224.75,390.571,133.6884
1225.0,402.196,139.1323
1225.25,398.597,139.3202
1225.5,389.41099999999994,127.5086
1225.75,408.547,133.5007
1226.0,385.21999999999997,125.9855
1226.25,400.51099999999997,127.09820000000002
1226.5,396.77600000000007,129.4215
1226.75,380.225,126.7733
1227.0,379.733,127.364
1227.25,384.332,127.9487
1227.5,401.01700000000005,131.9634
1227.75,391.045,128.8274
1228.0,382.449,128.56730000000002
1228.25,381.18499999999995,129.3338
1228.5,373.055,126.66890000000001
1228.75,368.914,126.3591
1229.0,379.373,126.6593
1229.25,396.42999999999995,138.8874
1229.5,429.66700000000003,151.981
1229.75,447.99800000000005,154.21529999999998
1230.0,441.008,152.8983
1230.25,427.28499999999997,147.07739999999998
1230.5,420.14599999999996,153.232
1230.75,406.99800000000005,146.99620000000002
1231.0,479.022,153.5376
1231.25,544.014,157.2445
1231.5,599.075,157.7944
1231.75,679.302,164.129
1232.0,662.823,159.9221
1232.25,714.477,166.44240000000002
1232.5,768.321,170.88869999999997
1232.75,745.261,174.345
1233.0,779.1179999999999,165.9549
1233.25,796.077,167.2125
1233.5,833.572,172.25979999999998
1233.75,878.644,191.6443
1234.0,922.4979999999998,209.60389999999998
1234.25,1229.213,305.666
1234.5,1186.089,294.9805
1234.75,1084.651,274.2815
1235.0,1263.772,302.149
1235.25,1277.976,310.43
1235.5,1302.478,311.413
1235.75,1374.792,321.34000000000003
1236.0,1390.437,322.416
1236.25,1358.667,306.225
1236.5,1331.4250000000002,307.642
1236.75,1334.082,304.212
1237.0,1274.313,303.481
1237.25,1249.396,300.425
1237.5,1222.834,296.7465
1237.75,1185.166,299.762
1238.0,1148.46,307.23199999999997
1238.25,1133.266,304.59000000000003
1238.5,1075.315,295.67600000000004
1238.75,1054.759,293.7024
1239.0,1050.466,295.0267
1239.25,1046.445,290.0972
1239.5,1031.617,286.8934
1239.75,1042.21,287.0765
1240.0,1039.371,288.4625
1240.25,1017.2070000000001,289.74
1240.5,983.004,286.4407
1240.75,962.5919999999999,273.988
1241.0,923.61,263.4216
1241.25,904.6109999999999,257.4519
1241.5,912.828,258.0779
1241.75,891.528,260.2089
1242.0,880.255,264.1055
1242.25,878.149,259.4575
1242.5,843.5319999999999,255.07119999999998
1242.75,820.108,245.9685
1243.0,826.642,249.90090000000004
1243.25,779.599,239.23749999999998
1243.5,783.769,234.32510000000002
1243.75,768.4579999999999,223.35219999999998
1244.0,729.4970000000001,225.267
1244.25,734.282,225.30349999999999
1244.5,728.933,224.4393
1244.75,740.8489999999999,226.4318
1245.0,609.893,186.6684
1245.25,451.78700000000003,121.5874
1245.5,428.30600000000004,116.9981
1245.75,421.586,116.4392
1246.0,417.783,125.85569999999998
1246.25,428.099,130.9699
1246.5,427.90099999999995,132.6936
1246.75,419.834,135.2602
1247.0,419.336,133.9219
1247.25,405.93199999999996,130.1816
1247.5,413.848,133.143
1247.75,427.202,137.7386
1248.0,400.74800000000005,131.67180000000002
1248.25,414.548,141.0198
1248.5,403.925,141.0274
1248.75,414.914,142.6505
1249.0,413.73900000000003,142.7991
1249.25,407.16700000000003,138.2509
1249.5,400.75000000000006,133.9255
1249.75,407.474,138.764
1250.0,398.351,135.1149
1250.25,395.35600000000005,138.1778
1250.5,401.009,141.5404
1250.75,409.31000000000006,141.56709999999998
1251.0,393.66499999999996,137.65269999999998
1251.25,385.961,132.2334
1251.5,382.29499999999996,133.4057
1251.75,389.31100000000004,135.9528
1252.0,376.168,130.82549999999998
1252.25,375.089,132.9951
1252.5,361.498,129.8561
1252.75,376.154,134.39549999999997
1253.0,379.06,132.9488
1253.25,367.21000000000004,129.3127
1253.5,368.534,132.27530000000002
1253.75,366.98199999999997,132.98770000000002
1254.0,375.52,134.8316
1254.25,367.976,136.93970000000002
1254.5,345.239,130.84320000000002
1254.75,348.755,129.534
1255.0,356.395,125.46289999999999
1255.25,389.932,126.904
1255.5,385.71500000000003,124.3133
1255.75,374.092,124.3704
1256.0,343.018,124.0107
1256.25,346.38800000000003,126.3358
1256.5,377.756,129.9355
1256.75,391.75700000000006,131.885
1257.0,404.32399999999996,137.0378
1257.25,423.17600000000004,141.21499999999997
1257.5,440.59400000000005,142.59120000000001
1257.75,423.602,141.9701
1258.0,428.49800000000005,143.2659
1258.25,431.56600000000003,137.1685
1258.5,383.702,132.8059
1258.75,360.284,127.43499999999999
1259.0,375.437,130.3698
1259.25,390.713,131.0253
1259.5,410.94399999999996,133.1959
1259.75,412.255,132.4801
1260.0,398.141,124.656
1260.25,414.61699999999996,122.607
1260.5,397.75700000000006,122.1928
1260.75,403.31499999999994,124.5735
1261.0,385.12300000000005,125.33870000000002
1261.25,390.65500000000003,124.973
1261.5,419.761,129.7423
1261.75,433.519,126.1012
1262.0,411.541,121.6236
1262.25,406.088,125.6434
1262.5,399.5,130.2074
1262.75,400.865,135.0281
1263.0,400.277,129.8483
1263.25,404.372,130.2288
1263.5,391.432,132.3829
1263.75,401.341,137.2715
1264.0,408.23299999999995,132.5802
1264.25,401.981,130.22899999999998
1264.5,383.159,124.1615
1264.75,384.46000000000004,120.359
1265.0,400.06999999999994,118.3725
1265.25,399.383,120.2898
1265.5,397.408,119.6645
1265.75,392.0,119.9767
1266.0,389.51300000000003,115.5416
1266.25,385.66999999999996,120.21799999999999
1266.5,381.688,121.94030000000001
1266.75,366.455,113.3913
1267.0,376.83299999999997,116.79659999999998
1267.25,389.30899999999997,120.9707
1267.5,412.856,120.9893
1267.75,413.119,128.61669999999998
1268.0,415.54599999999994,128.4706
1268.25,394.351,122.7359
1268.5,391.256,124.7127
1268.75,395.10699999999997,125.7183
1269.0,406.321,127.181
1269.25,414.217,129.45850000000002
1269.5,406.739,129.4717
1269.75,409.00700000000006,128.4476
1270.0,415.07900000000006,131.1949
1270.25,408.40900000000005,132.0058
1270.5,399.41299999999995,129.7434
1270.75,392.56999999999994,132.3378
1271.0,412.696,136.9297
1271.25,405.544,132.7668
1271.5,411.89300000000003,135.5752
1271.75,421.043,137.9173
1272.0,408.99199999999996,139.6558
1272.25,412.74199999999996,141.10660000000001
1272.5,404.215,138.6979
1272.75,390.644,137.38920000000002
1273.0,387.302,140.4499
1273.25,385.25,138.7807
1273.5,390.658,131.2137
1273.75,386.12199999999996,132.9197
1274.0,377.174,132.9714
1274.25,391.217,139.9149
1274.5,388.793,135.75189999999998
1274.75,372.487,132.82139999999998
1275.0,362.05899999999997,130.37619999999998
1275.25,364.93399999999997,132.5236
1275.5,362.418,133.80220000000003
1275.75,360.357,134.3348
1276.0,356.094,133.3349
1276.25,353.665,135.2135
1276.5,351.399,136.1648
1276.75,346.655,133.4788
1277.0,351.863,135.1265
1277.25,348.23,132.9824
1277.5,363.044,134.5564
1277.75,358.727,134.4494
1278.0,355.366,132.6398
1278.25,347.80899999999997,129.0822
1278.5,343.492,130.01749999999998
1278.75,340.05600000000004,131.5851
1279.0,335.59799999999996,128.2708
1279.25,333.327,129.2768
1279.5,326.79499999999996,128.787
1279.75,320.561,127.3494
1280.0,300.729,129.0376
1280.25,302.78,127.19139999999999
1280.5,301.261,119.84029999999998
1280.75,312.353,120.20840000000001
1281.0,326.44599999999997,124.4975
1281.25,329.049,124.41420000000001
1281.5,341.369,125.13129999999998
1281.75,339.515,125.10759999999999
1282.0,334.494,124.9048
1282.25,341.378,125.18019999999999
1282.5,310.674,122.3465
1282.75,349.564,130.1735
1283.0,352.82899999999995,130.24020000000002
1283.25,373.231,136.74380000000002
1283.5,381.51800000000003,133.4668
1283.75,391.424,130.24020000000002
1284.0,397.176,130.1851
1284.25,404.05400000000003,131.3524
1284.5,395.20899999999995,132.4119
1284.75,422.978,139.0199
1285.0,387.602,133.7353
1285.25,411.11199999999997,136.2029
1285.5,416.81000000000006,133.3304
1285.75,432.443,135.796
1286.0,423.169,132.1346
1286.25,428.041,126.19030000000001
1286.5,431.07899999999995,126.70669999999998
1286.75,418.655,124.12780000000001
1287.0,432.12699999999995,129.67069999999998
1287.25,430.24,127.9235
1287.5,406.722,125.91709999999999
1287.75,410.186,124.63759999999999
1288.0,423.15700000000004,125.8271
1288.25,422.552,125.1094
1288.5,424.31499999999994,125.4812
1288.75,432.63599999999997,123.03470000000002
1289.0,446.23900000000003,128.0742
1289.25,448.609,130.2293
1289.5,459.836,138.4942
1289.75,440.59099999999995,133.83870000000002
1290.0,429.04900000000004,127.9085
1290.25,413.45000000000005,120.6724
1290.5,420.72700000000003,122.452
1290.75,420.053,125.0158
1291.0,436.19,125.8969
1291.25,446.241,130.4454
1291.5,470.049,130.7256
1291.75,477.471,133.2182
1292.0,468.006,132.8141
1292.25,473.00300000000004,131.381
1292.5,489.338,133.36360000000002
1292.75,477.078,125.0796
1293.0,480.645,127.4509
1293.25,480.40900000000005,132.3674
1293.5,492.164,137.25009999999997
1293.75,493.38,134.733
1294.0,480.556,129.9665
1294.25,464.59899999999993,128.9842
1294.5,472.773,133.29739999999998
1294.75,467.85699999999997,132.7181
1295.0,467.668,133.7833
1295.25,462.989,136.4626
1295.5,484.605,143.63780000000003
1295.75,478.236,135.01069999999999
1296.0,452.00699999999995,133.3049
1296.25,452.316,130.566
1296.5,437.624,131.9607
1296.75,425.197,132.6329
1297.0,435.55899999999997,138.41860000000003
1297.25,438.60400000000004,146.2329
1297.5,441.23999999999995,145.6194
1297.75,432.544,132.9006
1298.0,435.076,133.5914
1298.25,432.304,138.6756
1298.5,436.55,140.4573
1298.75,422.55100000000004,139.7636
1299.0,417.93399999999997,141.9842
1299.25,412.98499999999996,142.1946
1299.5,426.16099999999994,144.5348
1299.75,420.51800000000003,136.95659999999998
1300.0,414.076,133.987
1300.25,411.53,136.70680000000002
1300.5,393.281,131.8047
1300.75,385.93600000000004,128.52949999999998
1301.0,410.509,133.2121
1301.25,425.18899999999996,150.3259
1301.5,439.68500000000006,155.4592
1301.75,430.874,151.5454
1302.0,460.60400000000004,153.9006
1302.25,486.16099999999994,157.9963
1302.5,490.817,157.3709
1302.75,468.34299999999996,156.97820000000002
1303.0,531.761,154.6977
1303.25,626.142,161.9154
1303.5,694.197,162.8869
1303.75,793.191,168.5985
1304.0,796.518,169.687
1304.25,874.021,181.6542
1304.5,944.197,187.311
1304.75,1018.909,188.5659
1305.0,1068.807,196.96099999999998
1305.25,1067.179,191.1787
1305.5,1116.2020000000002,207.9737
1305.75,1152.008,206.78900000000002
1306.0,1142.132,210.7492
1306.25,1157.1680000000001,209.1927
1306.5,1173.614,212.0736
1306.75,1179.4099999999999,213.1742
1307.0,1201.162,209.11919999999998
1307.25,1193.397,211.9854
1307.5,1201.0410000000002,210.8607
1307.75,1259.279,218.69850000000002
1308.0,1301.2849999999999,225.6347
1308.25,1285.7849999999999,222.2496
1308.5,1283.5339999999999,221.6751
1308.75,1248.743,217.6737
1309.0,1180.681,209.4549
1309.25,1113.364,206.23559999999998
1309.5,1099.147,202.26940000000002
1309.75,1054.321,203.1162
1310.0,966.4259999999999,192.9035
1310.25,947.8990000000001,184.6111
1310.5,886.1410000000001,180.743
1310.75,851.4789999999998,181.1337
1311.0,853.613,180.7251
1311.25,840.235,179.3155
1311.5,828.841,178.7617
1311.75,810.125,177.3044
1312.0,785.866,175.5176
1312.25,778.2400000000001,176.017
1312.5,752.01,175.655
1312.75,719.617,178.01569999999998
1313.0,678.5740000000001,175.74880000000002
1313.25,651.19,171.7966
1313.5,631.075,173.9895
1313.75,597.083,175.5838
1314.0,591.02,171.55
1314.25,585.402,165.6621
1314.5,566.7919999999999,161.4793
1314.75,582.966,164.8067
1315.0,591.3919999999999,169.50740000000002
1315.25,581.256,164.8274
1315.5,608.762,161.8056
1315.75,630.479,157.4546
1316.0,600.101,158.5388
1316.25,576.68,159.7002
1316.5,567.4929999999999,157.4033
1316.75,581.1949999999999,154.7867
1317.0,573.839,147.9117
1317.25,553.126,149.6294
1317.5,557.156,152.53640000000001
1317.75,547.01,156.7064
1318.0,542.684,150.0845
1318.25,531.9169999999999,148.969
1318.5,519.1669999999999,148.773
1318.75,527.546,158.75889999999998
1319.0,531.737,157.7542
1319.25,543.223,160.4164
1319.5,548.744,169.5239
1319.75,549.407,163.0358
1320.0,535.276,161.5645
1320.25,519.692,156.7902
1320.5,506.574,159.2491
1320.75,510.4,160.89260000000002
1321.0,501.93,154.1371
1321.25,503.993,156.0246
1321.5,514.567,161.1193
1321.75,519.491,166.9991
1322.0,503.15500000000003,168.30610000000001
1322.25,497.58500000000004,164.6544
1322.5,485.51300000000003,161.74280000000002
1322.75,481.499,152.69469999999998
1323.0,477.353,149.6544
1323.25,472.961,152.5285
1323.5,481.192,154.6011
1323.75,476.337,147.1484
1324.0,463.408,143.2736
1324.25,459.028,142.21529999999998
1324.5,447.067,138.55249999999998
1324.75,442.30100000000004,138.7949
1325.0,461.921,138.9307
1325.25,489.93899999999996,150.5297
1325.5,516.999,165.922
1325.75,510.18600000000004,164.096
1326.0,526.001,167.5365
1326.25,520.439,165.4449
1326.5,506.76,166.5362
1326.75,524.998,171.7502
1327.0,601.14,165.3952
1327.25,704.5740000000001,175.2034
1327.5,861.355,187.25209999999998
1327.75,953.719,194.4775
1328.0,1029.052,199.3177
1328.25,1121.71,209.8567
1328.5,1171.639,217.11739999999998
1328.75,1206.5230000000001,218.4684
1329.0,1261.484,226.7204
1329.25,1277.7,219.1631
1329.5,1305.729,227.6599
1329.75,1356.068,236.2634
1330.0,1344.438,240.05650000000003
1330.25,1337.3029999999999,231.7321
1330.5,1281.213,230.1628
1330.75,1273.746,228.99970000000002
1331.0,1301.87,226.3539
1331.25,1316.951,228.0724
1331.5,1340.604,229.69559999999998
1331.75,1383.3709999999999,240.5464
1332.0,1393.676,251.85410000000002
1332.25,1386.145,241.66240000000002
1332.5,1340.897,228.3503
1332.75,1306.745,225.553
1333.0,1259.387,226.4803
1333.25,1217.447,215.4328
1333.5,1139.202,208.59769999999997
1333.75,1085.408,209.5709
1334.0,1025.219,209.26430000000002
1334.25,951.0590000000001,186.8413
1334.5,838.0070000000001,181.6325
1334.75,816.703,180.22050000000002
1335.0,746.722,176.3333
1335.25,112.2577,57.9159
1335.5,74.10470000000001,54.0746
1335.75,73.39489999999999,55.9695
1336.0,77.3588,54.4468
1336.25,75.81549999999999,51.8839
1336.5,80.16409999999999,54.8368
1336.75,586.854,136.2844
1337.0,388.057,96.7558
1337.25,365.098,96.57430000000001
1337.5,350.799,98.10319999999999
1337.75,574.2059999999999,159.6496
1338.0,587.788,171.9108
1338.25,889.712,153.1154
1338.5,867.96,154.85569999999998
1338.75,832.862,248.8807
1339.0,780.086,131.2597
1339.25,858.9649999999999,153.2466
1339.5,669.1669999999999,169.4176
1339.75,656.265,150.0928
1340.0,609.177,144.7492
1340.25,609.178,150.00959999999998
1340.5,603.215,150.2439
1340.75,626.21,151.9299
1341.0,610.4590000000001,147.8006
1341.25,613.4490000000001,146.5723
1341.5,627.287,157.2398
1341.75,625.765,160.7737
1342.0,608.904,159.4708
1342.25,602.384,157.8653
1342.5,592.8109999999999,163.13150000000002
1342.75,585.056,156.08440000000002
1343.0,590.8,153.1138
1343.25,598.922,156.48829999999998
1343.5,603.7090000000001,158.84840000000003
1343.75,597.302,164.4001
1344.0,564.083,154.608
1344.25,565.539,162.2586
1344.5,563.291,168.554
1344.75,529.0319999999999,167.3389
1345.0,529.842,161.42270000000002
1345.25,533.1030000000001,144.1398
1345.5,532.619,139.24939999999998
1345.75,538.4639999999999,143.2167
1346.0,538.017,147.0699
1346.25,541.2,149.7841
1346.5,529.9259999999999,147.4248
1346.75,527.119,146.9699
1347.0,518.179,149.55
1347.25,514.8119999999999,147.0029
1347.5,515.001,146.3315
1347.75,507.374,146.2467
1348.0,502.02099999999996,146.9665
1348.25,490.539,143.77100000000002
1348.5,482.531,146.9651
1348.75,486.786,148.0642
1349.0,523.485,160.144
1349.25,552.405,174.04479999999998
1349.5,552.5840000000001,175.5161
1349.75,555.8190000000001,172.6689
1350.0,580.375,171.6007
1350.25,562.884,168.71120000000002
1350.5,555.833,173.4213
1350.75,560.6479999999999,173.0413
1351.0,638.124,176.5083
1351.25,760.239,183.322
1351.5,891.4569999999999,194.85070000000002
1351.75,1029.1,200.9006
1352.0,1061.008,213.10970000000003
1352.25,1160.179,222.58180000000002
1352.5,1197.526,220.7855
1352.75,1272.393,222.7387
1353.0,1323.873,225.6994
1353.25,1327.7060000000001,227.04090000000002
1353.5,1337.708,230.0138
1353.75,1352.157,237.0947
1354.0,1279.6190000000001,232.90749999999997
1354.25,1278.945,231.69060000000002
1354.5,1276.707,234.39559999999997
1354.75,1239.881,227.37550000000002
1355.0,1306.662,231.7568
1355.25,1292.789,236.1334
1355.5,1297.052,236.3536
1355.75,1343.607,243.5799
1356.0,1330.817,245.64030000000002
1356.25,1333.332,235.99339999999998
1356.5,1315.404,232.76619999999997
1356.75,1302.766,223.4681
1357.0,1210.487,219.90460000000002
1357.25,1382.2,287.45320000000004
1357.5,1450.573,323.988
1357.75,1382.809,322.57
1358.0,1334.695,319.258
1358.25,1249.8760000000002,313.128
1358.5,1111.7859999999998,281.2333
1358.75,1063.887,284.9134
1359.0,1040.185,289.9492
1359.25,1038.094,293.85540000000003
1359.5,1054.9900000000002,306.411
1359.75,1043.191,300.88300000000004
1360.0,1035.592,308.434
1360.25,1030.486,303.951
1360.5,971.9860000000001,294.1693
1360.75,960.9179999999999,296.0124
1361.0,931.311,280.64029999999997
1361.25,935.928,288.0571
1361.5,882.7739999999999,276.2356
1361.75,877.246,282.07669999999996
1362.0,854.671,277.733
1362.25,854.2810000000001,275.2276
1362.5,828.3910000000001,272.2924
1362.75,813.6879999999999,265.6908
1363.0,827.077,262.89639999999997
1363.25,841.6659999999999,260.9715
1363.5,864.154,259.8529
1363.75,855.0699999999999,258.0718
1364.0,787.435,261.496
1364.25,779.037,264.2986
1364.5,795.502,266.0705
1364.75,766.336,257.2098
1365.0,602.437,190.3869
1365.25,484.87699999999995,143.617
1365.5,481.745,145.4048
1365.75,457.86199999999997,140.9468
1366.0,449.361,141.5867
1366.25,469.88599999999997,146.7021
1366.5,455.067,144.76069999999999
1366.75,433.587,142.8025
1367.0,438.569,144.3565
1367.25,431.246,135.8625
1367.5,445.221,139.5075
1367.75,440.246,138.42430000000002
1368.0,417.17600000000004,137.9299
1368.25,436.36499999999995,145.9597
1368.5,439.433,151.6879
1368.75,433.95799999999997,135.56189999999998
1369.0,447.66200000000003,140.5828
1369.25,423.70899999999995,134.4959
1369.5,425.351,137.0668
1369.75,437.196,140.42950000000002
1370.0,440.788,136.9809
1370.25,439.29499999999996,134.7311
1370.5,441.59999999999997,135.1728
1370.75,431.287,132.6755
1371.0,413.46500000000003,128.0551
1371.25,415.73,126.00550000000001
1371.5,409.52,125.8177
1371.75,415.69899999999996,126.5881
1372.0,419.98900000000003,131.3059
1372.25,408.28600000000006,127.0814
1372.5,400.16,125.7611
1372.75,414.818,134.0994
1373.0,411.172,132.2476
1373.25,434.159,146.9256
1373.5,453.69100000000003,150.38909999999998
1373.75,457.21999999999997,153.1317
1374.0,465.613,151.63850000000002
1374.25,486.54499999999996,148.32559999999998
1374.5,473.557,149.0685
1374.75,477.529,150.00740000000002
1375.0,572.335,156.5091
1375.25,693.15,165.06009999999998
1375.5,736.5,174.0126
1375.75,782.56,171.53
1376.0,848.494,171.68
1376.25,924.6579999999999,179.9041
1376.5,997.9630000000001,189.868
1376.75,1316.302,303.997
1377.0,1387.81,326.01800000000003
1377.25,1392.571,307.971
1377.5,1432.2369999999999,314.711
1377.75,1464.196,315.038
1378.0,1435.028,314.222
1378.25,1449.677,317.708
1378.5,1459.938,307.76599999999996
1378.75,1451.846,318.005
1379.0,1468.9569999999999,321.21500000000003
1379.25,1504.736,342.36
1379.5,1590.2240000000002,350.089
1379.75,1603.6970000000001,354.012
1380.0,1611.659,365.983
1380.25,1594.538,361.428
1380.5,1548.166,344.832
1380.75,1511.576,331.811
1381.0,1465.147,333.16700000000003
1381.25,1378.318,316.584
1381.5,1267.645,295.7778
1381.75,1229.134,300.964
1382.0,1200.345,304.101
1382.25,1183.42,315.394
1382.5,1131.184,306.309
1382.75,1152.529,304.026
1383.0,1133.292,302.012
1383.25,1136.234,306.009
1383.5,1106.1039999999998,293.72900000000004
1383.75,1111.5610000000001,306.612
1384.0,1082.2849999999999,297.0353
1384.25,1054.3700000000001,301.923
1384.5,1045.413,306.63599999999997
1384.75,1029.0720000000001,309.944
1385.0,1000.059,303.371
1385.25,970.425,295.9189
1385.5,927.351,288.3709
1385.75,913.126,296.5602
1386.0,923.845,279.9335
1386.25,912.9189999999999,270.39529999999996
1386.5,874.921,259.8945
1386.75,610.586,158.36939999999998
1387.0,599.05,156.728
1387.25,615.4780000000001,161.6361
1387.5,623.47,156.1067
1387.75,593.6030000000001,147.2457
1388.0,528.0889999999999,144.38330000000002
1388.25,521.9659999999999,146.9375
1388.5,515.399,146.1212
1388.75,480.947,139.09070000000003
1389.0,477.332,134.5614
1389.25,461.855,128.6559
1389.5,459.47299999999996,129.2088
1389.75,458.45000000000005,129.1533
1390.0,439.13,126.34469999999999
1390.25,454.463,128.5683
1390.5,445.26800000000003,126.94579999999999
1390.75,443.64799999999997,129.9923
1391.0,451.06399999999996,130.9173
1391.25,447.366,134.7797
1391.5,453.821,133.2063
1391.75,450.674,132.75150000000002
1392.0,460.88199999999995,145.0704
1392.25,450.945,142.9538
1392.5,442.638,138.8768
1392.75,444.523,139.3649
1393.0,450.97900000000004,145.3342
1393.25,445.014,146.4328
1393.5,460.346,148.49779999999998
1393.75,465.043,144.0419
1394.0,458.076,140.8453
1394.25,461.741,142.8407
1394.5,454.525,143.7826
1394.75,447.82000000000005,145.37959999999998
1395.0,440.336,142.0143
1395.25,441.613,144.4451
1395.5,439.09099999999995,147.73669999999998
1395.75,443.74,151.5816
1396.0,437.909,148.1012
1396.25,437.242,136.56900000000002
1396.5,435.41299999999995,132.0104
1396.75,480.577,151.0182
1397.0,473.654,158.4689
1397.25,485.06600000000003,161.2237
1397.5,529.057,162.85999999999999
1397.75,530.3309999999999,158.8383
1398.0,535.389,162.3961
1398.25,534.6279999999999,161.5815
1398.5,517.8109999999999,160.0455
1398.75,525.96,164.55270000000002
1399.0,611.476,162.2183
1399.25,687.537,161.5042
1399.5,768.741,175.2748
1399.75,882.297,188.1222
1400.0,908.5390000000001,191.0515
1400.25,970.2420000000001,190.68280000000001
1400.5,1006.405,202.96390000000002
1400.75,1062.237,201.4255
1401.0,1142.122,208.8608
1401.25,1206.97,212.7126
1401.5,1199.3049999999998,218.04469999999998
1401.75,1219.549,216.8493
1402.0,1188.691,216.53910000000002
1402.25,1186.768,215.22770000000003
1402.5,1157.032,207.96390000000002
1402.75,1160.9109999999998,205.89530000000002
1403.0,1167.221,209.7763
1403.25,1215.8980000000001,220.77939999999998
1403.5,1171.825,216.2049
1403.75,1254.9370000000001,224.2194
1404.0,1180.518,202.7339
1404.25,1208.126,206.04319999999998
1404.5,1157.544,200.4641
1404.75,1155.934,205.4946
1405.0,1113.4340000000002,196.5335
1405.25,962.8209999999999,184.68959999999998
1405.5,847.915,181.339
1405.75,777.2460000000001,182.6071
1406.0,727.5690000000001,177.7972
1406.25,683.7470000000001,174.2363
1406.5,612.92,168.2634
1406.75,601.0500000000001,174.8023
1407.0,600.186,174.0319
1407.25,597.278,173.324
1407.5,586.134,170.6331
1407.75,579.405,169.7122
1408.0,566.229,166.66230000000002
1408.25,562.116,165.695
1408.5,558.936,165.6713
1408.75,541.241,159.04059999999998
1409.0,546.0690000000001,145.6882
1409.25,524.0160000000001,146.655
1409.5,545.842,142.90410000000003
1409.75,506.595,147.5019
1410.0,544.262,161.4411
1410.25,559.127,159.9005
1410.5,512.558,146.2398
1410.75,487.14199999999994,138.1807
1411.0,503.006,139.5806
1411.25,527.0600000000001,144.0765
1411.5,536.363,141.2904
1411.75,528.662,133.59550000000002
1412.0,494.57900000000006,132.1225
1412.25,488.774,137.378
1412.5,448.55899999999997,129.4425
1412.75,441.02299999999997,130.1849
1413.0,453.84499999999997,128.6592
1413.25,457.114,131.7184
1413.5,428.063,123.95590000000001
1413.75,427.78999999999996,124.03089999999999
1414.0,422.19800000000004,124.4605
1414.25,417.079,129.4069
1414.5,414.87800000000004,127.41460000000001
1414.75,423.738,128.6386
1415.0,413.012,127.32629999999999
1415.25,417.32599999999996,131.6005
1415.5,434.081,136.1885
1415.75,431.92,136.2335
1416.0,414.38800000000003,136.2871
1416.25,392.59099999999995,130.023
1416.5,396.904,126.77189999999999
1416.75,393.10400000000004,123.28229999999999
1417.0,408.115,127.47149999999999
1417.25,426.53599999999994,136.0607
1417.5,427.35699999999997,137.5553
1417.75,420.818,138.3036
1418.0,417.47400000000005,140.6844
1418.25,419.91200000000003,143.21120000000002
1418.5,420.1,143.5105
1418.75,412.096,142.6221
1419.0,404.06000000000006,140.204
1419.25,397.53400000000005,139.0344
1419.5,398.6,140.618
1419.75,404.54200000000003,143.5922
1420.0,397.66099999999994,141.7459
1420.25,398.495,135.1709
1420.5,390.971,137.37369999999999
1420.75,390.53,137.3125
1421.0,390.869,132.50259999999997
1421.25,390.913,134.4865
1421.5,382.53200000000004,129.8019
1421.75,383.9,130.40630000000002
1422.0,394.438,131.7057
1422.25,384.40599999999995,129.82420000000002
1422.5,380.386,134.5145
1422.75,365.121,131.21800000000002
1423.0,366.917,131.959
1423.25,372.23199999999997,136.2176
1423.5,367.409,131.643
1423.75,359.373,131.7911
1424.0,363.865,132.9541
1424.25,366.943,133.4769
1424.5,358.498,127.084
1424.75,394.577,134.0634
1425.0,406.586,135.55149999999998
1425.25,416.64599999999996,136.9235
1425.5,424.807,138.20510000000002
1425.75,432.649,143.49079999999998
1426.0,412.364,138.9862
1426.25,418.247,131.83499999999998
1426.5,380.39,130.6711
1426.75,379.453,134.125
1427.0,409.85799999999995,137.2502
1427.25,395.57300000000004,132.1987
1427.5,401.65100000000007,137.363
1427.75,424.76800000000003,144.94819999999999
1428.0,433.06399999999996,146.96609999999998
1428.25,432.264,141.762
1428.5,457.861,140.0565
1428.75,472.058,137.5613
1429.0,409.912,134.6521
1429.25,410.28999999999996,133.1304
1429.5,472.31100000000004,142.02620000000002
1429.75,448.832,140.5433
1430.0,459.27200000000005,136.0813
1430.25,461.552,128.85399999999998
1430.5,441.52099999999996,129.2472
1430.75,442.796,127.10730000000001
1431.0,436.244,123.9936
1431.25,434.675,127.761
1431.5,423.98400000000004,133.44549999999998
1431.75,425.225,136.5562
1432.0,428.94800000000004,133.7131
1432.25,423.269,131.19830000000002
1432.5,414.102,128.6839
1432.75,428.996,129.06709999999998
1433.0,468.09000000000003,134.46300000000002
1433.25,436.292,132.45960000000002
1433.5,457.128,139.2937
1433.75,517.949,145.04240000000001
1434.0,490.06600000000003,144.738
1434.25,479.44100000000003,144.5553
1434.5,476.87,136.69780000000003
1434.75,467.21900000000005,139.5625
1435.0,476.575,141.93490000000003
1435.25,486.203,137.0286
1435.5,521.343,143.51170000000002
1435.75,524.237,142.5289
1436.0,485.0079999999999,137.0281
1436.25,519.539,144.207
1436.5,489.571,142.4955
1436.75,451.13599999999997,136.5982
1437.0,452.904,140.0968
1437.25,451.36,135.7894
1437.5,480.332,142.7731
1437.75,490.06,145.9563
1438.0,462.952,139.9427
1438.25,443.69,138.39780000000002
1438.5,450.584,140.623
1438.75,456.31899999999996,135.4819
1439.0,468.659,138.7769
1439.25,468.48499999999996,137.1885
1439.5,462.18999999999994,140.244
1439.75,451.712,141.6541
1440.0,430.05499999999995,142.56130000000002
1440.25,424.363,140.744
1440.5,425.131,146.2765
1440.75,418.03999999999996,140.24689999999998
1441.0,418.54100000000005,143.19549999999998
1441.25,418.292,147.0148
1441.5,416.574,139.52820000000003
1441.75,402.253,133.9108
1442.0,404.05899999999997,134.6107
1442.25,408.308,132.8224
1442.5,396.03200000000004,133.3584
1442.75,394.769,137.0224
1443.0,378.25,134.9823
1443.25,382.10499999999996,138.3397
1443.5,377.918,138.09130000000002
1443.75,375.38800000000003,136.7296
1444.0,374.565,138.51069999999999
1444.25,368.92,138.9897
1444.5,373.391,137.6608
1444.75,373.38700000000006,136.5276
1445.0,373.414,132.2133
1445.25,364.577,128.7898
1445.5,373.534,127.47540000000001
1445.75,370.345,127.3819
1446.0,376.373,130.2593
1446.25,377.618,128.8201
1446.5,354.11800000000005,127.1925
1446.75,343.812,127.9098
1447.0,341.43899999999996,127.5778
1447.25,336.812,124.10830000000001
1447.5,344.212,126.969
1447.75,346.49,127.6848
1448.0,329.078,127.508
1448.25,326.236,128.5122
1448.5,333.09799999999996,132.8775
1448.75,350.30600000000004,135.3509
1449.0,368.16700000000003,138.6119
1449.25,371.044,139.6616
1449.5,380.534,139.08010000000002
1449.75,376.32099999999997,138.5684
1450.0,393.65099999999995,142.201
1450.25,389.012,144.44150000000002
1450.5,334.244,136.4787
1450.75,357.808,142.2304
1451.0,379.259,144.7789
1451.25,375.758,140.8306
1451.5,384.63800000000003,141.037
1451.75,405.48100000000005,147.2191
1452.0,399.886,146.31869999999998
1452.25,415.024,149.2825
1452.5,389.222,140.5198
1452.75,452.0079999999999,142.4491
1453.0,371.45,134.0811
1453.25,395.495,137.73059999999998
1453.5,417.794,139.6378
1453.75,437.042,141.2544
1454.0,425.35600000000005,132.5267
1454.25,460.063,135.7117
1454.5,425.481,133.8776
1454.75,452.318,134.8974
1455.0,419.702,137.1894
1455.25,446.359,138.83859999999999
1455.5,397.49,127.72999999999999
1455.75,398.58700000000005,127.7856
1456.0,402.295,125.30120000000001
1456.25,394.416,126.1557
1456.5,381.202,121.9865
1456.75,390.137,121.9539
1457.0,388.19899999999996,123.9693
1457.25,418.31800000000004,130.65439999999998
1457.5,397.56,120.0627
1457.75,414.024,123.62979999999999
1458.0,406.139,124.9492
1458.25,398.19800000000004,120.4194
1458.5,375.641,117.30460000000001
1458.75,383.555,123.9935
1459.0,386.95899999999995,122.09990000000002
1459.25,405.58900000000006,123.2313
1459.5,413.20099999999996,127.9666
1459.75,417.107,128.5246
1460.0,413.41999999999996,126.9886
1460.25,417.451,122.8615
1460.5,409.721,120.4717
1460.75,413.32399999999996,120.72310000000002
1461.0,429.64300000000003,124.25389999999999
1461.25,438.071,129.001
1461.5,438.394,128.8096
1461.75,431.462,121.4096
1462.0,420.11799999999994,122.93220000000002
1462.25,412.488,122.5172
1462.5,395.76800000000003,120.9549
1462.75,412.3299999999999,123.6438
1463.0,397.39700000000005,125.49000000000001
1463.25,398.957,127.13130000000001
1463.5,417.808,132.745
1463.75,417.295,132.3703
1464.0,403.321,130.3463
1464.25,432.03799999999995,130.28209999999999
1464.5,432.437,131.06169999999997
1464.75,398.15199999999993,127.0611
1465.0,411.82000000000005,130.26250000000002
1465.25,424.045,140.0315
1465.5,419.672,135.30349999999999
1465.75,415.334,132.44400000000002
1466.0,408.83899999999994,134.63309999999998
1466.25,414.169,137.225
1466.5,410.846,139.7824
1466.75,399.091,135.7767
1467.0,395.693,136.8866
1467.25,405.18500000000006,138.2161
1467.5,400.31800000000004,139.6416
1467.75,393.49600000000004,139.5191
1468.0,385.052,137.5969
1468.25,375.14,136.3051
1468.5,374.621,138.59539999999998
1468.75,372.028,131.2446
1469.0,373.514,127.0613
1469.25,373.593,126.4373
1469.5,386.015,129.87779999999998
1469.75,389.38,131.3311
1470.0,390.76099999999997,133.42079999999999
1470.25,391.289,132.40519999999998
1470.5,383.9,129.4499
1470.75,382.058,134.4368
1471.0,370.85900000000004,125.0845
1471.25,370.043,124.83339999999998
1471.5,374.539,119.84620000000001
1471.75,382.13800000000003,120.42280000000001
1472.0,362.516,118.67620000000001
1472.25,366.28000000000003,119.1071
1472.5,378.89,122.2495
1472.75,395.13800000000003,128.9707
1473.0,403.12,131.6031
1473.25,409.62100000000004,128.8552
1473.5,419.712,130.6298
1473.75,424.971,134.7947
1474.0,421.82900000000006,134.6681
1474.25,467.116,142.5412
1474.5,422.222,134.3043
1474.75,439.10900000000004,137.6464
1475.0,461.66499999999996,139.827
1475.25,466.492,138.8624
1475.5,490.575,142.5581
1475.75,523.311,152.1052
1476.0,515.414,146.5864
1476.25,449.90099999999995,132.7364
1476.5,492.754,130.9127
1476.75,482.157,130.5652
1477.0,466.033,127.8583
1477.25,457.429,133.6869
1477.5,443.486,130.041
1477.75,508.999,140.724
1478.0,498.224,146.1399
1478.25,499.443,142.586
1478.5,499.879,137.5853
1478.75,456.209,132.14620000000002
1479.0,448.5690000000001,129.0799
1479.25,445.51,131.0864
1479.5,419.301,128.9267
1479.75,477.273,138.2683
1480.0,446.185,135.4042
1480.25,450.435,134.6269
1480.5,444.738,129.98250000000002
1480.75,445.124,127.6584
1481.0,436.44100000000003,134.76389999999998
1481.25,447.82000000000005,134.57330000000002
1481.5,460.058,145.6694
1481.75,449.171,143.7283
1482.0,438.851,140.3765
1482.25,436.52299999999997,139.241
1482.5,448.06399999999996,144.51569999999998
1482.75,448.61300000000006,147.1207
1483.0,449.921,148.9642
1483.25,486.78799999999995,144.2119
1483.5,468.857,137.6928
1483.75,490.649,141.25060000000002
1484.0,484.91600000000005,136.6277
1484.25,487.442,141.5584
1484.5,538.2280000000001,147.6033
1484.75,489.10999999999996,137.70149999999998
1485.0,489.425,137.5241
1485.25,519.101,137.6692
1485.5,486.955,133.6397
1485.75,496.19899999999996,136.4013
1486.0,486.33500000000004,136.37869999999998
1486.25,480.838,136.3829
1486.5,479.369,141.615
1486.75,467.819,139.30689999999998
1487.0,464.668,138.6317
1487.25,468.995,145.0813
1487.5,472.56,150.8136
1487.75,472.31800000000004,142.86860000000001
1488.0,445.15100000000007,144.51409999999998
1488.25,448.712,145.7854
1488.5,439.28200000000004,141.3146
1488.75,445.23800000000006,147.0545
1489.0,450.889,150.6047
1489.25,445.922,146.90370000000001
1489.5,449.39300000000003,144.3853
1489.75,447.9,141.5069
1490.0,450.577,144.9215
1490.25,442.13800000000003,138.7808
1490.5,434.996,131.6514
1490.75,430.939,130.2437
1491.0,418.44499999999994,128.9822
1491.25,416.141,127.50880000000001
1491.5,414.725,132.2827
1491.75,415.433,132.9676
1492.0,407.668,132.0532
1492.25,406.04200000000003,132.568
1492.5,399.037,133.6476
1492.75,397.61300000000006,135.3236
1493.0,404.447,137.3237
1493.25,399.851,136.5627
1493.5,402.484,133.5632
1493.75,385.831,129.16660000000002
1494.0,393.028,133.8071
1494.25,384.48699999999997,131.5102
1494.5,365.419,133.4985
1494.75,372.119,139.2612
1495.0,375.141,138.8579
1495.25,378.938,145.8355
1495.5,392.92999999999995,141.4676
1495.75,388.74800000000005,144.5951
1496.0,355.312,137.6827
1496.25,363.635,138.49200000000002
1496.5,358.571,130.7953
1496.75,377.953,130.7698
1497.0,395.826,123.544
1497.25,402.826,125.627
1497.5,424.009,128.3658
1497.75,431.626,131.4181
1498.0,434.03100000000006,131.37609999999998
1498.25,437.524,131.3637
1498.5,418.9440000000001,126.46470000000001
1498.75,411.45799999999997,127.912
1499.0,433.922,130.9414
1499.25,453.73400000000004,130.2092
1499.5,460.39700000000005,129.4102
1499.75,473.679,127.4837
1500.0,473.532,127.30779999999999
1500.25,471.253,125.6495
1500.5,478.97900000000004,136.5827
1500.75,486.41700000000003,141.4744
1501.0,469.161,140.6256
1501.25,452.992,133.2515
1501.5,463.12300000000005,135.9213
1501.75,466.918,134.8494
1502.0,463.02,133.87959999999998
1502.25,468.62500000000006,136.4673
1502.5,480.457,138.9292
1502.75,493.203,142.8965
1503.0,500.314,144.4692
1503.25,488.30899999999997,139.2975
1503.5,461.54699999999997,136.3735
1503.75,437.32000000000005,128.1204
1504.0,450.75899999999996,130.6727
1504.25,459.381,131.511
1504.5,461.697,130.4433
1504.75,454.37199999999996,128.3899
1505.0,458.283,129.4826
1505.25,465.642,128.5995
1505.5,464.358,128.9481
1505.75,487.37899999999996,137.79469999999998
1506.0,483.65199999999993,137.5034
1506.25,472.68999999999994,134.428
1506.5,451.62699999999995,130.96370000000002
1506.75,459.93600000000004,131.9907
1507.0,469.37899999999996,133.0609
1507.25,495.592,134.3299
1507.5,506.682,131.2975
1507.75,523.506,138.5876
1508.0,523.306,149.0923
1508.25,525.071,143.4971
1508.5,521.046,137.82500000000002
1508.75,519.114,135.4339
1509.0,505.976,132.4477
1509.25,532.12,135.4993
1509.5,528.575,133.6976
1509.75,536.8900000000001,137.9629
1510.0,520.635,130.761
1510.25,527.307,133.276
1510.5,516.798,133.26229999999998
1510.75,521.816,137.7103
1511.0,518.15,138.4896
1511.25,512.704,137.22809999999998
1511.5,506.401,139.5661
1511.75,510.332,142.8856
1512.0,493.681,142.929
1512.25,505.779,147.94639999999998
1512.5,486.047,146.42340000000002
1512.75,483.621,144.2962
1513.0,479.965,142.0281
1513.25,473.73800000000006,145.3849
1513.5,479.73499999999996,148.54070000000002
1513.75,481.06899999999996,154.40210000000002
1514.0,475.2660000000001,152.4459
1514.25,470.386,150.579
1514.5,472.999,152.0023
1514.75,460.808,149.8644
1515.0,454.37,149.3365
1515.25,451.73,140.7379
1515.5,449.499,142.72039999999998
1515.75,452.489,147.5301
1516.0,448.162,150.057
1516.25,445.27099999999996,144.8875
1516.5,444.047,145.0276
1516.75,451.80499999999995,151.3803
1517.0,449.3,152.2808
1517.25,438.98400000000004,149.1509
1517.5,444.18199999999996,148.9349
1517.75,444.16999999999996,147.8369
1518.0,446.59099999999995,148.5045
1518.25,460.416,153.32659999999998
1518.5,452.545,147.91899999999998
1518.75,452.61199999999997,150.21179999999998
1519.0,466.937,145.5059
1519.25,480.16499999999996,145.10969999999998
1519.5,499.197,147.7545
1519.75,517.162,139.332
1520.0,478.12300000000005,137.8409
1520.25,502.42,138.679
1520.5,511.962,140.9327
1520.75,541.632,145.1111
1521.0,575.019,151.6576
1521.25,570.75,154.2861
1521.5,595.366,158.0402
1521.75,592.593,157.70119999999997
1522.0,597.5999999999999,167.3159
1522.25,591.604,158.425
1522.5,602.19,174.6136
1522.75,632.277,180.7266
1523.0,642.861,178.83530000000002
1523.25,680.5989999999999,184.0238
1523.5,714.99,185.88670000000002
1523.75,735.864,192.1908
1524.0,749.071,194.7309
1524.25,739.485,194.4366
1524.5,684.818,181.0319
1524.75,658.399,161.67510000000001
1525.0,666.495,152.918
1525.25,693.681,154.1839
1525.5,706.672,157.9511
1525.75,723.133,157.5636
1526.0,752.143,166.72070000000002
1526.25,757.8530000000001,163.0627
1526.5,756.751,160.3681
1526.75,774.2249999999999,161.652
1527.0,759.742,158.732
1527.25,769.057,166.0986
1527.5,779.3530000000001,178.7935
1527.75,766.507,174.6572
1528.0,783.2040000000001,178.4212
1528.25,741.763,168.7278
1528.5,742.633,173.3209
1528.75,721.171,181.7077
1529.0,678.5840000000001,157.9916
1529.25,646.2520000000001,154.8296
1529.5,627.288,154.0944
1529.75,606.703,150.51510000000002
1530.0,588.093,162.5667
1530.25,586.187,158.847
1530.5,564.663,154.75619999999998
1530.75,572.207,155.9059
1531.0,585.662,155.57819999999998
1531.25,595.064,149.9334
1531.5,577.358,143.5999
1531.75,596.601,154.98680000000002
1532.0,605.306,160.82
1532.25,581.375,160.6735
1532.5,581.686,164.0659
1532.75,576.2570000000001,162.3674
1533.0,591.38,157.37199999999999
1533.25,592.825,154.0982
1533.5,591.845,151.6086
1533.75,584.4100000000001,156.58550000000002
1534.0,562.973,150.0618
1534.25,560.168,150.3121
1534.5,554.594,152.2505
1534.75,550.075,149.9813
1535.0,561.506,160.3041
1535.25,536.0,148.523
1535.5,549.1790000000001,159.0908
1535.75,565.783,162.4866
1536.0,551.075,154.6335
1536.25,542.25,148.2516
1536.5,530.6220000000001,145.8888
1536.75,516.601,135.7336
1537.0,521.431,134.56369999999998
1537.25,532.328,142.3863
1537.5,533.424,145.731
1537.75,530.807,147.43290000000002
1538.0,529.8240000000001,145.6353
1538.25,529.367,144.768
1538.5,513.23,149.1824
1538.75,518.818,153.2351
1539.0,497.48199999999997,148.7952
1539.25,500.864,150.4965
1539.5,493.06899999999996,150.6278
1539.75,483.19899999999996,147.53969999999998
1540.0,476.322,148.2837
1540.25,471.102,149.66500000000002
1540.5,475.00100000000003,152.4778
1540.75,475.399,152.2502
1541.0,476.81399999999996,148.3183
1541.25,500.933,166.3703
1541.5,523.063,180.3105
1541.75,528.6859999999999,181.4946
1542.0,535.8409999999999,178.7442
1542.25,536.03,161.90800000000002
1542.5,532.457,165.4576
1542.75,527.1869999999999,166.2354
1543.0,641.0880000000001,180.81529999999998
1543.25,729.564,195.9169
1543.5,916.954,199.3534
1543.75,1080.67,203.5387
1544.0,1096.507,209.3881
1544.25,1231.2069999999999,225.8473
1544.5,1305.152,232.477
1544.75,1303.563,231.65069999999997
1545.0,1353.239,238.4762
1545.25,1373.859,239.26890000000003
1545.5,1384.4450000000002,246.4999
1545.75,1395.125,249.23030000000003
1546.0,1352.793,247.1273
1546.25,1347.7350000000001,240.64730000000003
1546.5,1318.703,237.43550000000002
1546.75,1367.42,249.04089999999997
1547.0,1380.775,250.5812
1547.25,1389.1190000000001,254.887
1547.5,1413.458,262.5599
1547.75,1457.631,266.2492
1548.0,1450.62,263.79290000000003
1548.25,1444.198,257.32370000000003
1548.5,1401.781,252.17680000000001
1548.75,1382.327,248.704
1549.0,1332.598,247.5368
1549.25,1246.685,240.0347
1549.5,1225.829,241.4926
1549.75,1207.9360000000001,236.10500000000002
1550.0,1169.565,239.0952
1550.25,1102.172,238.20999999999998
1550.5,1001.921,229.6267
1550.75,974.171,221.0348
1551.0,953.404,216.652
1551.25,962.9839999999999,229.3474
1551.5,902.665,224.00279999999998
1551.75,955.06,232.03449999999998
1552.0,924.3709999999999,212.60649999999998
1552.25,887.954,199.4569
1552.5,867.9489999999998,201.2378
1552.75,868.3270000000001,200.7735
1553.0,765.562,193.81369999999998
1553.25,820.367,203.90480000000002
1553.5,795.856,200.4359
1553.75,778.341,205.2174
1554.0,787.636,202.19240000000002
1554.25,765.799,198.3855
1554.5,744.8050000000001,196.0426
1554.75,752.025,202.202
1555.0,728.518,200.9531
1555.25,743.107,191.9515
1555.5,721.3779999999999,188.3841
1555.75,726.066,177.4284
1556.0,639.113,166.0664
1556.25,620.2090000000001,165.4554
1556.5,608.762,164.5126
1556.75,598.817,159.67430000000002
1557.0,616.529,157.91070000000002
1557.25,603.905,158.8955
1557.5,599.131,161.6114
1557.75,617.289,163.5957
1558.0,609.327,166.9909
1558.25,605.32,164.7517
1558.5,598.952,170.2127
1558.75,591.451,172.6838
1559.0,596.125,179.3507
1559.25,572.713,172.3022
1559.5,568.6089999999999,169.7267
1559.75,568.138,169.9563
1560.0,566.432,175.768
1560.25,577.795,180.4284
1560.5,571.46,171.286
1560.75,567.5160000000001,171.89249999999998
1561.0,556.586,170.098
1561.25,556.326,175.9393
1561.5,558.251,173.80599999999998
1561.75,560.609,171.3817
1562.0,552.38,171.4587
1562.25,553.932,173.59269999999998
1562.5,570.527,179.0435
1562.75,556.423,168.2292
1563.0,536.037,150.0438
1563.25,541.302,146.39389999999997
1563.5,543.163,147.9061
1563.75,529.166,148.0601
1564.0,532.79,150.8364
1564.25,529.044,150.936
1564.5,523.019,150.9659
1564.75,522.326,150.59290000000001
1565.0,530.259,148.81619999999998
1565.25,543.969,152.0281
1565.5,563.345,153.9425
1565.75,590.769,154.447
1566.0,606.885,159.3979
1566.25,618.321,180.7212
1566.5,621.055,183.11110000000002
1566.75,627.7470000000001,183.976
1567.0,735.093,187.96120000000002
1567.25,846.444,186.58780000000002
1567.5,959.866,196.21569999999997
1567.75,1033.7890000000002,211.1047
1568.0,1072.984,206.35430000000002
1568.25,1178.1039999999998,225.2253
1568.5,1258.201,233.9617
1568.75,1285.21,244.0018
1569.0,1325.387,245.97979999999998
1569.25,1351.779,242.12369999999999
1569.5,1378.223,246.3791
1569.75,1381.046,249.277
1570.0,1347.711,254.5522
1570.25,1338.543,260.1565
1570.5,1294.205,258.7829
1570.75,1280.99,238.64780000000002
1571.0,1300.275,245.48649999999998
1571.25,1324.848,247.0088
1571.5,1334.415,248.492
1571.75,1396.566,251.19660000000005
1572.0,1406.43,254.6108
1572.25,1401.585,246.91110000000003
1572.5,1379.718,250.56889999999999
1572.75,1383.731,242.07
1573.0,1300.824,243.8935
1573.25,1232.354,233.84639999999996
1573.5,1158.823,231.2015
1573.75,1110.211,226.70349999999996
1574.0,1068.692,223.777
1574.25,996.223,215.0459
1574.5,929.296,201.5933
1574.75,920.515,198.0629
1575.0,928.2649999999999,223.3458
1575.25,886.5699999999999,220.5907
1575.5,857.768,215.7197
1575.75,866.451,216.5161
1576.0,846.154,213.0418
1576.25,834.827,213.5688
1576.5,784.2280000000001,204.6309
1576.75,709.97,189.511
1577.0,681.189,182.2713
1577.25,657.354,180.72729999999999
1577.5,642.018,177.0838
1577.75,640.026,181.097
1578.0,643.635,178.7727
1578.25,662.101,184.7076
1578.5,626.281,167.4328
1578.75,600.838,153.0908
1579.0,637.364,160.2918
1579.25,667.435,157.0238
1579.5,687.016,164.37869999999998
1579.75,676.992,162.4398
1580.0,615.439,160.7784
1580.25,568.883,158.4084
1580.5,577.1800000000001,161.7403
1580.75,575.8380000000001,161.60829999999999
1581.0,572.885,144.3246
1581.25,585.383,140.5744
1581.5,578.393,146.2853
1581.75,562.22,147.9152
1582.0,557.6179999999999,148.5869
1582.25,571.192,151.757
1582.5,548.471,148.1858
1582.75,533.567,144.7826
1583.0,533.444,145.6634
1583.25,525.689,153.803
1583.5,553.82,163.5507
1583.75,542.9659999999999,145.202
1584.0,529.9849999999999,141.2093
1584.25,526.421,146.0962
1584.5,507.172,142.5904
1584.75,512.6590000000001,148.1514
1585.0,516.7719999999999,148.4528
1585.25,517.354,151.7865
1585.5,521.93,156.5446
1585.75,506.221,154.4224
1586.0,510.02,153.7157
1586.25,503.575,139.3499
1586.5,514.014,141.8064
1586.75,522.952,144.4961
1587.0,505.842,139.4515
1587.25,510.236,143.3045
1587.5,512.837,147.1679
1587.75,511.67800000000005,146.1764
1588.0,501.80499999999995,143.3331
1588.25,502.366,146.4015
1588.5,496.13,145.7518
1588.75,482.37100000000004,139.7995
1589.0,490.654,137.2446
1589.25,490.10799999999995,137.4204
1589.5,506.871,144.5201
1589.75,501.814,151.5984
1590.0,507.85600000000005,154.5804
1590.25,487.269,151.2571
1590.5,469.645,151.07330000000002
1590.75,452.683,141.73180000000002
1591.0,471.80499999999995,144.4244
1591.25,480.70799999999997,141.5838
1591.5,502.259,146.5754
1591.75,494.27600000000007,143.6082
1592.0,455.18899999999996,138.5153
1592.25,498.83099999999996,144.73329999999999
1592.5,494.62300000000005,157.7424
1592.75,492.786,158.9506
1593.0,510.75199999999995,165.67159999999998
1593.25,525.624,172.9979
1593.5,543.903,178.5541
1593.75,567.078,183.0362
1594.0,545.23,171.44150000000002
1594.25,545.732,165.1755
1594.5,533.613,169.1926
1594.75,520.26,164.4591
1595.0,537.8910000000001,167.089
1595.25,545.719,167.20190000000002
1595.5,547.435,161.6769
1595.75,546.4259999999999,153.2481
1596.0,558.4110000000001,151.222
1596.25,587.092,159.2288
1596.5,561.889,154.19799999999998
1596.75,562.108,150.1535
1597.0,559.006,145.25900000000001
1597.25,589.428,148.5857
1597.5,567.1800000000001,147.29649999999998
1597.75,561.903,145.2804
1598.0,550.9440000000001,138.0198
1598.25,527.5619999999999,141.853
1598.5,531.028,140.4269
1598.75,516.268,138.4725
1599.0,517.669,139.5195
1599.25,539.104,146.6042
1599.5,521.539,153.6535
1599.75,521.246,155.2284
1600.0,511.813,148.2784
1600.25,505.832,145.6559
1600.5,516.062,150.22359999999998
1600.75,502.70399999999995,149.23930000000001
1601.0,508.366,140.5182
1601.25,490.15900000000005,134.85399999999998
1601.5,481.982,130.7464
1601.75,492.841,132.06169999999997
1602.0,502.96299999999997,136.966
1602.25,495.299,134.7396
1602.5,500.80100000000004,133.5247
1602.75,513.885,134.747
1603.0,519.795,134.2637
1603.25,531.9159999999999,133.2591
1603.5,540.621,135.22140000000002
1603.75,527.712,138.8567
1604.0,519.777,140.6576
1604.25,534.51,143.6538
1604.5,530.718,146.3832
1604.75,535.86,143.4033
1605.0,560.725,144.2006
1605.25,555.174,144.4717
1605.5,559.4939999999999,143.9424
1605.75,544.257,140.5525
1606.0,537.822,140.5879
1606.25,540.189,144.5584
1606.5,545.6370000000001,149.6575
1606.75,548.437,145.8727
1607.0,548.892,151.9079
1607.25,532.593,146.0217
1607.5,537.573,153.7514
1607.75,539.069,157.3421
1608.0,525.4730000000001,152.3754
1608.25,516.587,149.3657
1608.5,518.5409999999999,154.7073
1608.75,521.09,155.6901
1609.0,527.786,159.48860000000002
1609.25,525.667,149.7568
1609.5,524.489,153.6546
1609.75,501.558,145.0611
1610.0,515.0880000000001,149.60989999999998
1610.25,501.051,142.6357
1610.5,500.32399999999996,144.9312
1610.75,502.98499999999996,146.0119
1611.0,494.976,146.7286
1611.25,487.953,145.7226
1611.5,490.297,146.7286
1611.75,486.86400000000003,148.1018
1612.0,477.97,144.2295
1612.25,482.24700000000007,145.9686
1612.5,468.426,146.128
1612.75,464.19499999999994,142.6911
1613.0,461.052,141.0077
1613.25,455.246,139.9912
1613.5,473.444,144.80790000000002
1613.75,463.7049999999999,145.36
1614.0,471.71000000000004,147.3268
1614.25,472.66799999999995,148.1123
1614.5,466.31800000000004,144.4187
1614.75,440.9,139.9749
1615.0,473.26099999999997,149.0935
1615.25,480.006,143.3389
1615.5,502.189,146.2347
1615.75,491.206,146.03820000000002
1616.0,435.808,143.10750000000002
1616.25,427.153,139.6842
1616.5,441.92600000000004,144.9942
1616.75,438.439,141.786
1617.0,455.726,143.8834
1617.25,450.351,139.3822
1617.5,464.11,142.8408
1617.75,444.76599999999996,141.25469999999999
1618.0,432.674,143.1072
1618.25,431.972,142.7982
1618.5,387.31600000000003,139.6993
1618.75,400.384,132.7686
1619.0,413.561,123.3305
1619.25,428.54200000000003,122.3201
1619.5,455.806,124.5264
1619.75,450.12800000000004,123.9996
1620.0,424.706,123.32159999999999
1620.25,414.823,122.4599
1620.5,397.58299999999997,121.3978
1620.75,404.14700000000005,127.49610000000001
1621.0,395.257,127.42940000000002
1621.25,386.37800000000004,123.59389999999999
1621.5,405.39099999999996,125.33539999999999
1621.75,426.746,125.53949999999999
1622.0,430.616,132.47469999999998
1622.25,404.531,131.5655
1622.5,385.13599999999997,128.88979999999998
1622.75,375.526,126.5729
1623.0,384.51800000000003,128.7839
1623.25,379.08,125.01559999999999
1623.5,351.065,118.7967
1623.75,336.472,119.4527
1624.0,374.278,128.122
1624.25,394.619,132.6102
1624.5,373.35900000000004,127.1486
1624.75,393.27200000000005,127.0227
1625.0,398.73,128.3274
1625.25,404.77099999999996,128.3894
1625.5,417.668,130.1749
1625.75,389.095,123.7655
1626.0,411.53,125.5946
1626.25,412.46000000000004,120.9713
1626.5,398.97700000000003,117.7449
1626.75,388.87300000000005,115.21640000000001
1627.0,419.64099999999996,117.2033
1627.25,430.953,122.02069999999999
1627.5,469.759,130.755
1627.75,462.84800000000007,131.2804
1628.0,489.087,133.00719999999998
1628.25,458.60900000000004,124.80619999999999
1628.5,460.44100000000003,128.41129999999998
1628.75,473.279,132.5754
1629.0,484.36199999999997,135.74439999999998
1629.25,477.77,136.3219
1629.5,475.193,132.1464
1629.75,473.48400000000004,132.8461
1630.0,450.99800000000005,128.2457
1630.25,479.39300000000003,133.4131
1630.5,466.247,135.83710000000002
1630.75,455.588,138.8887
1631.0,463.154,138.0959
1631.25,461.70599999999996,138.5628
1631.5,451.01800000000003,141.0124
1631.75,449.687,139.6238
1632.0,440.929,137.7665
1632.25,443.253,138.6591
1632.5,429.54499999999996,132.1801
1632.75,443.92,142.0756
1633.0,457.39700000000005,147.9838
1633.25,453.04100000000005,148.3711
1633.5,462.101,153.9328
1633.75,461.534,149.4239
1634.0,447.342,148.105
1634.25,447.68899999999996,147.2776
1634.5,437.603,147.2658
1634.75,454.37600000000003,159.2926
1635.0,439.597,164.89
1635.25,431.862,159.1353
1635.5,432.347,161.9315
1635.75,427.54900000000004,160.63230000000001
1636.0,421.57399999999996,162.3868
1636.25,410.29100000000005,158.6147
1636.5,406.86400000000003,157.4852
1636.75,393.154,155.6509
1637.0,398.069,155.5574
1637.25,407.798,155.4494
1637.5,411.62899999999996,154.3664
1637.75,417.259,152.61970000000002
1638.0,428.80899999999997,150.3826
1638.25,453.307,152.2677
1638.5,448.052,158.8363
1638.75,432.54,153.147
1639.0,550.653,158.97930000000002
1639.25,617.38,163.4734
1639.5,640.5809999999999,161.30079999999998
1639.75,684.111,170.0318
1640.0,696.8979999999999,167.48270000000002
1640.25,816.2370000000001,205.47529999999998
1640.5,935.1930000000001,259.0439
1640.75,987.2529999999999,260.5933
1641.0,1003.512,258.359
1641.25,1016.557,251.1884
1641.5,1027.8519999999999,252.3684
1641.75,1031.155,244.11090000000002
1642.0,1018.273,241.1341
1642.25,988.2400000000001,236.42020000000002
1642.5,1017.322,246.0421
1642.75,1067.782,251.06169999999997
1643.0,1141.417,266.3328
1643.25,1139.23,263.113
1643.5,1158.9279999999999,268.113
1643.75,1032.154,222.547
1644.0,989.413,203.53410000000002
1644.25,974.566,207.9504
1644.5,932.701,211.62279999999998
1644.75,934.081,206.9794
1645.0,900.3999999999999,201.7473
1645.25,885.6759999999999,202.92520000000002
1645.5,909.089,196.9862
1645.75,886.8040000000001,190.05649999999997
1646.0,901.7829999999999,210.6301
1646.25,912.413,199.3288
1646.5,891.2330000000001,193.0888
1646.75,858.0730000000001,201.7018
1647.0,868.619,205.60559999999998
1647.25,883.249,203.0043
1647.5,891.265,201.2184
1647.75,919.288,202.9158
1648.0,892.7849999999999,201.2086
1648.25,854.0620000000001,195.5091
1648.5,807.915,191.3441
1648.75,811.883,194.0048
1649.0,717.529,185.269
1649.25,721.652,180.982
1649.5,653.114,174.8758
1649.75,663.571,173.43630000000002
1650.0,686.32,179.6438
1650.25,661.4490000000001,159.9676
1650.5,602.12,138.0539
1650.75,623.032,143.9913
1651.0,609.867,144.6852
1651.25,666.934,152.24190000000002
1651.5,663.82,150.6508
1651.75,632.154,148.3922
1652.0,579.1089999999999,140.606
1652.25,484.237,134.2322
1652.5,449.4119999999999,122.48829999999998
1652.75,485.049,124.69729999999998
1653.0,466.688,122.9319
1653.25,465.953,123.72330000000001
1653.5,451.847,124.3118
1653.75,452.76700000000005,127.365
1654.0,464.444,136.1734
1654.25,443.57000000000005,123.7082
1654.5,429.722,122.83279999999999
1654.75,444.756,125.17240000000001
1655.0,411.01700000000005,124.583
1655.25,388.88599999999997,121.1679
1655.5,408.787,127.577
1655.75,410.186,125.843
1656.0,385.3380000000001,124.03810000000001
1656.25,384.873,122.2688
1656.5,392.8299999999999,127.62870000000001
1656.75,422.078,144.15109999999999
1657.0,455.942,153.1645
1657.25,445.76800000000003,155.4565
1657.5,459.757,156.947
1657.75,468.742,158.11110000000002
1658.0,455.352,158.0466
1658.25,448.579,152.3296
1658.5,442.883,153.7166
1658.75,432.155,150.8487
1659.0,444.259,148.4746
1659.25,431.87600000000003,150.0775
1659.5,411.886,153.38209999999998
1659.75,422.99399999999997,150.8607
1660.0,426.635,147.7744
1660.25,445.74199999999996,147.99009999999998
1660.5,421.918,147.6323
1660.75,400.18399999999997,146.1737
1661.0,398.42600000000004,150.95499999999998
1661.25,392.89300000000003,149.2292
1661.5,390.116,148.7259
1661.75,404.55100000000004,150.4867
1662.0,421.088,148.8674
1662.25,420.51700000000005,145.4768
1662.5,439.86400000000003,147.70100000000002
1662.75,477.87800000000004,149.3323
1663.0,516.1659999999999,150.7633
1663.25,558.977,153.83329999999998
1663.5,593.307,158.02
1663.75,606.517,156.56359999999998
1664.0,607.5,160.2742
1664.25,572.48,154.68099999999998
1664.5,609.154,156.8014
1664.75,663.104,167.19389999999999
1665.0,720.0509999999999,176.49689999999998
1665.25,679.567,166.5943
1665.5,700.596,168.9739
1665.75,697.165,176.3846
1666.0,725.7919999999999,176.25490000000002
1666.25,744.028,185.8028
1666.5,693.222,171.6685
1666.75,781.2130000000001,177.7909
1667.0,808.4710000000001,170.4993
1667.25,808.838,171.18779999999998
1667.5,817.3720000000001,175.511
1667.75,858.466,178.5702
1668.0,876.0880000000001,169.5174
1668.25,873.9159999999999,181.1815
1668.5,831.298,173.9255
1668.75,825.627,176.79410000000001
1669.0,780.511,175.3146
1669.25,774.985,173.2798
1669.5,772.114,170.031
1669.75,772.51,162.1347
1670.0,761.71,168.2874
1670.25,742.693,164.3956
1670.5,679.2059999999999,153.51409999999998
1670.75,667.4830000000001,149.79
1671.0,676.013,152.06490000000002
1671.25,670.606,150.7965
1671.5,721.684,149.0085
1671.75,745.315,149.6637
1672.0,731.998,153.4385
1672.25,689.653,154.7769
1672.5,651.9970000000001,146.4224
1672.75,590.905,145.94379999999998
1673.0,578.7520000000001,147.6989
1673.25,576.105,146.206
1673.5,606.105,155.02530000000002
1673.75,618.5,144.8716
1674.0,651.232,151.245
1674.25,632.039,143.6366
1674.5,637.376,148.3654
1674.75,647.453,150.718
1675.0,660.8879999999999,158.2865
1675.25,687.597,148.90449999999998
1675.5,647.527,145.8821
1675.75,631.5799999999999,139.134
1676.0,607.889,140.651
1676.25,570.5799999999999,140.8272
1676.5,552.9,143.22729999999999
1676.75,544.196,141.9737
1677.0,528.659,136.9815
1677.25,546.548,138.9777
1677.5,515.333,131.7774
1677.75,512.207,131.66930000000002
1678.0,492.692,131.1316
1678.25,515.162,138.01069999999999
1678.5,479.347,131.5356
1678.75,473.959,129.6219
1679.0,479.414,131.6593
1679.25,495.512,139.9503
1679.5,490.82899999999995,141.0475
1679.75,463.356,134.4847
1680.0,427.46900000000005,129.9625
1680.25,452.26099999999997,127.1173
1680.5,437.23299999999995,126.1831
1680.75,431.99,129.9675
1681.0,425.144,130.10989999999998
1681.25,403.84899999999993,125.0964
1681.5,429.55100000000004,135.4583
1681.75,460.94899999999996,143.339
1682.0,439.147,140.9931
1682.25,456.45599999999996,139.2547
1682.5,464.788,141.4098
1682.75,458.13800000000003,142.0165
1683.0,425.506,141.5306
1683.25,417.235,139.8484
1683.5,422.358,141.52
1683.75,423.318,140.8027
1684.0,413.49699999999996,140.9674
1684.25,425.528,146.0713
1684.5,391.79400000000004,144.4946
1684.75,373.289,140.61430000000001
1685.0,383.571,141.426
1685.25,387.269,141.06550000000001
1685.5,389.687,137.9691
1685.75,395.765,140.65269999999998
1686.0,432.35,143.1224
1686.25,448.58299999999997,146.461
1686.5,463.706,153.4153
1686.75,465.902,157.8758
1687.0,546.635,158.38119999999998
1687.25,598.233,162.5285
1687.5,583.873,156.7511
1687.75,620.9369999999999,169.1148
1688.0,635.6220000000001,166.4303
1688.25,677.803,165.9509
1688.5,694.371,160.6855
1688.75,713.153,164.22199999999998
1689.0,735.07,163.3804
1689.25,758.125,163.0892
1689.5,798.826,169.67000000000002
1689.75,793.2069999999999,174.8392
1690.0,834.0819999999999,181.3248
1690.25,827.2749999999999,183.7767
1690.5,800.922,175.05360000000002
1690.75,871.462,170.70010000000002
1691.0,886.0629999999999,170.50240000000002
1691.25,937.2529999999999,174.8066
1691.5,981.0010000000001,181.0445
1691.75,976.777,184.4272
1692.0,990.94,197.5571
1692.25,976.2939999999999,192.3932
1692.5,954.877,191.5245
1692.75,951.011,191.5959
1693.0,914.224,190.93880000000001
1693.25,935.604,194.8657
1693.5,940.604,191.4958
1693.75,948.1600000000001,194.3406
1694.0,932.4530000000001,183.6771
1694.25,976.5310000000001,186.8118
1694.5,959.6120000000001,177.383
1694.75,911.761,173.97320000000002
1695.0,900.159,180.067
1695.25,929.002,184.1688
1695.5,894.617,173.314
1695.75,891.74,173.3191
1696.0,880.4290000000001,178.5271
1696.25,865.673,178.6314
1696.5,801.004,175.8304
1696.75,851.6799999999998,180.76620000000003
1697.0,780.8329999999999,177.4323
1697.25,689.87,167.8593
1697.5,639.33,163.5961
1697.75,689.181,170.202
1698.0,666.153,167.3752
1698.25,698.701,167.6371
1698.5,696.907,180.43619999999999
1698.75,691.327,170.2432
1699.0,656.3019999999999,166.2089
1699.25,660.5740000000001,165.8953
1699.5,666.037,165.3025
1699.75,604.319,151.4315
1700.0,593.462,154.6392
1700.25,574.13,148.7387
1700.5,584.577,155.4916
1700.75,585.9350000000001,164.81459999999998
1701.0,553.803,152.0078
1701.25,589.455,154.6405
1701.5,582.155,160.909
1701.75,563.831,159.33689999999999
1702.0,561.329,155.47320000000002
1702.25,542.912,146.6823
1702.5,528.191,150.07840000000002
1702.75,548.833,154.2878
1703.0,532.1479999999999,161.7912
1703.25,528.892,159.6959
1703.5,514.388,160.05180000000001
1703.75,492.578,145.0657
1704.0,499.89799999999997,147.2418
1704.25,501.96799999999996,147.7293
1704.5,478.082,140.8841
1704.75,495.658,148.10160000000002
1705.0,495.682,163.6087
1705.25,484.19,158.2896
1705.5,497.77799999999996,158.6633
1705.75,494.44899999999996,159.425
1706.0,491.001,158.7106
1706.25,488.981,158.719
1706.5,486.578,162.5713
1706.75,484.695,160.8367
1707.0,466.808,154.67940000000002
1707.25,462.368,154.2775
1707.5,455.07500000000005,154.2054
1707.75,457.024,154.32319999999999
1708.0,447.05600000000004,152.2855
1708.25,443.878,150.8776
1708.5,430.259,148.4748
1708.75,419.756,148.9507
1709.0,423.035,148.41250000000002
1709.25,438.682,150.39170000000001
1709.5,447.82399999999996,151.6962
1709.75,464.693,155.26940000000002
1710.0,462.31600000000003,148.3085
1710.25,514.313,157.1956
1710.5,518.483,156.21089999999998
1710.75,520.3199999999999,155.4274
1711.0,558.293,152.81480000000002
1711.25,630.05,154.02
1711.5,607.998,147.377
1711.75,675.879,159.241
1712.0,639.653,152.7744
1712.25,662.22,170.5906
1712.5,653.881,162.5714
1712.75,686.5540000000001,169.6806
1713.0,711.7330000000001,164.7925
1713.25,705.7330000000001,178.0023
1713.5,694.3240000000001,163.881
1713.75,767.5899999999999,173.6523
1714.0,776.206,174.2584
1714.25,746.481,172.4213
1714.5,736.654,170.8399
1714.75,768.7459999999999,169.4445
1715.0,817.549,177.34949999999998
1715.25,835.4290000000001,175.3963
1715.5,846.8420000000001,168.09269999999998
1715.75,867.148,183.24779999999998
1716.0,844.972,187.23329999999999
1716.25,869.659,188.33550000000002
1716.5,868.5519999999999,188.4292
1716.75,863.9140000000001,196.85969999999998
1717.0,830.224,190.3733
1717.25,839.941,184.0958
1717.5,856.252,188.6662
1717.75,823.1680000000001,170.1316
1718.0,843.241,189.7678
1718.25,862.3239999999998,182.5061
1718.5,803.715,175.5941
1718.75,773.444,172.5595
1719.0,791.8870000000001,177.1307
1719.25,792.4299999999998,177.59789999999998
1719.5,746.086,161.0608
1719.75,757.03,165.3666
1720.0,784.3779999999999,163.6288
1720.25,749.4879999999999,168.05870000000002
1720.5,709.972,167.5621
1720.75,697.348,158.11079999999998
1721.0,644.154,166.57229999999998
1721.25,639.69,151.2781
1721.5,629.796,157.63490000000002
1721.75,684.345,176.477
1722.0,678.892,161.7549
1722.25,678.894,166.3852
1722.5,659.3309999999999,154.0162
1722.75,670.817,156.4068
1723.0,625.755,137.9597
1723.25,635.689,136.9147
1723.5,639.494,139.648
1723.75,631.701,141.879
1724.0,618.47,133.23739999999998
1724.25,516.164,125.0372
1724.5,482.444,133.5965
1724.75,511.067,135.2287
1725.0,499.83500000000004,129.36
1725.25,517.976,132.0181
1725.5,504.368,132.1626
1725.75,465.19100000000003,125.12200000000001
1726.0,450.164,127.95309999999999
1726.25,478.265,134.6021
1726.5,441.206,126.2935
1726.75,428.159,128.7459
1727.0,418.46000000000004,129.418
1727.25,426.899,128.6883
1727.5,433.969,137.3717
1727.75,437.87600000000003,141.1238
1728.0,420.68000000000006,138.6406
1728.25,416.69899999999996,137.119
1728.5,424.67900000000003,140.7149
1728.75,418.423,132.0064
1729.0,383.783,123.0761
1729.25,421.26700000000005,126.9582
1729.5,429.04900000000004,131.1497
1729.75,398.15,127.1718
1730.0,392.806,128.1747
1730.25,397.291,137.4711
1730.5,386.20099999999996,140.0478
1730.75,389.50800000000004,135.3852
1731.0,394.01,137.34539999999998
1731.25,393.014,135.8859
1731.5,395.66499999999996,136.5357
1731.75,397.025,141.4908
1732.0,379.677,139.762
1732.25,379.817,139.0376
1732.5,364.924,136.593
1732.75,359.562,134.96349999999998
1733.0,365.021,136.5412
1733.25,369.034,132.388
1733.5,383.98900000000003,134.369
1733.75,387.41,138.6022
1734.0,402.13,139.054
1734.25,420.611,131.7957
1734.5,441.062,137.7997
1734.75,465.202,144.1695
1735.0,518.814,134.9607
1735.25,564.15,141.633
1735.5,588.642,147.5082
1735.75,597.3240000000001,151.7398
1736.0,616.275,165.0943
1736.25,673.634,173.4007
1736.5,669.106,168.4071
1736.75,713.154,175.4319
1737.0,745.521,179.8087
1737.25,735.0939999999999,173.2868
1737.5,764.895,169.4671
1737.75,738.031,177.0817
1738.0,723.03,184.6021
1738.25,710.242,173.1828
1738.5,680.5540000000001,169.3195
1738.75,774.627,176.43009999999998
1739.0,820.405,172.5777
1739.25,829.3549999999999,173.4193
1739.5,840.436,182.77439999999999
1739.75,859.7529999999999,185.6318
1740.0,840.244,202.08390000000003
1740.25,855.331,199.0187
1740.5,828.84,202.9207
1740.75,789.1659999999999,188.3632
1741.0,755.458,192.6942
1741.25,729.309,181.32309999999998
1741.5,712.7379999999999,183.8601
1741.75,731.683,191.2469
1742.0,721.779,186.2339
1742.25,716.8789999999999,178.7591
1742.5,699.097,168.0028
1742.75,639.249,165.1396
1743.0,621.3399999999999,161.84109999999998
1743.25,641.61,155.1856
1743.5,625.62,150.6561
1743.75,673.0609999999999,168.933
1744.0,671.116,163.45080000000002
1744.25,658.612,173.44150000000002
1744.5,657.402,164.743
1744.75,780.3389999999999,224.10590000000002
1745.0,778.413,239.82450000000003
1745.25,717.51,234.591
1745.5,725.277,234.8584
1745.75,762.177,238.08870000000002
1746.0,767.0160000000001,235.52249999999998
1746.25,766.6030000000001,221.0168
1746.5,742.435,211.16629999999998
1746.75,740.899,208.18689999999998
1747.0,705.943,203.1089
1747.25,745.117,211.8049
1747.5,694.873,192.2722
1747.75,626.164,170.5577
1748.0,527.387,135.6301
1748.25,460.14799999999997,132.2309
1748.5,468.728,125.19810000000001
1748.75,473.693,130.168
1749.0,516.848,134.96030000000002
1749.25,444.818,122.6404
1749.5,451.865,129.7731
1749.75,423.587,126.2115
1750.0,431.12899999999996,127.53129999999999
1750.25,429.78200000000004,119.151
1750.5,396.422,122.23490000000001
1750.75,415.139,128.0641
1751.0,418.478,127.1186
1751.25,390.21500000000003,124.6239
1751.5,403.76800000000003,123.6294
1751.75,397.49,128.3831
1752.0,360.808,120.4137
1752.25,370.809,127.3545
1752.5,367.672,132.091
1752.75,363.35,134.5462
1753.0,367.748,134.8212
1753.25,360.743,133.8758
1753.5,347.525,130.3419
1753.75,342.249,125.16739999999999
1754.0,349.075,119.6757
1754.25,344.228,118.99269999999999
1754.5,333.807,116.6763
1754.75,338.877,118.3202
1755.0,332.995,120.01089999999999
1755.25,330.862,121.7986
1755.5,315.951,118.183
1755.75,319.07300000000004,117.0469
1756.0,318.425,121.06569999999999
1756.25,306.584,118.26930000000002
1756.5,297.5263,118.7953
1756.75,300.77000000000004,115.8478
1757.0,312.986,114.3063
1757.25,305.71999999999997,111.107
1757.5,325.97900000000004,112.54780000000001
1757.75,338.46500000000003,117.67609999999999
1758.0,377.032,141.0765
1758.25,366.182,135.8833
1758.5,349.54499999999996,132.588
1758.75,328.736,134.6924
1759.0,341.972,132.1815
1759.25,391.856,134.2768
1759.5,370.837,135.0109
1759.75,354.918,130.1672
1760.0,360.82500000000005,141.16389999999998
1760.25,403.671,144.4706
1760.5,392.774,144.8675
1760.75,413.732,141.72629999999998
1761.0,440.891,149.1233
1761.25,463.918,151.1277
1761.5,481.752,155.71370000000002
1761.75,499.05499999999995,157.86329999999998
1762.0,451.421,156.9849
1762.25,452.822,149.3824
1762.5,455.249,150.7354
1762.75,462.71599999999995,158.863
1763.0,490.124,157.9545
1763.25,486.10299999999995,159.13639999999998
1763.5,514.961,158.5115
1763.75,533.264,161.6591
1764.0,526.8530000000001,158.62900000000002
1764.25,516.942,150.3577
1764.5,520.14,150.44310000000002
1764.75,519.472,150.9751
1765.0,478.98499999999996,149.9731
1765.25,452.949,152.72809999999998
1765.5,460.08500000000004,141.6219
1765.75,449.936,134.6573
1766.0,472.135,137.43689999999998
1766.25,414.922,132.7936
1766.5,399.07499999999993,134.1501
1766.75,411.9549999999999,133.24349999999998
1767.0,454.861,150.09969999999998
1767.25,647.5790000000001,218.3115
1767.5,584.327,200.3641
1767.75,576.131,198.0997
1768.0,579.6289999999999,194.20600000000002
1768.25,595.4,188.072
1768.5,576.962,189.9877
1768.75,553.658,185.70229999999998
1769.0,578.778,188.2538
1769.25,583.932,187.7335
1769.5,625.239,194.84629999999999
1769.75,606.717,192.0136
1770.0,604.502,188.6296
1770.25,584.999,180.3191
1770.5,628.4939999999999,186.3459
1770.75,623.996,187.0403
1771.0,637.2139999999999,183.7569
1771.25,645.729,177.4577
1771.5,638.7929999999999,174.1346
1771.75,633.558,177.2256
1772.0,566.858,165.77040000000002
1772.25,535.92,161.0947
1772.5,521.5150000000001,162.32330000000002
1772.75,539.5350000000001,171.0352
1773.0,533.1410000000001,172.39
1773.25,559.265,181.7618
1773.5,538.521,170.0457
1773.75,521.7090000000001,165.31220000000002
1774.0,497.04499999999996,164.1868
1774.25,498.26,163.74939999999998
1774.5,418.77099999999996,133.06310000000002
1774.75,379.766,124.66460000000001
1775.0,368.227,126.40899999999999
1775.25,383.297,126.1874
1775.5,378.236,126.6105
1775.75,381.70399999999995,130.36790000000002
1776.0,390.746,133.258
1776.25,349.85900000000004,124.50120000000001
1776.5,357.779,128.61
1776.75,358.14099999999996,128.77710000000002
1777.0,356.33799999999997,127.23580000000001
1777.25,345.163,121.8455
1777.5,359.084,128.82989999999998
1777.75,340.437,121.57400000000001
1778.0,335.378,115.3914
1778.25,335.369,114.85690000000001
1778.5,338.798,119.39240000000001
1778.75,318.66,116.2294
1779.0,321.63700000000006,115.46050000000001
1779.25,310.899,113.00189999999999
1779.5,316.374,114.6189
1779.75,317.761,113.86160000000001
1780.0,305.65700000000004,112.41980000000001
1780.25,307.21700000000004,113.91749999999999
1780.5,296.32239999999996,112.33070000000001
1780.75,306.99199999999996,115.7793
1781.0,317.722,115.23759999999999
1781.25,305.54,109.48760000000001
1781.5,324.36199999999997,111.9253
1781.75,323.765,114.38489999999999
1782.0,336.16999999999996,119.2221
1782.25,336.07500000000005,124.77590000000001
1782.5,338.745,137.1894
1782.75,317.06600000000003,134.1165
1783.0,323.854,135.3977
1783.25,332.759,133.21800000000002
1783.5,354.16499999999996,139.015
1783.75,364.13599999999997,136.4074
1784.0,361.681,140.4604
1784.25,368.731,138.76229999999998
1784.5,388.71500000000003,136.21880000000002
1784.75,408.03999999999996,138.9796
1785.0,420.482,144.5348
1785.25,448.697,145.4101
1785.5,459.422,147.9999
1785.75,469.788,150.3323
1786.0,462.64700000000005,149.9184
1786.25,414.78099999999995,152.40859999999998
1786.5,385.11199999999997,153.23
1786.75,388.90100000000007,150.1551
1787.0,400.355,147.0245
1787.25,395.855,147.3392
1787.5,444.41,150.949
1787.75,507.405,150.4275
1788.0,477.15299999999996,152.56560000000002
1788.25,462.96500000000003,152.4848
1788.5,475.717,156.8202
1788.75,486.94100000000003,159.1852
1789.0,455.669,156.5013
1789.25,453.107,154.4846
1789.5,447.587,150.9402
1789.75,465.46799999999996,157.793
1790.0,474.823,156.4687
1790.25,442.871,152.5965
1790.5,415.058,154.1293
1790.75,428.49699999999996,152.4406
1791.0,437.03200000000004,155.2058
1791.25,462.28700000000003,162.8875
1791.5,420.736,154.0057
1791.75,397.51699999999994,151.2254
1792.0,395.49699999999996,148.3259
1792.25,404.24800000000005,149.4402
1792.5,391.673,145.6
1792.75,409.361,144.4441
1793.0,381.325,140.30530000000002
1793.25,433.997,142.20460000000003
1793.5,442.394,141.10049999999998
1793.75,437.516,136.4778
1794.0,496.957,142.64620000000002
1794.25,502.38699999999994,142.2426
1794.5,462.40100000000007,140.64440000000002
1794.75,498.74399999999997,151.3132
1795.0,512.991,146.9948
1795.25,534.739,145.2937
1795.5,535.552,141.127
1795.75,568.693,144.76
1796.0,509.972,145.5691
1796.25,486.816,151.1546
1796.5,516.245,159.0015
1796.75,476.677,148.2045
1797.0,450.169,134.606
1797.25,445.298,132.0933
1797.5,454.81899999999996,131.4959
1797.75,471.368,134.259
1798.0,476.797,139.2779
1798.25,477.527,131.367
1798.5,448.40199999999993,135.94310000000002
1798.75,435.581,134.9748
1799.0,470.845,143.2625
1799.25,455.678,140.16989999999998
1799.5,467.027,142.8797
1799.75,465.221,136.8196
1800.0,442.327,131.9696
1800.25,433.043,130.1743
1800.5,411.749,127.34620000000001
1800.75,400.006,126.6849
1801.0,393.958,124.6893
1801.25,384.56000000000006,125.04560000000001
1801.5,428.981,147.2274
1801.75,441.881,156.8512
1802.0,465.85,157.89030000000002
1802.25,463.01300000000003,154.0556
1802.5,467.278,156.0419
1802.75,443.828,149.2839
1803.0,436.795,147.33689999999999
1803.25,429.917,145.0489
1803.5,428.741,147.51600000000002
1803.75,439.616,148.36679999999998
1804.0,426.448,146.3664
1804.25,427.87300000000005,142.63330000000002
1804.5,420.505,141.329
1804.75,431.885,141.55360000000002
1805.0,430.84899999999993,139.8819
1805.25,418.115,139.76170000000002
1805.5,434.855,142.324
1805.75,437.956,144.2193
1806.0,452.51500000000004,142.547
1806.25,482.833,144.7129
1806.5,525.904,145.3324
1806.75,545.982,153.93359999999998
1807.0,599.569,158.0883
1807.25,682.884,159.7034
1807.5,654.414,150.415
1807.75,690.909,162.97
1808.0,648.279,152.08679999999998
1808.25,672.941,155.9908
1808.5,677.8040000000001,150.9823
1808.75,661.481,146.297
1809.0,702.405,154.18970000000002
1809.25,700.776,148.9702
1809.5,692.996,158.49280000000002
1809.75,701.739,149.2434
1810.0,710.531,148.9808
1810.25,711.796,159.1871
1810.5,669.0350000000001,150.8485
1810.75,688.4290000000001,152.2106
1811.0,730.894,159.57510000000002
1811.25,780.3910000000001,158.5059
1811.5,815.9649999999999,163.4451
1811.75,817.7259999999999,173.8155
1812.0,799.088,159.9092
1812.25,808.6870000000001,166.5075
1812.5,837.9189999999999,175.81040000000002
1812.75,821.146,173.83780000000002
1813.0,765.421,171.2879
1813.25,752.053,167.4608
1813.5,776.9669999999999,166.8758
1813.75,765.385,166.8131
1814.0,795.133,168.23829999999998
1814.25,808.454,162.80200000000002
1814.5,744.9,153.8307
1814.75,741.393,156.7647
1815.0,721.63,153.1388
1815.25,707.2719999999999,152.3693
1815.5,696.635,153.6197
1815.75,701.392,160.0925
1816.0,679.987,153.8709
1816.25,664.672,165.2766
1816.5,637.295,146.3621
1816.75,646.282,159.4952
1817.0,614.933,158.45499999999998
1817.25,576.03,155.5422
1817.5,599.481,157.7058
1817.75,641.085,162.8988
1818.0,617.843,163.3261
1818.25,630.481,171.96859999999998
1818.5,607.831,171.45080000000002
1818.75,601.945,162.6079
1819.0,625.623,159.262
1819.25,670.1500000000001,159.4181
1819.5,687.029,168.77890000000002
1819.75,677.476,173.7578
1820.0,619.3530000000001,161.64069999999998
1820.25,552.752,156.8183
1820.5,572.448,162.87560000000002
1820.75,528.791,153.8545
1821.0,549.25,149.3133
1821.25,547.931,155.288
1821.5,572.156,156.2354
1821.75,538.907,150.2291
1822.0,535.714,146.0422
1822.25,534.134,146.625
1822.5,515.039,147.1738
1822.75,477.69800000000004,135.34879999999998
1823.0,482.53999999999996,139.18280000000001
1823.25,492.25100000000003,143.7987
1823.5,479.243,142.6046
1823.75,462.995,143.3631
1824.0,445.03999999999996,128.6617
1824.25,431.423,129.2711
1824.5,439.31100000000004,118.6497
1824.75,418.15700000000004,119.30540000000002
1825.0,428.70799999999997,120.5349
1825.25,435.01599999999996,136.47109999999998
1825.5,460.09799999999996,143.892
1825.75,449.65100000000007,138.6147
1826.0,451.53200000000004,141.3415
1826.25,455.413,141.1606
1826.5,442.495,138.6027
1826.75,460.77699999999993,144.201
1827.0,442.76,141.3993
1827.25,428.88800000000003,139.21370000000002
1827.5,444.539,141.3126
1827.75,424.14199999999994,137.6801
1828.0,424.928,138.0298
1828.25,427.23499999999996,140.2975
1828.5,436.648,139.5051
1828.75,423.66200000000003,137.6543
1829.0,419.01700000000005,137.6144
1829.25,415.68500000000006,134.3023
1829.5,413.87600000000003,142.12130000000002
1829.75,437.15199999999993,147.2188
1830.0,435.34899999999993,144.6789
1830.25,438.872,141.5693
1830.5,450.022,144.8923
1830.75,535.88,148.9683
1831.0,572.081,152.4635
1831.25,626.5319999999999,154.32870000000003
1831.5,628.46,148.38510000000002
1831.75,660.519,151.7382
1832.0,658.6800000000001,153.71550000000002
1832.25,680.496,158.25799999999998
1832.5,688.0039999999999,149.5113
1832.75,684.874,145.6608
1833.0,716.434,160.5499
1833.25,775.6099999999999,160.24810000000002
1833.5,754.975,156.8333
1833.75,792.733,160.02749999999997
1834.0,824.9979999999998,158.8227
1834.25,868.075,172.25400000000002
1834.5,816.2320000000001,166.4762
1834.75,855.727,157.9093
1835.0,919.5260000000001,161.3799
1835.25,949.0059999999999,164.0699
1835.5,961.108,167.60490000000001
1835.75,933.85,163.9635
1836.0,971.242,167.2421
1836.25,988.469,171.41989999999998
1836.5,1007.126,172.8649
1836.75,950.905,167.4422
1837.0,890.4000000000001,166.71689999999998
1837.25,900.706,162.0806
1837.5,915.2620000000001,174.8628
1837.75,924.8140000000001,170.18880000000001
1838.0,937.634,172.6944
1838.25,949.224,166.5532
1838.5,928.844,160.46359999999999
1838.75,895.679,161.56619999999998
1839.0,878.8219999999999,160.4031
1839.25,871.82,168.1564
1839.5,859.7320000000001,158.23
1839.75,859.799,149.2139
1840.0,861.144,159.3004
1840.25,871.129,163.6928
1840.5,843.035,161.6731
1840.75,809.617,163.8791
1841.0,771.474,157.2273
1841.25,696.264,156.5301
1841.5,641.829,157.98420000000002
1841.75,663.132,155.2119
1842.0,663.514,157.0223
1842.25,653.0219999999999,154.4757
1842.5,650.8789999999999,152.9843
1842.75,651.016,156.72729999999999
1843.0,647.674,151.8825
1843.25,658.262,152.6296
1843.5,659.241,160.8677
1843.75,679.735,172.1861
1844.0,659.693,158.1481
1844.25,599.612,155.31959999999998
1844.5,611.8789999999999,152.2783
1844.75,601.826,155.0309
1845.0,621.5989999999999,158.281
1845.25,591.578,152.5746
1845.5,572.947,148.7628
1845.75,596.695,153.89530000000002
1846.0,601.345,158.1667
1846.25,592.144,159.3438
1846.5,531.293,143.3408
1846.75,528.299,140.75
1847.0,529.541,147.7303
1847.25,514.28,147.5563
1847.5,523.665,148.6521
1847.75,520.4929999999999,138.9375
1848.0,486.59000000000003,132.3612
1848.25,462.63800000000003,136.0066
1848.5,461.43,139.4512
1848.75,469.58500000000004,157.1721
1849.0,460.53099999999995,157.9433
1849.25,453.65,150.5272
1849.5,462.55899999999997,157.2038
1849.75,467.40999999999997,154.8679
1850.0,449.56899999999996,156.6574
1850.25,448.30899999999997,155.2737
1850.5,459.572,163.6624
1850.75,441.75199999999995,159.7775
1851.0,432.55100000000004,159.7439
1851.25,421.226,157.21269999999998
1851.5,421.522,158.6875
1851.75,431.78,158.5775
1852.0,429.08,163.23069999999998
1852.25,405.51700000000005,153.1834
1852.5,400.08299999999997,155.3253
1852.75,399.605,155.2525
1853.0,436.467,154.7385
1853.25,424.562,148.3831
1853.5,428.197,153.2166
1853.75,417.63800000000003,155.719
1854.0,430.505,152.4511
1854.25,448.77099999999996,151.8529
1854.5,481.87,151.9836
1854.75,490.22900000000004,147.7826
1855.0,524.0409999999999,161.10399999999998
1855.25,613.836,168.7986
1855.5,645.0809999999999,161.145
1855.75,678.354,165.9887
1856.0,668.373,166.0644
1856.25,736.51,172.5908
1856.5,780.689,171.9766
1856.75,815.6890000000001,171.4016
1857.0,835.5580000000001,169.1543
1857.25,832.579,180.07479999999998
1857.5,882.9759999999999,192.1571
1857.75,881.155,187.2483
1858.0,901.3000000000001,196.6312
1858.25,887.26,191.9743
1858.5,824.2660000000001,186.75310000000002
1858.75,888.472,197.58450000000002
1859.0,979.8729999999998,206.01509999999996
1859.25,969.244,207.54749999999999
1859.5,975.04,206.1291
1859.75,958.6,209.1392
1860.0,965.6379999999999,194.41930000000002
1860.25,920.758,183.3929
1860.5,905.809,181.51850000000002
1860.75,937.435,191.1214
1861.0,926.2749999999999,189.0407
1861.25,912.5719999999999,184.4417
1861.5,885.3460000000001,185.6495
1861.75,900.2040000000001,185.6025
1862.0,916.136,184.7167
1862.25,949.454,179.00029999999998
1862.5,942.0060000000001,177.5534
1862.75,901.7719999999999,183.9268
1863.0,861.854,175.6184
1863.25,851.6499999999999,175.8133
1863.5,818.114,174.1775
1863.75,829.744,177.8406
1864.0,830.171,170.4871
1864.25,799.821,167.0347
1864.5,768.3820000000001,172.89409999999998
1864.75,754.0930000000001,165.83200000000002
1865.0,695.7860000000001,163.5488
1865.25,649.47,158.2755
1865.5,647.212,160.3584
1865.75,682.576,166.9288
1866.0,703.0409999999999,177.31130000000002
1866.25,696.778,173.7544
1866.5,686.269,175.01080000000002
1866.75,643.877,167.6306
1867.0,656.612,163.8451
1867.25,703.125,169.4321
1867.5,703.572,171.7537
1867.75,648.361,156.47129999999999
1868.0,653.493,155.9569
1868.25,552.2239999999999,143.5599
1868.5,581.843,149.6946
1868.75,603.594,159.45460000000003
1869.0,558.5419999999999,146.2637
1869.25,572.276,141.1115
1869.5,565.7239999999999,138.9802
1869.75,529.03,136.7546
1870.0,565.587,138.5704
1870.25,539.739,140.1039
1870.5,504.512,135.41490000000002
1870.75,497.819,135.60569999999998
1871.0,488.2,135.9245
1871.25,486.842,146.33249999999998
1871.5,484.796,148.2322
1871.75,475.4,140.0163
1872.0,501.206,145.6674
1872.25,493.10800000000006,143.7399
1872.5,442.74199999999996,135.1988
1872.75,449.827,140.563
1873.0,427.226,127.4513
1873.25,426.581,128.5746
1873.5,478.77200000000005,144.9538
1873.75,481.731,151.2035
1874.0,470.675,149.553
1874.25,450.273,148.6567
1874.5,450.613,151.3813
1874.75,451.98800000000006,155.50979999999998
1875.0,426.944,155.1522
1875.25,427.808,155.7796
1875.5,405.64599999999996,150.97320000000002
1875.75,402.82000000000005,149.9303
1876.0,405.581,155.0623
1876.25,397.79200000000003,152.183
1876.5,412.48400000000004,154.3702
1876.75,411.802,153.01760000000002
1877.0,426.93199999999996,160.2919
1877.25,412.903,155.5332
1877.5,451.175,159.7308
1877.75,450.77299999999997,146.3531
1878.0,469.701,146.1524
1878.25,492.985,151.423
1878.5,503.215,152.61509999999998
1878.75,514.556,149.055
1879.0,553.475,155.3838
1879.25,584.982,153.9042
1879.5,647.304,156.6565
1879.75,702.4110000000001,167.76940000000002
1880.0,708.952,163.88400000000001
1880.25,716.98,167.185
1880.5,741.198,171.6268
1880.75,803.3929999999999,170.536
1881.0,790.0049999999999,165.82330000000002
1881.25,774.92,164.8912
1881.5,818.0930000000001,175.3889
1881.75,832.51,170.0045
1882.0,838.33,169.31619999999998
1882.25,838.735,174.1674
1882.5,819.034,174.18779999999998
1882.75,866.1370000000001,171.9811
1883.0,903.5050000000001,178.385
1883.25,937.705,183.2717
1883.5,944.4820000000001,187.2304
1883.75,959.455,196.28449999999998
1884.0,977.3950000000001,203.44340000000003
1884.25,951.6220000000001,209.42630000000003
1884.5,930.004,183.6603
1884.75,897.868,183.7525
1885.0,878.5629999999999,181.9617
1885.25,901.249,193.4312
1885.5,895.6750000000001,187.4648
1885.75,902.34,174.39509999999999
1886.0,873.956,170.3237
1886.25,867.248,163.4309
1886.5,864.331,158.9817
1886.75,831.4580000000001,159.5509
1887.0,843.2330000000001,163.16750000000002
1887.25,847.325,166.1555
1887.5,831.417,165.2556
1887.75,857.279,168.16660000000002
1888.0,849.922,172.8622
1888.25,809.6489999999999,169.8301
1888.5,800.665,169.918
1888.75,767.098,170.9364
1889.0,681.6129999999999,166.585
1889.25,649.9970000000001,160.68449999999999
1889.5,643.1179999999999,159.54340000000002
1889.75,641.6610000000001,151.2942
1890.0,670.269,159.2695
1890.25,689.548,156.3132
1890.5,673.4639999999999,155.6354
1890.75,659.656,150.2986
1891.0,649.26,145.5693
1891.25,634.446,140.6518
1891.5,624.434,141.4995
1891.75,607.9259999999999,142.2446
1892.0,597.807,139.3123
1892.25,544.8199999999999,143.3013
1892.5,546.302,136.5986
1892.75,571.838,140.2641
1893.0,536.552,138.9102
1893.25,526.373,137.7022
1893.5,503.53999999999996,130.1831
1893.75,454.289,127.83609999999999
1894.0,481.169,125.9924
1894.25,510.46400000000006,132.4107
1894.5,487.283,136.48489999999998
1894.75,482.084,135.2294
1895.0,477.24300000000005,138.83929999999998
1895.25,455.516,137.8237
1895.5,452.11699999999996,139.84619999999998
1895.75,455.616,138.93179999999998
1896.0,449.744,132.3681
1896.25,448.22299999999996,135.4072
1896.5,454.994,136.3895
1896.75,432.98299999999995,142.816
1897.0,498.25700000000006,167.3445
1897.25,465.27099999999996,164.0968
1897.5,461.308,167.0915
1897.75,439.07300000000004,156.8252
1898.0,433.46000000000004,151.8776
1898.25,430.40199999999993,153.9065
1898.5,461.864,151.3712
1898.75,473.30600000000004,155.5317
1899.0,476.255,154.2735
1899.25,477.76200000000006,152.1189
1899.5,481.45099999999996,153.9541
1899.75,505.335,151.60410000000002
1900.0,515.7760000000001,152.2081
1900.25,527.8489999999999,152.4393
1900.5,517.196,157.7837
1900.75,523.011,154.641
1901.0,505.783,148.974
1901.25,505.84899999999993,149.21550000000002
1901.5,448.37,149.7139
1901.75,439.74300000000005,146.7738
1902.0,479.446,149.21699999999998
1902.25,500.081,143.7914
1902.5,536.5790000000001,147.2337
1902.75,543.992,152.2745
1903.0,602.7230000000001,149.5624
1903.25,678.02,158.51659999999998
1903.5,693.321,157.4068
1903.75,712.1279999999999,161.9192
1904.0,738.3389999999999,167.7777
1904.25,735.198,157.6745
1904.5,746.162,159.7026
1904.75,767.7850000000001,152.247
1905.0,802.5010000000001,161.117
1905.25,823.3720000000001,163.002
1905.5,876.4459999999999,169.14839999999998
1905.75,914.809,174.0972
1906.0,897.85,170.8826
1906.25,909.9789999999998,165.9697
1906.5,888.31,165.6076
1906.75,884.9259999999999,163.97480000000002
1907.0,955.686,164.48329999999999
1907.25,1000.9380000000001,169.0206
1907.5,1049.441,183.7672
1907.75,1094.2479999999998,192.96460000000002
1908.0,1053.499,190.5654
1908.25,993.617,198.8035
1908.5,961.8040000000001,196.77740000000003
1908.75,992.239,194.9001
1909.0,948.883,201.81210000000002
1909.25,920.5090000000001,190.02609999999999
1909.5,914.2510000000001,197.2757
1909.75,891.6759999999999,181.2754
1910.0,899.4390000000001,177.3485
1910.25,887.1759999999999,169.6693
1910.5,830.5540000000001,166.1354
1910.75,858.704,164.1227
1911.0,850.015,167.224
1911.25,879.524,170.3422
1911.5,856.1320000000001,167.8503
1911.75,837.422,161.0241
1912.0,805.623,154.6307
1912.25,799.81,148.67079999999999
1912.5,793.159,156.3912
1912.75,823.1469999999999,166.7561
1913.0,745.697,169.2614
1913.25,688.104,162.6378
1913.5,664.768,158.1535
1913.75,647.154,160.1184
1914.0,627.991,172.0754
1914.25,632.607,177.8462
1914.5,605.548,172.0233
1914.75,599.7520000000001,178.4906
1915.0,630.011,174.0977
1915.25,607.73,158.6062
1915.5,602.37,145.8474
1915.75,568.574,136.3302
1916.0,537.041,137.6647
1916.25,497.732,141.3489
1916.5,505.337,143.476
1916.75,515.72,149.3587
1917.0,476.144,140.4264
1917.25,491.28200000000004,142.05489999999998
1917.5,468.053,140.23389999999998
1917.75,465.145,138.0806
1918.0,458.756,139.03969999999998
1918.25,486.395,149.3912
1918.5,480.5,148.8548
1918.75,453.876,144.31380000000001
1919.0,450.363,146.75260000000003
1919.25,436.328,140.4092
1919.5,422.05100000000004,141.7985
1919.75,418.31600000000003,140.5978
1920.0,414.96400000000006,138.9999
1920.25,439.74199999999996,132.65359999999998
1920.5,404.242,138.9505
1920.75,387.63699999999994,136.2934
1921.0,403.55499999999995,141.3296
1921.25,384.92600000000004,139.5435
1921.5,385.817,139.1472
1921.75,384.89,133.4913
1922.0,394.726,140.93959999999998
1922.25,377.06500000000005,135.1319
1922.5,371.353,130.5165
1922.75,367.541,127.2313
1923.0,352.795,125.8887
1923.25,351.92900000000003,127.61319999999999
1923.5,353.802,127.5132
1923.75,365.245,129.0613
1924.0,367.298,132.4723
1924.25,361.69599999999997,132.8987
1924.5,347.96700000000004,129.8145
1924.75,350.011,125.3991
1925.0,357.911,126.30210000000001
1925.25,363.944,121.4983
1925.5,368.275,124.1902
1925.75,391.27199999999993,146.0226
1926.0,432.46999999999997,149.9646
1926.25,482.802,150.69389999999999
1926.5,493.4100000000001,148.68110000000001
1926.75,463.721,148.3952
1927.0,455.524,141.2745
1927.25,430.33900000000006,146.7307
1927.5,389.21000000000004,140.2065
1927.75,381.155,138.8825
1928.0,365.70799999999997,140.0369
1928.25,372.793,144.6284
1928.5,410.042,141.8899
1928.75,419.725,147.3594
1929.0,442.493,156.889
1929.25,441.785,150.7222
1929.5,477.307,154.4627
1929.75,542.756,157.3531
1930.0,528.578,153.49200000000002
1930.25,535.78,159.27609999999999
1930.5,479.011,146.6652
1930.75,488.595,146.21280000000002
1931.0,471.5,141.9206
1931.25,472.03600000000006,139.3648
1931.5,492.028,144.2963
1931.75,473.13599999999997,146.4972
1932.0,476.827,148.389
1932.25,501.14,151.9969
1932.5,480.006,148.4613
1932.75,494.23199999999997,146.88819999999998
1933.0,441.902,136.3441
1933.25,438.23,135.35109999999997
1933.5,443.15199999999993,134.91649999999998
1933.75,439.83000000000004,139.27890000000002
1934.0,446.3829999999999,141.12279999999998
1934.25,453.533,145.4194
1934.5,408.188,138.1945
1934.75,429.04900000000004,135.5939
1935.0,476.519,140.7428
1935.25,431.06000000000006,134.46859999999998
1935.5,386.15500000000003,130.5486
1935.75,433.349,133.9953
1936.0,442.697,135.2352
1936.25,450.425,132.476
1936.5,446.385,131.9832
1936.75,445.352,129.1693
1937.0,460.476,129.9914
1937.25,442.793,130.16639999999998
1937.5,433.48900000000003,130.6166
1937.75,469.708,138.0822
1938.0,466.54599999999994,134.4945
1938.25,474.16099999999994,133.9722
1938.5,461.257,133.1754
1938.75,483.27099999999996,135.41740000000001
1939.0,524.131,136.45929999999998
1939.25,475.961,123.7014
1939.5,494.55000000000007,130.0319
1939.75,509.55000000000007,127.16899999999998
1940.0,480.685,134.20510000000002
1940.25,449.71000000000004,132.7944
1940.5,441.969,133.4075
1940.75,454.291,136.1141
1941.0,438.707,136.1196
1941.25,437.009,138.5781
1941.5,442.08700000000005,140.17079999999999
1941.75,442.51,141.5165
1942.0,441.66100000000006,140.5803
1942.25,426.353,139.5701
1942.5,421.81,141.2822
1942.75,419.99800000000005,134.67409999999998
1943.0,407.81000000000006,132.2493
1943.25,413.65599999999995,131.3428
1943.5,411.85999999999996,139.4866
1943.75,411.236,135.5974
1944.0,392.90500000000003,129.3534
1944.25,408.46299999999997,134.129
1944.5,393.24699999999996,133.5084
1944.75,404.06499999999994,135.6927
1945.0,394.082,130.5453
1945.25,391.067,126.9281
1945.5,373.798,126.4823
1945.75,367.097,129.5797
1946.0,363.392,125.47710000000001
1946.25,352.88,126.7302
1946.5,362.069,130.2151
1946.75,356.185,126.4083
1947.0,344.639,124.91230000000002
1947.25,353.993,131.666
1947.5,347.494,131.0709
1947.75,344.18899999999996,129.7204
1948.0,325.07300000000004,126.02340000000001
1948.25,331.486,131.2832
1948.5,325.346,130.2198
1948.75,331.472,129.0288
1949.0,323.046,126.2091
1949.25,333.67,131.7525
1949.5,360.396,142.9864
1949.75,380.94800000000004,147.5821
1950.0,377.784,146.1898
1950.25,373.641,147.1907
1950.5,364.21700000000004,141.3133
1950.75,343.61,129.268
1951.0,341.565,135.0069
1951.25,339.32,134.8041
1951.5,347.6,134.8908
1951.75,340.798,132.7476
1952.0,338.943,136.46460000000002
1952.25,377.313,137.7065
1952.5,415.745,154.0052
1952.75,433.21399999999994,156.0534
1953.0,446.419,149.8093
1953.25,444.107,151.56470000000002
1953.5,496.76099999999997,158.8571
1953.75,463.889,154.0985
1954.0,445.00100000000003,157.5346
1954.25,451.225,149.4196
1954.5,419.471,149.558
1954.75,449.083,149.709
1955.0,460.781,156.5126
1955.25,485.1600000000001,157.9151
1955.5,499.587,163.4563
1955.75,504.80499999999995,164.21949999999998
1956.0,474.93,159.5976
1956.25,486.347,163.798
1956.5,508.78999999999996,157.8883
1956.75,524.15,157.2988
1957.0,470.25,151.0568
1957.25,462.55699999999996,149.4092
1957.5,495.514,155.9956
1957.75,495.51800000000003,153.9466
1958.0,518.753,159.7809
1958.25,505.695,159.8015
1958.5,450.025,152.6139
1958.75,452.95400000000006,150.5055
1959.0,482.164,151.3608
1959.25,490.277,148.20749999999998
1959.5,488.47499999999997,152.2927
1959.75,463.93100000000004,148.303
1960.0,484.67100000000005,148.1796
1960.25,466.048,146.6226
1960.5,482.041,148.917
1960.75,492.10600000000005,149.2344
1961.0,485.938,144.8853
1961.25,496.263,147.9367
1961.5,498.84800000000007,146.2921
1961.75,494.451,137.288
1962.0,492.068,142.5052
1962.25,428.75199999999995,124.86659999999999
1962.5,469.28599999999994,130.4342
1962.75,488.39200000000005,134.5786
1963.0,509.78499999999997,127.7634
1963.25,504.091,122.6291
1963.5,518.893,127.64280000000001
1963.75,557.201,129.95049999999998
1964.0,529.1940000000001,127.7861
1964.25,507.14599999999996,125.0077
1964.5,539.179,133.0896
1964.75,525.004,132.6475
1965.0,527.0129999999999,136.2048
1965.25,537.642,134.5789
1965.5,501.58900000000006,129.2096
1965.75,529.229,135.5509
1966.0,523.3030000000001,136.2425
1966.25,544.873,135.8942
1966.5,502.21999999999997,126.01849999999999
1966.75,506.157,131.9228
1967.0,507.797,135.0592
1967.25,497.19399999999996,131.096
1967.5,490.66999999999996,128.73069999999998
1967.75,493.14,135.1901
1968.0,488.453,130.9624
1968.25,481.113,130.1512
1968.5,468.003,126.4287
1968.75,464.32000000000005,129.562
1969.0,450.93,134.9933
1969.25,469.07300000000004,154.0652
1969.5,484.82300000000004,161.3445
1969.75,476.82500000000005,161.8749
1970.0,489.164,166.49470000000002
1970.25,485.864,169.414
1970.5,488.149,174.6766
1970.75,476.855,167.205
1971.0,465.59299999999996,167.2252
1971.25,441.803,161.3687
1971.5,443.80699999999996,161.2057
1971.75,443.747,158.4865
1972.0,434.192,151.5057
1972.25,433.135,146.046
1972.5,425.798,147.5506
1972.75,430.019,149.1826
1973.0,439.41700000000003,148.9043
1973.25,436.202,151.6518
1973.5,450.671,154.6324
1973.75,436.96999999999997,148.84109999999998
1974.0,448.28200000000004,148.7842
1974.25,459.086,150.5498
1974.5,464.519,150.89870000000002
1974.75,476.86699999999996,152.9494
1975.0,558.52,156.04340000000002
1975.25,662.3910000000001,167.33780000000002
1975.5,664.806,161.7355
1975.75,759.957,170.4596
1976.0,772.713,171.47750000000002
1976.25,822.019,173.9203
1976.5,851.8539999999998,178.63920000000002
1976.75,901.081,173.1842
1977.0,942.616,180.01999999999998
1977.25,958.7020000000001,185.96359999999999
1977.5,967.3840000000001,182.77179999999998
1977.75,1008.129,185.3975
1978.0,1010.1080000000001,179.0861
1978.25,1053.8220000000001,184.8952
1978.5,989.051,184.0626
1978.75,1025.04,190.2638
1979.0,1097.984,192.9429
1979.25,1135.674,204.8936
1979.5,1131.159,195.8977
1979.75,1156.802,203.8879
1980.0,1192.295,211.5686
1980.25,1169.211,209.2778
1980.5,1157.521,221.90840000000003
1980.75,1127.9769999999999,211.7215
1981.0,1104.733,205.96280000000002
1981.25,1101.824,200.0933
1981.5,1122.794,207.72609999999997
1981.75,1146.92,215.07670000000002
1982.0,1146.791,210.11199999999997
1982.25,1144.004,202.2559
1982.5,1134.304,200.9601
1982.75,1100.555,206.56740000000002
1983.0,1081.055,200.8425
1983.25,1077.671,199.7969
1983.5,1035.326,198.84640000000002
1983.75,1021.049,202.0908
1984.0,1004.7919999999999,190.74669999999998
1984.25,976.787,185.8811
1984.5,904.77,187.9114
1984.75,856.9299999999998,177.2136
1985.0,716.977,166.81380000000001
1985.25,685.614,174.5519
1985.5,678.935,171.7431
1985.75,704.1990000000001,183.8742
1986.0,697.8870000000001,178.25130000000001
1986.25,698.814,183.1572
1986.5,683.9359999999999,166.7362
1986.75,689.394,165.3844
1987.0,721.929,169.6482
1987.25,722.232,163.6144
1987.5,746.723,175.586
1987.75,672.6990000000001,164.33440000000002
1988.0,682.2719999999999,156.2175
1988.25,651.248,158.221
1988.5,611.976,169.3604
1988.75,591.3779999999999,154.6556
1989.0,638.609,160.0786
1989.25,678.7439999999999,169.51890000000003
1989.5,649.341,163.813
1989.75,702.9290000000001,165.5534
1990.0,676.983,156.5747
1990.25,674.492,153.6872
1990.5,643.685,160.2801
1990.75,612.557,160.67
1991.0,590.291,156.1841
1991.25,584.441,145.0055
1991.5,553.616,146.20770000000002
1991.75,549.458,145.8283
1992.0,553.547,149.6275
1992.25,549.074,147.6505
1992.5,512.462,130.8184
1992.75,526.021,137.0395
1993.0,540.6289999999999,158.2519
1993.25,540.094,163.61829999999998
1993.5,541.182,163.9376
1993.75,537.072,164.5924
1994.0,536.278,165.32489999999999
1994.25,537.938,168.322
1994.5,555.804,162.959
1994.75,546.0120000000001,160.52949999999998
1995.0,544.574,162.8687
1995.25,528.8599999999999,162.365
1995.5,521.9970000000001,162.1815
1995.75,524.673,164.415
1996.0,517.059,160.5431
1996.25,514.383,158.2615
1996.5,511.51,155.792
1996.75,510.072,154.2274
1997.0,514.4369999999999,158.4966
1997.25,551.295,157.3808
1997.5,541.627,157.8667
1997.75,510.32300000000004,159.0554
1998.0,520.881,159.6093
1998.25,523.1320000000001,160.2839
1998.5,541.009,160.79789999999997
1998.75,566.1400000000001,162.9506
1999.0,605.922,159.3945
1999.25,623.947,164.4121
1999.5,688.5799999999999,174.814
1999.75,718.788,178.6928
2000.0,740.821,163.8129
2000.25,776.6499999999999,160.7621
2000.5,811.018,162.7925
2000.75,833.6690000000001,171.5143
2001.0,838.081,164.704
2001.25,834.181,159.7501
2001.5,880.25,161.0723
2001.75,915.682,167.458
2002.0,899.183,166.2048
2002.25,875.052,166.4783
2002.5,846.995,169.5569
2002.75,934.4979999999998,171.8612
2003.0,973.043,165.28969999999998
2003.25,1015.37,164.3785
2003.5,1025.7069999999999,174.2569
2003.75,1024.408,171.1026
2004.0,983.7560000000001,182.9972
2004.25,929.807,174.19119999999998
2004.5,919.0120000000001,179.296
2004.75,932.0620000000001,182.2986
2005.0,898.274,177.31709999999998
2005.25,889.163,176.51659999999998
2005.5,891.61,173.61329999999998
2005.75,887.315,171.63479999999998
2006.0,900.357,170.6423
2006.25,914.109,175.2991
2006.5,891.413,162.221
2006.75,823.6510000000001,153.17090000000002
2007.0,801.78,157.1532
2007.25,790.299,158.4645
2007.5,804.731,160.4339
2007.75,816.018,166.0518
2008.0,789.193,164.781
2008.25,785.4870000000001,158.35129999999998
2008.5,758.869,172.4892
2008.75,729.1679999999999,175.3287
2009.0,691.852,184.762
2009.25,682.005,185.3745
2009.5,690.825,204.3653
2009.75,707.34,187.5011
2010.0,695.971,180.87380000000002
2010.25,682.27,171.9825
2010.5,655.692,158.2046
2010.75,619.6270000000001,142.3219
2011.0,657.8679999999999,142.769
2011.25,676.806,137.12699999999998
2011.5,668.7660000000001,133.1269
2011.75,635.796,131.7276
2012.0,631.6179999999999,142.02620000000002
2012.25,576.673,136.0192
2012.5,557.753,140.097
2012.75,576.854,144.39499999999998
2013.0,586.178,145.15210000000002
2013.25,571.9110000000001,139.8013
2013.5,563.7,139.2265
2013.75,569.039,140.6484
2014.0,564.102,137.5543
2014.25,569.234,138.71620000000001
2014.5,593.347,147.9978
2014.75,560.225,146.61669999999998
2015.0,565.9549999999999,146.8984
2015.25,541.352,142.8287
2015.5,575.707,154.2623
2015.75,540.293,144.6279
2016.0,514.952,150.2268
2016.25,492.284,141.1269
2016.5,505.10900000000004,136.3221
2016.75,495.437,132.89909999999998
2017.0,507.065,148.9669
2017.25,535.585,165.1819
2017.5,527.657,164.8919
2017.75,516.181,165.2884
2018.0,520.248,164.466
2018.25,554.588,167.03029999999998
2018.5,566.847,164.502
2018.75,559.802,164.4143
2019.0,555.782,164.8592
2019.25,549.5540000000001,162.4727
2019.5,530.505,162.4179
2019.75,563.901,163.7937
2020.0,570.703,167.4451
2020.25,577.191,167.38420000000002
2020.5,528.618,161.2036
2020.75,489.31199999999995,161.20340000000002
2021.0,483.355,161.57840000000002
2021.25,503.477,160.6211
2021.5,501.281,160.0243
2021.75,509.379,162.56
2022.0,488.916,159.47230000000002
2022.25,514.413,158.2456
2022.5,542.969,161.7045
2022.75,528.854,162.1047
2023.0,573.909,167.7852
2023.25,610.181,171.90970000000002
2023.5,631.14,167.5837
2023.75,694.4250000000001,166.2048
2024.0,734.211,166.4433
2024.25,776.4649999999999,168.7012
2024.5,873.1150000000001,171.3358
2024.75,889.8820000000001,178.6268
2025.0,937.5519999999999,177.6254
2025.25,898.289,171.9563
2025.5,938.422,192.8621
2025.75,980.957,200.74220000000003
2026.0,1020.904,199.1678
2026.25,1010.825,201.51369999999997
2026.5,994.975,191.7778
2026.75,999.4920000000001,196.13590000000002
2027.0,1121.005,199.65750000000003
2027.25,1144.87,203.74060000000003
2027.5,1159.552,206.46550000000002
2027.75,1159.225,216.1403
2028.0,1139.8600000000001,201.5892
2028.25,1136.503,200.9833
2028.5,1155.3999999999999,210.0795
2028.75,1119.507,207.77620000000002
2029.0,1050.787,192.6141
2029.25,1052.705,199.727
2029.5,1075.801,205.95459999999997
2029.75,1023.467,193.0333
2030.0,1021.884,184.57600000000002
2030.25,1025.927,187.3622
2030.5,1035.104,186.46450000000002
2030.75,989.12,176.1309
2031.0,975.868,177.4182
2031.25,1008.845,178.0026
2031.5,982.403,180.6431
2031.75,971.1469999999999,174.1336
2032.0,975.842,178.3693
2032.25,953.0550000000001,176.7403
2032.5,899.139,182.178
2032.75,880.4269999999999,168.4968
2033.0,783.0070000000001,174.6895
2033.25,724.268,174.8394
2033.5,730.264,177.1772
2033.75,736.774,173.3398
2034.0,728.152,176.3256
2034.25,712.617,175.9232
2034.5,730.528,174.1105
2034.75,722.958,165.71750000000003
2035.0,724.659,163.2483
2035.25,731.934,171.6116
2035.5,714.97,167.9767
2035.75,695.652,173.6007
2036.0,701.0429999999999,171.9272
2036.25,630.146,164.28199999999998
2036.5,611.9540000000001,174.1907
2036.75,636.842,176.7887
2037.0,620.4,169.33429999999998
2037.25,582.755,157.30519999999999
2037.5,611.933,165.605
2037.75,583.6669999999999,163.4907
2038.0,569.25,150.9702
2038.25,578.405,151.3993
2038.5,590.356,150.4317
2038.75,564.0229999999999,154.5368
2039.0,561.614,163.3165
2039.25,573.809,162.4166
2039.5,559.421,159.603
2039.75,536.9300000000001,148.9371
2040.0,520.365,142.6379
2040.25,555.95,147.5476
2040.5,532.144,144.3002
2040.75,521.864,153.9544
2041.0,505.75100000000003,164.7465
2041.25,537.2090000000001,162.7765
2041.5,572.005,161.80560000000003
2041.75,554.982,161.56310000000002
2042.0,551.771,163.9808
2042.25,584.9939999999999,162.4033
2042.5,552.873,162.67309999999998
2042.75,537.01,165.22629999999998
2043.0,504.284,158.8145
2043.25,494.30600000000004,151.4127
2043.5,509.336,149.7573
2043.75,524.586,150.525
2044.0,503.845,149.557
2044.25,551.7049999999999,151.4943
2044.5,517.731,150.2562
2044.75,515.258,153.0824
2045.0,553.73,153.549
2045.25,508.34299999999996,153.8668
2045.5,525.155,160.3998
2045.75,496.274,153.5717
2046.0,486.294,154.2245
2046.25,511.941,154.7255
2046.5,522.791,152.9143
2046.75,533.467,151.4834
2047.0,611.625,165.0986
2047.25,701.583,180.4383
2047.5,712.608,188.7099
2047.75,781.099,180.7489
2048.0,752.769,174.0413
2048.25,846.85,176.4776
2048.5,807.9370000000001,165.3992
2048.75,798.352,159.96120000000002
2049.0,811.0029999999999,164.6479
2049.25,798.7930000000001,161.5026
2049.5,799.663,154.9764
2049.75,807.8140000000001,161.1098
2050.0,821.049,156.9385
2050.25,791.769,154.3037
2050.5,752.755,154.80540000000002
2050.75,835.8610000000001,163.8824
2051.0,902.287,166.83769999999998
2051.25,903.184,159.8997
2051.5,889.2400000000001,161.3552
2051.75,888.568,175.8624
2052.0,885.46,179.1123
2052.25,880.6750000000001,178.3993
2052.5,870.1870000000001,181.5148
2052.75,896.14,177.6764
2053.0,806.146,170.8735
2053.25,807.472,169.2921
2053.5,824.254,175.6835
2053.75,786.8019999999999,175.3673
2054.0,768.3009999999999,169.9993
2054.25,770.732,171.7159
2054.5,762.637,170.4896
2054.75,681.967,159.66910000000001
2055.0,757.9689999999999,165.3314
2055.25,727.692,173.1637
2055.5,706.939,178.0774
2055.75,813.0310000000001,178.62969999999999
2056.0,994.3389999999999,218.95590000000004
2056.25,1034.9140000000002,284.5247
2056.5,863.6229999999998,250.30900000000003
2056.75,812.961,239.03269999999998
2057.0,821.5390000000001,239.08070000000004
2057.25,828.8309999999999,237.7486
2057.5,793.383,236.2942
2057.75,816.2610000000001,236.08259999999996
2058.0,792.472,231.7409
2058.25,833.518,232.7851
2058.5,840.7660000000001,230.2419
2058.75,836.605,226.5516
2059.0,819.727,215.2315
2059.25,867.38,219.9282
2059.5,840.437,215.7649
2059.75,876.646,216.01330000000002
2060.0,852.4870000000001,221.4296
2060.25,783.0640000000001,216.1832
2060.5,745.6990000000001,211.9879
2060.75,787.021,220.2503
2061.0,755.843,212.8241
2061.25,729.787,209.54579999999999
2061.5,721.9849999999999,207.4336
2061.75,753.7330000000001,212.8632
2062.0,717.065,208.735
2062.25,608.756,165.0301
2062.5,530.8040000000001,140.6484
2062.75,601.0730000000001,163.0734
2063.0,589.151,161.679
2063.25,583.112,169.2798
2063.5,566.7059999999999,160.5577
2063.75,520.787,160.9187
2064.0,553.064,163.4773
2064.25,535.397,167.2547
2064.5,526.904,156.88549999999998
2064.75,509.29100000000005,146.9457
2065.0,505.755,152.1788
2065.25,507.85999999999996,149.2485
2065.5,528.764,152.5549
2065.75,507.77700000000004,152.7279
2066.0,467.438,147.2732
2066.25,496.07900000000006,151.1245
2066.5,516.498,151.4461
2066.75,502.241,150.358
2067.0,478.352,151.7781
2067.25,499.93100000000004,152.26829999999998
2067.5,475.58299999999997,147.0249
2067.75,500.07399999999996,152.894
2068.0,485.401,149.6976
2068.25,479.211,145.9809
2068.5,461.99700000000007,146.5085
2068.75,463.13,142.47299999999998
2069.0,481.08299999999997,144.57299999999998
2069.25,468.331,146.1293
2069.5,481.98,146.5089
2069.75,484.32,149.2433
2070.0,501.077,145.72570000000002
2070.25,495.515,142.4882
2070.5,517.241,146.3452
2070.75,508.27799999999996,144.05610000000001
2071.0,559.808,150.50310000000002
2071.25,625.26,147.1371
2071.5,629.799,144.3821
2071.75,662.148,155.9787
2072.0,630.655,145.525
2072.25,649.071,140.26659999999998
2072.5,621.51,147.3706
2072.75,663.121,145.22140000000002
2073.0,659.446,143.06150000000002
2073.25,690.799,139.3383
2073.5,739.375,144.6937
2073.75,752.23,141.1318
2074.0,735.514,140.3151
2074.25,742.687,147.0467
2074.5,707.833,144.0162
2074.75,737.9290000000001,146.27300000000002
2075.0,787.1229999999998,151.1198
2075.25,790.1959999999999,151.39210000000003
2075.5,794.113,156.7285
2075.75,791.002,155.5978
2076.0,791.394,162.1081
2076.25,779.601,157.3181
2076.5,787.233,162.4966
2076.75,731.1460000000001,158.8757
2077.0,723.725,156.9884
2077.25,714.174,149.0062
2077.5,694.369,148.10739999999998
2077.75,711.9060000000001,147.2165
2078.0,646.678,144.131
2078.25,637.386,149.3999
2078.5,639.986,144.0617
2078.75,668.585,144.9424
2079.0,652.654,139.5076
2079.25,621.6030000000001,140.3638
2079.5,619.167,141.5663
2079.75,641.082,141.53840000000002
2080.0,661.294,145.9939
2080.25,669.669,146.0077
2080.5,663.28,143.91719999999998
2080.75,636.684,153.736
2081.0,589.5350000000001,151.9694
2081.25,589.4939999999999,155.3331
2081.5,624.105,163.5826
2081.75,630.642,162.9756
2082.0,668.638,171.0648
2082.25,679.697,173.8204
2082.5,662.944,170.94349999999997
2082.75,676.789,164.06130000000002
2083.0,669.719,151.0011
2083.25,675.046,148.7666
2083.5,617.171,144.6122
2083.75,625.367,152.75209999999998
2084.0,606.9749999999999,152.7778
2084.25,536.564,155.6782
2084.5,487.418,140.1051
2084.75,470.672,139.98
2085.0,496.68199999999996,139.7535
2085.25,492.278,136.02880000000002
2085.5,510.51800000000003,142.51569999999998
2085.75,496.655,147.29340000000002
2086.0,468.435,142.4425
2086.25,460.925,141.1882
2086.5,450.497,137.82659999999998
2086.75,454.044,133.34789999999998
2087.0,439.43000000000006,136.4192
2087.25,437.12300000000005,138.9908
2087.5,409.60400000000004,134.43959999999998
2087.75,416.89700000000005,133.9124
2088.0,429.576,134.7337
2088.25,390.48800000000006,127.3049
2088.5,373.392,125.19220000000001
2088.75,386.144,131.596
2089.0,379.49,127.04509999999999
2089.25,379.645,129.1322
2089.5,390.19100000000003,133.6317
2089.75,388.41100000000006,134.8277
2090.0,387.87800000000004,129.3968
2090.25,390.47300000000007,126.0738
2090.5,387.38599999999997,127.1126
2090.75,376.553,128.10559999999998
2091.0,367.232,121.87709999999998
2091.25,370.373,123.0061
2091.5,374.30899999999997,128.5274
2091.75,358.346,121.3032
2092.0,352.324,120.47640000000001
2092.25,357.705,121.3362
2092.5,346.661,120.357
2092.75,352.322,124.38389999999998
2093.0,372.107,125.14929999999998
2093.25,365.227,122.01339999999999
2093.5,373.514,124.6096
2093.75,409.955,137.17989999999998
2094.0,425.062,145.05200000000002
2094.25,432.167,149.0772
2094.5,412.00399999999996,142.3372
2094.75,429.10400000000004,141.5422
2095.0,420.14,142.34539999999998
2095.25,433.063,149.748
2095.5,435.69100000000003,150.3572
2095.75,416.029,139.5552
2096.0,362.549,137.1427
2096.25,406.364,137.5021
2096.5,413.89700000000005,140.2877
2096.75,450.973,147.8245
2097.0,462.01,147.2834
2097.25,437.789,150.5105
2097.5,463.30100000000004,154.45749999999998
2097.75,483.887,158.4836
2098.0,461.995,156.4336
2098.25,411.86199999999997,155.41140000000001
2098.5,391.364,150.3502
2098.75,392.765,152.1689
2099.0,453.278,152.1615
2099.25,462.563,159.615
2099.5,474.815,157.9764
2099.75,503.46400000000006,159.2279
2100.0,507.63300000000004,153.1715
2100.25,511.175,157.088
2100.5,535.166,157.4226
2100.75,520.65,158.3619
2101.0,468.87,150.7346
2101.25,474.39199999999994,154.105
2101.5,489.152,153.96609999999998
2101.75,483.2130000000001,151.9458
2102.0,502.59499999999997,147.8506
2102.25,477.007,146.7582
2102.5,466.074,150.90550000000002
2102.75,449.978,147.5537
2103.0,442.038,146.6978
2103.25,462.56399999999996,147.8717
2103.5,459.44899999999996,145.5558
2103.75,440.20400000000006,142.0038
2104.0,438.572,138.7086
2104.25,438.53700000000003,137.583
2104.5,433.821,139.38469999999998
2104.75,454.548,146.457
2105.0,452.881,144.3366
2105.25,468.23400000000004,144.179
2105.5,500.668,144.9951
2105.75,500.42800000000005,144.85829999999999
2106.0,484.97300000000007,140.4467
2106.25,485.21000000000004,142.09629999999999
2106.5,500.54699999999997,142.6966
2106.75,503.64199999999994,132.91219999999998
2107.0,511.926,133.44729999999998
2107.25,535.554,138.1479
2107.5,547.632,134.1524
2107.75,524.375,141.9632
2108.0,498.75899999999996,137.8804
2108.25,476.359,132.6818
2108.5,492.634,137.8406
2108.75,506.298,138.2332
2109.0,464.431,131.98669999999998
2109.25,462.208,130.8646
2109.5,443.913,132.2133
2109.75,459.42999999999995,138.2451
2110.0,465.151,136.3535
2110.25,452.557,137.6138
2110.5,460.071,141.3059
2110.75,432.2049999999999,138.35930000000002
2111.0,427.26800000000003,134.0387
2111.25,439.063,136.71300000000002
2111.5,432.875,138.1542
2111.75,432.825,136.8705
2112.0,419.09000000000003,133.9109
2112.25,426.18399999999997,137.56310000000002
2112.5,408.44899999999996,131.56779999999998
2112.75,407.91100000000006,130.2139
2113.0,396.269,133.9869
2113.25,397.17400000000004,137.1315
2113.5,409.297,139.22050000000002
2113.75,420.991,135.9934
2114.0,394.652,125.40429999999999
2114.25,400.292,128.37779999999998
2114.5,393.23199999999997,130.52249999999998
2114.75,383.27000000000004,129.8937
2115.0,375.519,128.1199
2115.25,373.34000000000003,127.72000000000001
2115.5,383.20399999999995,131.9189
2115.75,371.741,127.77969999999999
2116.0,370.771,128.237
2116.25,374.68399999999997,133.2854
2116.5,364.785,128.4619
2116.75,360.856,129.12759999999997
2117.0,383.491,133.904
2117.25,379.486,130.0178
2117.5,378.136,128.034
2117.75,378.26,129.7343
2118.0,378.017,127.8617
2118.25,376.987,127.63659999999999
2118.5,378.649,128.7905
2118.75,366.05899999999997,122.09240000000001
2119.0,349.97299999999996,119.734
2119.25,389.952,126.4663
2119.5,372.186,120.05599999999998
2119.75,365.848,115.97749999999999
2120.0,343.175,120.37719999999999
2120.25,382.577,122.8925
2120.5,399.91999999999996,125.05969999999999
2120.75,419.605,133.75979999999998
2121.0,462.05899999999997,148.71949999999998
2121.25,451.955,153.6223
2121.5,478.32399999999996,156.1867
2121.75,509.71000000000004,156.90800000000002
2122.0,504.294,151.5555
2122.25,461.956,148.3715
2122.5,412.81899999999996,143.0219
2122.75,420.107,146.6768
2123.0,457.739,156.8882
2123.25,440.236,147.6588
2123.5,437.749,140.188
2123.75,462.047,140.4751
2124.0,497.81800000000004,141.9046
2124.25,483.628,143.2332
2124.5,489.129,141.2096
2124.75,517.683,147.19490000000002
2125.0,470.624,144.25979999999998
2125.25,456.256,142.58350000000002
2125.5,464.89700000000005,143.4589
2125.75,488.153,140.27960000000002
2126.0,490.29999999999995,137.1144
2126.25,492.303,134.1744
2126.5,481.13599999999997,129.4418
2126.75,460.663,135.9737
2127.0,482.72900000000004,147.5505
2127.25,505.536,146.44639999999998
2127.5,469.59800000000007,147.6538
2127.75,465.24199999999996,153.8356
2128.0,474.0690000000001,151.3182
2128.25,475.557,149.2602
2128.5,506.679,151.8212
2128.75,540.731,162.2443
2129.0,531.79,148.3761
2129.25,500.15099999999995,136.8219
2129.5,524.439,144.5473
2129.75,493.85,136.1262
2130.0,524.26,138.2996
2130.25,542.1990000000001,146.9299
2130.5,551.877,146.5727
2130.75,598.56,149.769
2131.0,626.144,154.0706
2131.25,583.419,137.579
2131.5,607.488,137.2847
2131.75,593.0999999999999,138.1972
2132.0,567.284,138.21949999999998
2132.25,587.727,145.9211
2132.5,552.162,137.0349
2132.75,619.116,120.0858
2133.0,565.0740000000001,145.9129
2133.25,548.087,144.2405
2133.5,525.903,134.1643
2133.75,516.706,137.8449
2134.0,552.915,141.6558
2134.25,547.6780000000001,139.4076
2134.5,517.031,136.19920000000002
2134.75,527.786,137.8405
2135.0,522.396,145.29070000000002
2135.25,517.637,147.0008
2135.5,507.433,143.2642
2135.75,528.431,148.6567
2136.0,532.158,146.44119999999998
2136.25,506.85300000000007,133.3742
2136.5,508.874,152.3879
2136.75,516.1899999999999,160.6548
2137.0,532.6329999999999,167.002
2137.25,522.458,170.8083
2137.5,572.501,176.3788
2137.75,562.689,168.9415
2138.0,601.935,164.9083
2138.25,596.136,168.7137
2138.5,590.298,170.06040000000002
2138.75,577.563,165.0052
2139.0,567.093,154.5178
2139.25,572.2439999999999,158.6411
2139.5,571.093,155.4091
2139.75,528.004,154.0049
2140.0,547.139,149.60680000000002
2140.25,505.43899999999996,145.6251
2140.5,505.71400000000006,143.19060000000002
2140.75,510.367,147.10559999999998
2141.0,511.22900000000004,147.6522
2141.25,507.47400000000005,146.8863
2141.5,499.68,147.7813
2141.75,500.727,146.9995
2142.0,515.3340000000001,142.30259999999998
2142.25,513.742,146.5831
2142.5,508.69899999999996,141.9165
2142.75,527.6189999999999,147.1492
2143.0,620.389,151.17340000000002
2143.25,696.1469999999999,164.47650000000002
2143.5,735.813,162.2504
2143.75,859.1400000000001,172.1682
2144.0,948.124,185.5574
2144.25,1028.659,189.8907
2144.5,1027.1570000000002,190.5622
2144.75,1101.623,197.2373
2145.0,1141.3850000000002,202.07150000000001
2145.25,1110.491,200.39100000000002
2145.5,1146.327,216.0931
2145.75,1266.252,236.1937
2146.0,1533.27,310.358
2146.25,1301.417,251.0128
2146.5,1199.9560000000001,222.9607
2146.75,1187.09,213.5825
2147.0,1253.378,223.27870000000001
2147.25,1283.975,227.5093
2147.5,1285.9969999999998,213.1171
2147.75,1239.3709999999999,214.70409999999998
2148.0,1211.1019999999999,227.5025
2148.25,1186.732,225.049
2148.5,1118.6779999999999,209.20770000000002
2148.75,1149.01,213.8909
2149.0,1066.439,188.959
2149.25,1060.915,202.1925
2149.5,1082.8609999999999,200.6987
2149.75,1052.5970000000002,195.7831
2150.0,1017.6650000000001,182.90109999999999
2150.25,970.3420000000001,177.2394
2150.5,900.4480000000001,176.2435
2150.75,889.4359999999999,174.4491
2151.0,890.0,185.7821
2151.25,877.838,178.8949
2151.5,841.4710000000001,177.6292
2151.75,862.604,177.3679
2152.0,846.436,168.82940000000002
2152.25,824.287,175.69060000000002
2152.5,826.002,176.22469999999998
2152.75,775.3420000000001,171.2404
2153.0,735.706,171.17249999999999
2153.25,697.11,161.2697
2153.5,702.5999999999999,166.2943
2153.75,726.96,168.1442
2154.0,701.245,168.8473
2154.25,687.202,150.3481
2154.5,635.779,150.8493
2154.75,658.59,152.7619
2155.0,642.267,151.2351
2155.25,648.926,151.247
2155.5,653.4449999999999,144.9067
2155.75,649.4100000000001,147.7473
2156.0,647.572,147.8751
2156.25,559.508,143.2271
2156.5,577.4540000000001,146.7736
2156.75,593.386,158.06240000000003
2157.0,615.454,155.15370000000001
2157.25,594.491,143.3947
2157.5,588.5020000000001,146.0041
2157.75,602.5609999999999,151.4149
2158.0,590.323,146.3966
2158.25,621.632,153.5831
2158.5,589.45,154.42589999999998
2158.75,549.217,142.0685
2159.0,530.378,133.86360000000002
2159.25,537.512,139.3526
2159.5,516.578,135.7597
2159.75,475.946,132.8476
2160.0,463.68199999999996,134.336
2160.25,457.20399999999995,129.9962
2160.5,455.906,127.1518
2160.75,441.826,117.79770000000002
2161.0,461.43399999999997,116.6865
2161.25,476.092,131.357
2161.5,525.596,146.0922
2161.75,534.249,144.1035
2162.0,530.454,143.1787
2162.25,530.288,143.3553
2162.5,530.732,144.4201
2162.75,532.063,144.8899
2163.0,504.322,141.907
2163.25,504.71000000000004,142.9479
2163.5,477.03999999999996,141.0031
2163.75,468.99199999999996,143.9685
2164.0,459.64700000000005,144.7971
2164.25,460.744,144.0648
2164.5,471.758,145.8053
2164.75,461.84999999999997,139.9927
2165.0,452.603,139.9685
2165.25,455.72900000000004,139.9512
2165.5,469.54900000000004,142.3422
2165.75,473.56399999999996,143.3023
2166.0,494.702,140.1977
2166.25,518.98,140.84210000000002
2166.5,523.201,141.38479999999998
2166.75,543.572,146.0587
2167.0,587.277,143.2368
2167.25,677.202,151.4649
2167.5,663.798,148.8462
2167.75,629.571,149.76930000000002
2168.0,614.691,150.9249
2168.25,619.683,158.76430000000002
2168.5,643.9590000000001,156.8986
2168.75,667.6410000000001,150.1496
2169.0,707.415,157.32319999999999
2169.25,712.1469999999999,155.393
2169.5,742.5219999999999,155.9101
2169.75,686.2719999999999,150.7368
2170.0,694.719,149.84029999999998
2170.25,690.264,150.5036
2170.5,589.803,147.9114
2170.75,658.333,141.87269999999998
2171.0,733.949,150.5864
2171.25,737.05,153.4837
2171.5,771.8629999999999,167.50900000000001
2171.75,791.643,170.5029
2172.0,745.063,170.3053
2172.25,717.268,166.42739999999998
2172.5,717.825,176.8126
2172.75,695.467,165.46699999999998
2173.0,677.757,161.8381
2173.25,677.0880000000001,161.5469
2173.5,670.806,167.0862
2173.75,636.102,159.0515
2174.0,618.575,156.7794
2174.25,606.71,145.80200000000002
2174.5,571.998,145.2227
2174.75,561.149,146.7975
2175.0,583.773,153.221
2175.25,583.587,154.0643
2175.5,577.104,146.1336
2175.75,578.264,148.2514
2176.0,582.665,152.0012
2176.25,648.736,154.03209999999999
2176.5,648.909,148.9727
2176.75,635.664,155.1758
2177.0,628.628,166.04680000000002
2177.25,622.006,163.4118
2177.5,640.677,165.2019
2177.75,620.265,167.65410000000003
2178.0,600.821,167.0051
2178.25,602.089,162.6576
2178.5,593.386,161.1318
2178.75,649.961,161.137
2179.0,673.557,150.1406
2179.25,646.7660000000001,134.7736
2179.5,627.472,147.1632
2179.75,578.4739999999999,136.5706
2180.0,609.63,140.57819999999998
2180.25,558.028,137.75549999999998
2180.5,531.671,132.71859999999998
2180.75,557.036,141.0299
2181.0,547.806,137.6076
2181.25,527.783,131.18970000000002
2181.5,522.5989999999999,130.6384
2181.75,525.992,130.69299999999998
2182.0,503.75300000000004,128.0355
2182.25,511.016,131.4593
2182.5,472.292,129.23239999999998
2182.75,479.65099999999995,135.5421
2183.0,471.60300000000007,139.0195
2183.25,457.601,140.91209999999998
2183.5,426.158,131.7163
2183.75,444.073,133.01049999999998
2184.0,447.039,128.9785
2184.25,447.10299999999995,135.7844
2184.5,405.224,132.423
2184.75,417.395,132.0359
2185.0,436.697,134.7978
2185.25,448.33900000000006,159.5533
2185.5,452.978,160.3533
2185.75,428.96000000000004,156.5695
2186.0,414.57000000000005,151.6019
2186.25,406.697,152.58169999999998
2186.5,404.975,151.5924
2186.75,411.772,157.7294
2187.0,417.461,159.91
2187.25,403.724,153.78539999999998
2187.5,400.93100000000004,154.2575
2187.75,404.322,154.7877
2188.0,393.00199999999995,150.8956
2188.25,402.53,151.9318
2188.5,393.83899999999994,146.34230000000002
2188.75,388.433,152.3678
2189.0,407.12600000000003,155.226
2189.25,412.73,155.2133
2189.5,413.006,155.0235
2189.75,397.982,151.1279
2190.0,416.332,147.2448
2190.25,426.89300000000003,137.8418
2190.5,457.644,137.733
2190.75,462.42400000000004,133.9323
2191.0,499.024,134.4675
2191.25,567.015,155.35309999999998
2191.5,592.485,155.2267
2191.75,620.394,159.8989
2192.0,562.374,147.1333
2192.25,607.565,149.8904
2192.5,622.2660000000001,161.1841
2192.75,635.9110000000001,160.0198
2193.0,665.196,155.6711
2193.25,654.933,153.5894
2193.5,715.645,164.7267
2193.75,750.519,161.5353
2194.0,756.067,158.0433
2194.25,780.354,161.11520000000002
2194.5,702.573,151.6137
2194.75,700.345,149.1925
2195.0,773.0920000000001,151.03549999999998
2195.25,789.9670000000001,151.79000000000002
2195.5,833.98,153.6846
2195.75,797.383,153.74740000000003
2196.0,791.4860000000001,156.6565
2196.25,827.9109999999998,167.3276
2196.5,814.3430000000001,169.4504
2196.75,860.558,168.716
2197.0,797.9079999999999,173.9081
2197.25,766.3299999999999,164.40390000000002
2197.5,752.881,169.6289
2197.75,755.845,167.2283
2198.0,756.406,173.2315
2198.25,749.425,156.0537
2198.5,698.857,162.6453
2198.75,716.4970000000001,158.1126
2199.0,707.803,156.0367
2199.25,711.625,155.1239
2199.5,649.269,146.1772
2199.75,625.469,142.7154
2200.0,662.23,145.7148
2200.25,658.419,146.3067
2200.5,595.1189999999999,147.9561
2200.75,580.079,144.6594
2201.0,558.939,151.1938
2201.25,591.111,159.78410000000002
2201.5,611.529,153.5557
2201.75,614.0699999999999,153.92770000000002
2202.0,693.386,162.31189999999998
2202.25,718.105,153.5768
2202.5,738.3399999999999,149.8902
2202.75,753.553,151.1504
2203.0,723.004,146.1739
2203.25,746.476,148.9125
2203.5,748.662,158.2462
2203.75,669.697,151.3347
2204.0,668.2090000000001,151.69549999999998
2204.25,634.6659999999999,151.6264
2204.5,615.813,152.11010000000002
2204.75,602.078,146.8178
2205.0,607.721,147.1168
2205.25,592.439,146.3716
2205.5,602.452,149.71009999999998
2205.75,561.7159999999999,143.2517
2206.0,555.8770000000001,145.4773
2206.25,558.857,147.5092
2206.5,570.839,152.3434
2206.75,529.842,145.0407
2207.0,507.922,138.9439
2207.25,469.535,140.9032
2207.5,479.748,136.7012
2207.75,467.696,142.4359
2208.0,447.266,132.0717
2208.25,508.196,139.0127
2208.5,472.063,132.4021
2208.75,483.79200000000003,125.98450000000001
2209.0,471.245,127.3093
2209.25,482.55899999999997,135.28750000000002
2209.5,510.872,156.38760000000002
2209.75,522.98,151.28050000000002
2210.0,526.873,150.2967
2210.25,531.139,149.18619999999999
2210.5,544.527,153.36180000000002
2210.75,543.2,151.4057
2211.0,523.572,150.0535
2211.25,518.72,151.0953
2211.5,502.132,148.1898
2211.75,499.17099999999994,147.2278
2212.0,469.37600000000003,147.287
2212.25,464.402,147.2138
2212.5,479.01800000000003,149.23479999999998
2212.75,476.456,145.9335
2213.0,465.55899999999997,143.9973
2213.25,444.18500000000006,141.1712
2213.5,467.999,145.93650000000002
2213.75,460.21299999999997,143.9874
2214.0,475.933,143.4574
2214.25,485.831,145.5476
2214.5,514.4659999999999,141.86430000000001
2214.75,526.1320000000001,139.34550000000002
2215.0,570.674,146.6636
2215.25,624.894,153.2727
2215.5,658.182,154.2948
2215.75,694.854,154.6003
2216.0,668.079,150.7228
2216.25,678.03,155.7193
2216.5,679.674,156.4845
2216.75,716.283,157.4764
2217.0,759.001,168.2065
2217.25,728.202,163.68269999999998
2217.5,723.422,162.1605
2217.75,738.028,155.3605
2218.0,718.677,152.2792
2218.25,741.092,160.144
2218.5,723.416,157.8727
2218.75,750.0229999999999,155.8953
2219.0,845.0200000000001,163.3879
2219.25,816.898,159.1599
2219.5,837.0150000000001,165.706
2219.75,811.822,168.2619
2220.0,854.5899999999999,174.77859999999998
2220.25,803.3199999999999,173.55339999999998
2220.5,785.233,165.9323
2220.75,823.9630000000001,167.4083
2221.0,745.0419999999999,164.2421
2221.25,710.646,153.5999
2221.5,690.301,153.4202
2221.75,693.92,152.6011
2222.0,688.4290000000001,149.17440000000002
2222.25,691.0989999999999,149.4251
2222.5,682.445,149.4284
2222.75,646.888,148.9915
2223.0,654.223,143.2036
2223.25,636.064,145.9843
2223.5,639.602,156.3706
2223.75,667.867,158.0839
2224.0,674.4100000000001,157.2113
2224.25,662.255,156.6019
2224.5,650.121,166.7492
2224.75,625.9259999999999,173.38150000000002
2225.0,649.518,171.6871
2225.25,631.498,162.3085
2225.5,626.595,158.40619999999998
2225.75,627.1679999999999,156.97140000000002
2226.0,677.888,152.2279
2226.25,697.36,155.1971
2226.5,705.371,154.36430000000001
2226.75,707.6,154.7168
2227.0,740.346,150.3025
2227.25,719.35,142.1123
2227.5,647.3530000000001,135.8945
2227.75,596.318,134.83440000000002
2228.0,602.114,126.5625
2228.25,561.922,132.036
2228.5,544.0699999999999,132.0897
2228.75,549.062,135.35840000000002
2229.0,520.916,124.80789999999999
2229.25,500.228,124.9804
2229.5,506.57599999999996,125.7288
2229.75,515.1859999999999,128.4181
2230.0,494.48300000000006,127.37270000000001
2230.25,509.158,126.0521
2230.5,517.277,127.7984
2230.75,488.531,128.79149999999998
2231.0,487.028,132.3442
2231.25,470.027,125.6705
2231.5,454.637,127.7149
2231.75,448.73699999999997,126.61699999999999
2232.0,442.793,130.9029
2232.25,432.491,130.4071
2232.5,394.14799999999997,123.4257
2232.75,390.71000000000004,125.53020000000001
2233.0,453.217,157.2662
2233.25,436.552,156.7264
2233.5,406.799,148.0728
2233.75,406.10200000000003,150.1107
2234.0,410.0,152.0395
2234.25,403.68500000000006,150.9439
2234.5,397.724,149.32659999999998
2234.75,389.128,151.0212
2235.0,380.141,146.7269
2235.25,377.90799999999996,145.0938
2235.5,379.646,145.1978
2235.75,382.07599999999996,145.1765
2236.0,369.5,143.4605
2236.25,370.754,145.2536
2236.5,360.777,143.1492
2236.75,363.84499999999997,144.9694
2237.0,358.96999999999997,140.9514
2237.25,368.127,141.5942
2237.5,386.73499999999996,147.1341
2237.75,395.21000000000004,145.8984
2238.0,403.60999999999996,146.2219
2238.25,417.584,143.6997
2238.5,432.119,141.2626
2238.75,429.12100000000004,141.4177
2239.0,478.44000000000005,145.25830000000002
2239.25,533.362,146.1052
2239.5,570.6990000000001,150.0657
2239.75,579.126,149.8332
2240.0,535.677,143.7469
2240.25,558.55,135.5639
2240.5,544.204,141.15679999999998
2240.75,584.865,143.72590000000002
2241.0,622.404,150.3447
2241.25,632.321,147.5258
2241.5,615.759,147.6879
2241.75,622.533,137.0638
2242.0,668.264,142.9356
2242.25,677.679,141.4579
2242.5,613.3199999999999,132.6318
2242.75,585.125,133.39579999999998
2243.0,622.554,143.1587
2243.25,697.0409999999999,147.1159
2243.5,754.579,160.0469
2243.75,778.348,167.02089999999998
2244.0,743.98,157.13830000000002
2244.25,735.5880000000001,150.30720000000002
2244.5,698.046,145.4623
2244.75,696.839,147.8758
2245.0,649.7249999999999,142.31830000000002
2245.25,649.204,137.5885
2245.5,633.948,139.9229
2245.75,616.401,137.73579999999998
2246.0,606.3230000000001,142.048
2246.25,572.2570000000001,141.8778
2246.5,567.114,137.7996
2246.75,529.8689999999999,139.0653
2247.0,525.085,136.7216
2247.25,524.328,131.8521
2247.5,484.894,128.824
2247.75,481.449,136.8856
2248.0,459.403,138.3884
2248.25,444.951,128.9321
2248.5,434.38,123.86690000000002
2248.75,430.337,116.5193
2249.0,443.61,116.0152
2249.25,420.685,110.7082
2249.5,417.37,107.541
2249.75,465.962,114.0529
2250.0,464.042,118.90809999999999
2250.25,450.78200000000004,117.6524
2250.5,491.79499999999996,128.2915
2250.75,533.498,132.4078
2251.0,534.2280000000001,126.7575
2251.25,526.394,120.4923
2251.5,515.387,121.6145
2251.75,534.575,117.8303
2252.0,545.387,118.102
2252.25,472.106,112.8056
2252.5,436.21999999999997,115.591
2252.75,470.747,119.47319999999999
2253.0,487.55500000000006,121.40469999999999
2253.25,481.953,119.8123
2253.5,475.057,116.91579999999999
2253.75,448.506,115.28200000000001
2254.0,440.72299999999996,115.2509
2254.25,447.332,115.946
2254.5,412.374,117.13810000000001
2254.75,413.11199999999997,116.8997
2255.0,423.12800000000004,116.84360000000001
2255.25,405.71900000000005,115.0693
2255.5,364.69000000000005,111.5924
2255.75,370.414,110.5118
2256.0,366.80899999999997,105.9786
2256.25,364.142,106.84129999999999
2256.5,354.403,107.3587
2256.75,351.525,110.4144
2257.0,353.463,115.39080000000001
2257.25,359.543,116.95839999999998
2257.5,354.38599999999997,117.5617
2257.75,362.129,111.1945
2258.0,351.068,112.5025
2258.25,336.152,113.9454
2258.5,334.582,111.6329
2258.75,318.89300000000003,111.4229
2259.0,309.09799999999996,111.29070000000002
2259.25,315.66,115.553
2259.5,329.016,116.4126
2259.75,307.847,112.8159
2260.0,294.8518,111.6599
2260.25,295.3945,107.8877
2260.5,292.139,105.1446
2260.75,271.0666,108.6594
2261.0,299.19370000000004,112.1165
2261.25,300.43,112.38740000000001
2261.5,318.49199999999996,110.11070000000001
2261.75,338.279,110.8946
2262.0,340.581,109.3503
2262.25,368.60900000000004,111.8798
2262.5,374.27299999999997,111.25919999999999
2262.75,394.256,109.3304
2263.0,400.89199999999994,127.38130000000001
2263.25,360.89300000000003,126.63860000000001
2263.5,376.515,128.0456
2263.75,358.07899999999995,130.2104
2264.0,331.505,123.732
2264.25,413.317,128.8852
2264.5,419.471,134.509
2264.75,462.395,136.8217
2265.0,416.031,134.95020000000002
2265.25,411.31999999999994,134.9222
2265.5,399.296,132.0539
2265.75,413.254,131.6642
2266.0,440.65900000000005,133.0083
2266.25,425.702,134.75220000000002
2266.5,379.175,134.5438
2266.75,389.9,136.5057
2267.0,397.832,135.82909999999998
2267.25,392.341,132.4426
2267.5,387.894,133.4035
2267.75,430.48900000000003,131.07229999999998
2268.0,485.794,133.7175
2268.25,518.003,144.8724
2268.5,468.236,135.6927
2268.75,475.515,137.6677
2269.0,453.91099999999994,138.3092
2269.25,433.025,141.95950000000002
2269.5,399.538,136.2126
2269.75,432.32300000000004,140.33409999999998
2270.0,437.312,138.8578
2270.25,399.25800000000004,135.0198
2270.5,388.716,136.1451
2270.75,398.80699999999996,134.5334
2271.0,400.299,136.1222
2271.25,418.154,136.02870000000001
2271.5,402.509,124.23920000000001
2271.75,358.43899999999996,110.34170000000002
2272.0,383.584,114.7566
2272.25,389.861,118.1099
2272.5,413.91700000000003,117.3749
2272.75,379.509,113.82239999999999
2273.0,360.301,104.3494
2273.25,401.69500000000005,107.32820000000001
2273.5,464.422,109.03640000000001
2273.75,423.43600000000004,107.60310000000001
2274.0,406.98499999999996,101.7284
2274.25,447.874,101.7885
2274.5,460.609,107.5966
2274.75,478.334,108.18539999999999
2275.0,456.994,104.2653
2275.25,452.747,108.62629999999999
2275.5,465.582,110.26429999999999
2275.75,515.519,120.4975
2276.0,516.047,123.1276
2276.25,479.287,121.7492
2276.5,469.885,127.17819999999999
2276.75,455.098,118.2279
2277.0,457.15900000000005,122.2168
2277.25,455.24800000000005,119.0601
2277.5,424.544,116.0487
2277.75,389.773,113.8476
2278.0,397.264,116.962
2278.25,410.21900000000005,120.546
2278.5,409.175,123.9863
2278.75,379.853,123.9641
2279.0,386.28999999999996,114.0625
2279.25,372.39799999999997,112.4256
2279.5,367.768,113.03970000000001
2279.75,354.45000000000005,111.6934
2280.0,341.406,108.13320000000002
2280.25,349.97900000000004,108.9985
2280.5,341.87600000000003,106.9914
2280.75,336.21,106.50470000000001
2281.0,331.038,108.54299999999999
2281.25,352.811,112.34110000000001
2281.5,335.59499999999997,108.2507
2281.75,329.95099999999996,108.5822
2282.0,333.951,108.82229999999998
2282.25,311.633,106.71159999999999
2282.5,306.53,108.4174
2282.75,301.40799999999996,106.76760000000002
2283.0,307.07599999999996,108.91149999999999
2283.25,310.214,107.51919999999998
2283.5,308.65099999999995,107.2353
2283.75,299.65840000000003,106.94730000000001
2284.0,299.2371,112.1957
2284.25,292.9683,111.0604
2284.5,284.3811,107.7499
2284.75,283.2984,107.0098
2285.0,289.6482,105.26250000000002
2285.25,303.899,107.228
2285.5,307.68499999999995,108.5632
2285.75,309.219,103.9177
2286.0,322.62,108.9785
2286.25,318.665,109.6806
2286.5,299.69259999999997,107.14809999999999
2286.75,283.0923,105.8219
2287.0,285.46900000000005,108.75550000000001
2287.25,278.36990000000003,105.2615
2287.5,272.32570000000004,105.8801
2287.75,310.69100000000003,131.0873
2288.0,313.902,131.35
2288.25,304.571,131.0331
2288.5,346.088,131.98590000000002
2288.75,366.461,134.1834
2289.0,354.917,136.5932
2289.25,363.497,136.0338
2289.5,420.785,141.86430000000001
2289.75,425.1809999999999,147.6061
2290.0,413.246,141.0114
2290.25,389.93899999999996,143.1931
2290.5,355.949,140.5138
2290.75,366.324,138.9046
2291.0,381.977,137.74960000000002
2291.25,410.13200000000006,140.4894
2291.5,431.423,144.85150000000002
2291.75,404.91499999999996,139.17000000000002
2292.0,473.039,149.8261
2292.25,467.355,148.7686
2292.5,470.51099999999997,148.03699999999998
2292.75,459.34099999999995,146.79399999999998
2293.0,429.64700000000005,141.8038
2293.25,426.275,139.07520000000002
2293.5,434.20099999999996,142.53220000000002
2293.75,449.28999999999996,143.528
2294.0,428.399,143.1712
2294.25,392.942,143.11849999999998
2294.5,420.96500000000003,143.01270000000002
2294.75,408.70400000000006,137.451
2295.0,422.44300000000004,138.3624
2295.25,407.424,139.35500000000002
2295.5,396.044,145.97949999999997
2295.75,387.383,144.0079
2296.0,377.993,143.696
2296.25,413.19399999999996,145.16039999999998
2296.5,394.89199999999994,135.2577
2296.75,399.52500000000003,138.2705
2297.0,395.66,135.912
2297.25,415.856,130.3728
2297.5,431.97299999999996,131.2517
2297.75,457.44499999999994,144.9031
2298.0,474.077,149.0025
2298.25,514.539,148.7468
2298.5,491.20099999999996,142.3082
2298.75,519.527,137.852
2299.0,547.354,138.9961
2299.25,553.628,141.3949
2299.5,571.748,143.942
2299.75,546.3389999999999,136.43079999999998
2300.0,492.673,125.99220000000001
2300.25,524.77,129.1413
2300.5,518.108,128.2501
2300.75,506.05699999999996,117.9189
2301.0,469.97900000000004,119.93710000000002
2301.25,454.525,121.6613
2301.5,492.26300000000003,127.71960000000001
2301.75,484.111,123.78710000000001
2302.0,438.736,124.83010000000002
2302.25,438.754,126.08409999999999
2302.5,430.853,121.35750000000002
2302.75,424.81500000000005,124.443
2303.0,422.894,121.8672
2303.25,434.881,122.4243
2303.5,395.485,119.2192
2303.75,411.814,124.2254
2304.0,405.668,125.44989999999999
2304.25,379.396,121.9842
2304.5,375.74,118.2946
2304.75,360.28000000000003,120.42869999999999
2305.0,365.71700000000004,123.2288
2305.25,370.727,131.5943
2305.5,395.68100000000004,150.5032
2305.75,384.062,148.1076
2306.0,398.16200000000003,149.45080000000002
2306.25,376.90700000000004,144.6902
2306.5,371.15099999999995,143.8751
2306.75,357.62600000000003,142.5478
2307.0,353.49,142.8862
2307.25,347.396,143.4745
2307.5,350.678,142.4798
2307.75,357.11699999999996,150.3864
2308.0,337.466,143.923
2308.25,341.205,143.39440000000002
2308.5,346.11199999999997,147.4701
2308.75,354.156,145.7137
2309.0,361.256,141.0339
2309.25,344.66,139.8989
2309.5,351.824,143.3025
2309.75,345.176,138.83280000000002
2310.0,379.438,139.7549
2310.25,402.591,137.6319
2310.5,405.067,134.5915
2310.75,428.774,144.0985
2311.0,501.84000000000003,143.05220000000003
2311.25,550.93,149.889
2311.5,597.494,154.73510000000002
2311.75,571.986,143.714
2312.0,530.874,133.29410000000001
2312.25,540.246,134.6992
2312.5,560.271,142.66559999999998
2312.75,590.769,136.87560000000002
2313.0,592.554,141.5162
2313.25,586.095,135.3334
2313.5,618.627,139.4334
2313.75,640.377,141.733
2314.0,594.425,133.5692
2314.25,605.313,132.1877
2314.5,624.87,131.6538
2314.75,668.54,140.2345
2315.0,682.182,141.0639
2315.25,730.602,147.48489999999998
2315.5,742.894,148.40030000000002
2315.75,748.9110000000001,164.7384
2316.0,758.04,168.64100000000002
2316.25,692.133,161.436
2316.5,688.0619999999999,151.3998
2316.75,636.3000000000001,145.9683
2317.0,601.629,142.9582
2317.25,606.612,145.2486
2317.5,600.6659999999999,141.4721
2317.75,603.768,138.0584
2318.0,594.84,137.6037
2318.25,583.287,131.12269999999998
2318.5,585.219,139.7142
2318.75,574.377,139.20319999999998
2319.0,588.96,138.6381
2319.25,593.066,137.9708
2319.5,611.3969999999999,138.40769999999998
2319.75,686.034,138.1747
2320.0,698.814,155.1927
2320.25,713.3910000000001,154.89759999999998
2320.5,647.0219999999999,154.431
2320.75,616.0350000000001,147.844
2321.0,587.274,148.8873
2321.25,594.375,148.291
2321.5,620.079,145.0904
2321.75,638.202,146.6294
2322.0,602.526,146.6461
2322.25,607.106,137.25240000000002
2322.5,622.55,142.4072
2322.75,610.2349999999999,139.9649
2323.0,620.402,137.3477
2323.25,609.302,137.3912
2323.5,619.001,136.36020000000002
2323.75,640.085,138.3777
2324.0,604.575,129.1362
2324.25,630.912,130.6136
2324.5,647.569,133.1169
2324.75,634.426,130.1827
2325.0,635.471,126.9653
2325.25,631.106,124.32560000000001
2325.5,633.4689999999999,131.0141
2325.75,613.157,128.9373
2326.0,549.644,126.0195
2326.25,619.727,127.10499999999999
2326.5,592.123,127.4996
2326.75,535.424,126.422
2327.0,525.2,123.35409999999999
2327.25,519.435,129.6559
2327.5,508.346,131.31629999999998
2327.75,471.25100000000003,126.3629
2328.0,449.87600000000003,129.5765
2328.25,443.92,122.6035
2328.5,436.537,123.84790000000001
2328.75,435.419,130.27
2329.0,443.588,152.2828
2329.25,429.614,146.962
2329.5,416.654,143.28750000000002
2329.75,413.546,141.0897
2330.0,405.18199999999996,141.2541
2330.25,375.641,127.9108
2330.5,363.777,120.9723
2330.75,375.035,122.7207
2331.0,370.002,122.95550000000001
2331.25,361.1,120.71450000000002
2331.5,366.281,122.12599999999998
2331.75,382.92699999999996,140.34519999999998
2332.0,380.05999999999995,141.1193
2332.25,397.18800000000005,138.81990000000002
2332.5,412.631,139.2552
2332.75,423.628,141.63869999999997
2333.0,398.66700000000003,142.6532
2333.25,403.033,141.1121
2333.5,411.05499999999995,144.03629999999998
2333.75,401.836,145.8793
2334.0,414.754,143.42100000000002
2334.25,449.35999999999996,144.7682
2334.5,460.56,143.9934
2334.75,474.931,141.97
2335.0,508.87,140.8582
2335.25,602.6370000000001,147.1503
2335.5,614.182,148.1557
2335.75,625.815,150.5308
2336.0,604.977,140.3668
2336.25,599.435,139.0333
2336.5,565.054,137.34539999999998
2336.75,564.5129999999999,140.1643
2337.0,616.9110000000001,142.5362
2337.25,646.178,143.95479999999998
2337.5,653.268,144.4456
2337.75,659.439,145.245
2338.0,689.436,152.325
2338.25,680.825,141.1174
2338.5,657.647,145.11790000000002
2338.75,643.994,149.9425
2339.0,652.248,149.1624
2339.25,678.129,148.50029999999998
2339.5,676.719,148.7643
2339.75,676.069,157.1499
2340.0,665.514,159.6227
2340.25,652.633,154.4502
2340.5,629.7660000000001,144.4919
2340.75,598.7280000000001,141.923
2341.0,605.351,147.2437
2341.25,551.727,154.2378
2341.5,494.736,116.0266
2341.75,489.648,112.2696
2342.0,497.847,113.34389999999999
2342.25,498.67500000000007,111.0516
2342.5,479.64799999999997,114.1046
2342.75,509.202,134.1832
2343.0,533.771,141.98219999999998
2343.25,550.5229999999999,139.3358
2343.5,543.606,131.5464
2343.75,509.06100000000004,128.1946
2344.0,528.299,134.0062
2344.25,516.303,131.6242
2344.5,528.653,130.7337
2344.75,531.623,128.8298
2345.0,507.92100000000005,142.70589999999999
2345.25,536.448,148.5522
2345.5,526.842,150.3202
2345.75,527.97,146.5824
2346.0,595.972,155.2178
2346.25,566.458,139.4693
2346.5,570.171,125.3632
2346.75,642.265,128.5818
2347.0,605.942,115.93790000000001
2347.25,572.109,114.1876
2347.5,575.249,113.4648
2347.75,565.5889999999999,117.2807
2348.0,593.2,126.411
2348.25,605.1410000000001,127.2301
2348.5,562.244,126.7039
2348.75,558.1959999999999,126.5812
2349.0,555.515,121.7341
2349.25,529.769,121.21209999999999
2349.5,550.928,125.9916
2349.75,524.423,122.2767
2350.0,501.11299999999994,122.3686
2350.25,504.432,126.1522
2350.5,495.895,124.8655
2350.75,503.065,127.85610000000001
2351.0,508.313,129.3518
2351.25,471.03200000000004,131.4708
2351.5,458.402,129.3844
2351.75,456.642,134.0855
2352.0,447.967,134.8151
2352.25,408.794,128.2765
2352.5,393.60400000000004,122.5411
2352.75,398.042,142.1109
2353.0,410.341,149.3579
2353.25,388.853,141.1071
2353.5,417.53,141.483
2353.75,412.36699999999996,140.5069
2354.0,396.32300000000004,137.8932
2354.25,409.98499999999996,142.8095
2354.5,397.78999999999996,141.2292
2354.75,412.51099999999997,137.6586
2355.0,434.453,138.5179
2355.25,430.997,138.6022
2355.5,386.922,137.4057
2355.75,381.17499999999995,139.50920000000002
2356.0,357.555,136.4155
2356.25,374.075,135.413
2356.5,373.874,134.99779999999998
2356.75,370.769,136.7149
2357.0,369.116,137.0575
2357.25,379.841,140.58520000000001
2357.5,366.139,138.136
2357.75,369.376,133.1391
2358.0,364.504,133.15269999999998
2358.25,411.628,136.1599
2358.5,416.446,131.6189
2358.75,424.40500000000003,134.13330000000002
2359.0,462.62300000000005,143.704
2359.25,544.482,153.1252
2359.5,558.087,146.6396
2359.75,544.278,145.1739
2360.0,542.748,132.9526
2360.25,591.5129999999999,135.8337
2360.5,620.4060000000001,137.1243
2360.75,614.898,135.7904
2361.0,634.271,138.9939
2361.25,606.792,133.9468
2361.5,628.518,143.7789
2361.75,608.34,149.97410000000002
2362.0,621.0509999999999,145.86169999999998
2362.25,662.6,142.7326
2362.5,634.454,150.819
2362.75,656.238,146.77800000000002
2363.0,681.46,142.9557
2363.25,650.5419999999999,149.7568
2363.5,683.178,147.9493
2363.75,678.6569999999999,170.8775
2364.0,673.932,155.7012
2364.25,677.9250000000001,154.7177
2364.5,648.894,169.53500000000003
2364.75,638.502,159.7335
2365.0,585.48,153.3715
2365.25,576.268,152.91570000000002
2365.5,576.764,144.9045
2365.75,583.83,151.682
2366.0,556.207,144.2995
2366.25,562.482,140.58440000000002
2366.5,532.806,136.2029
2366.75,525.5429999999999,128.4222
2367.0,533.577,124.73259999999999
2367.25,540.44,131.0569
2367.5,523.155,133.60829999999999
2367.75,543.808,140.2458
2368.0,500.813,127.3245
2368.25,493.96799999999996,129.04
2368.5,507.62300000000005,124.33709999999999
2368.75,497.442,131.5956
2369.0,496.58400000000006,123.1185
2369.25,493.62100000000004,109.07990000000001
2369.5,489.697,109.5806
2369.75,502.71,116.4195
2370.0,511.505,114.719
2370.25,548.957,122.64150000000001
2370.5,523.457,118.916
2370.75,599.828,127.1661
2371.0,559.8689999999999,118.93979999999999
2371.25,544.1419999999999,121.1132
2371.5,511.67900000000003,119.1164
2371.75,510.36899999999997,117.9223
2372.0,564.719,125.86089999999999
2372.25,559.106,125.76030000000002
2372.5,506.279,126.0341
2372.75,535.847,130.50400000000002
2373.0,550.0039999999999,127.43860000000001
2373.25,585.614,131.0479
2373.5,521.762,123.91550000000001
2373.75,499.328,123.67750000000001
2374.0,484.256,127.4855
2374.25,492.783,133.5814
2374.5,493.77200000000005,126.1951
2374.75,467.828,132.69760000000002
2375.0,470.50399999999996,131.8836
2375.25,454.655,126.993
2375.5,463.821,128.33520000000001
2375.75,431.179,125.845
2376.0,429.64300000000003,131.0125
2376.25,420.619,126.6576
2376.5,381.163,122.23580000000001
2376.75,389.33299999999997,124.8785
2377.0,383.96299999999997,122.96770000000001
2377.25,370.03700000000003,122.85559999999998
2377.5,359.26099999999997,123.54769999999999
2377.75,395.637,147.48250000000002
2378.0,429.10400000000004,145.67749999999998
2378.25,442.32399999999996,147.3711
2378.5,417.73,146.8952
2378.75,419.228,149.2076
2379.0,391.976,143.4513
2379.25,391.832,145.4025
2379.5,361.67900000000003,142.5813
2379.75,362.255,148.14
2380.0,346.4,141.94920000000002
2380.25,355.91400000000004,142.5721
2380.5,359.258,142.9815
2380.75,346.975,140.9996
2381.0,354.77299999999997,143.9599
2381.25,360.017,145.65540000000001
2381.5,379.636,150.7426
2381.75,376.655,147.0558
2382.0,393.901,144.7477
2382.25,412.84,136.0477
2382.5,439.659,139.00920000000002
2382.75,420.78400000000005,133.1199
2383.0,493.104,140.38909999999998
2383.25,540.296,143.2861
2383.5,550.884,138.55460000000002
2383.75,559.988,137.5306
2384.0,570.093,139.03879999999998
2384.25,579.606,143.6865
2384.5,566.213,141.9309
2384.75,604.827,148.734
2385.0,555.1410000000001,143.2191
2385.25,626.424,149.6099
2385.5,629.0740000000001,151.9233
2385.75,608.159,145.7236
2386.0,616.732,149.6654
2386.25,606.015,138.511
2386.5,600.222,151.3677
2386.75,634.611,157.5707
2387.0,701.205,156.65120000000002
2387.25,738.2909999999999,159.8056
2387.5,746.733,163.8992
2387.75,772.2629999999999,186.2372
2388.0,738.2819999999999,171.3093
2388.25,760.0889999999999,184.21699999999998
2388.5,726.021,172.9147
2388.75,714.204,168.3624
2389.0,697.735,162.2863
2389.25,659.898,168.9727
2389.5,667.482,165.6597
2389.75,611.909,161.9018
2390.0,608.681,160.4964
2390.25,698.292,191.467
2390.5,770.6519999999999,209.44740000000002
2390.75,718.462,200.9121
2391.0,724.626,202.236
2391.25,736.057,202.4555
2391.5,726.526,200.9108
2391.75,730.77,200.10340000000002
2392.0,753.126,203.91750000000002
2392.25,751.819,201.16649999999998
2392.5,739.431,200.24360000000001
2392.75,723.273,204.0505
2393.0,715.227,198.638
2393.25,742.7860000000001,198.4808
2393.5,709.7819999999999,210.14549999999997
2393.75,705.822,208.0686
2394.0,762.365,215.6681
2394.25,761.2750000000001,196.6663
2394.5,736.941,192.67630000000003
2394.75,752.614,173.1165
2395.0,713.917,152.6519
2395.25,667.066,143.51989999999998
2395.5,623.7059999999999,142.4424
2395.75,591.215,143.9
2396.0,614.315,139.60500000000002
2396.25,559.296,127.95590000000001
2396.5,535.4659999999999,126.05369999999999
2396.75,528.899,133.73329999999999
2397.0,480.815,121.9443
2397.25,476.05999999999995,122.778
2397.5,479.43499999999995,121.4369
2397.75,453.101,122.13419999999999
2398.0,461.49199999999996,129.54649999999998
2398.25,484.64300000000003,131.4407
2398.5,437.081,132.5538
2398.75,440.096,132.3481
2399.0,457.874,131.72930000000002
2399.25,450.881,136.4031
2399.5,419.226,134.4171
2399.75,385.121,125.57150000000001
2400.0,396.53,128.33319999999998
2400.25,375.291,121.9417
2400.5,364.86,119.12359999999998
2400.75,387.1329999999999,124.60600000000001
2401.0,416.53999999999996,148.2994
2401.25,386.606,148.1388
2401.5,383.861,145.0293
2401.75,391.134,146.1457
2402.0,407.351,150.9792
2402.25,411.49800000000005,145.17340000000002
2402.5,401.285,146.14600000000002
2402.75,404.21900000000005,148.6696
2403.0,421.939,153.3207
2403.25,433.778,149.5185
2403.5,442.547,149.6653
2403.75,421.48900000000003,146.6651
2404.0,411.602,150.1121
2404.25,393.88,144.3391
2404.5,396.84499999999997,141.316
2404.75,433.40199999999993,148.25310000000002
2405.0,428.226,152.9622
2405.25,432.196,152.8716
2405.5,438.283,151.2853
2405.75,443.357,146.7835
2406.0,453.38599999999997,141.4762
2406.25,448.46200000000005,139.8368
2406.5,471.05499999999995,139.7895
2406.75,493.56,142.1042
2407.0,546.6859999999999,150.942
2407.25,571.011,152.4194
2407.5,593.931,147.9712
2407.75,665.895,157.3692
2408.0,633.048,145.9939
2408.25,690.45,162.87439999999998
2408.5,680.7660000000001,164.46730000000002
2408.75,684.475,163.9413
2409.0,761.44,176.2839
2409.25,757.312,176.7647
2409.5,769.318,177.1845
2409.75,768.163,171.4353
2410.0,805.4979999999998,174.3421
2410.25,806.7059999999999,191.1111
2410.5,812.034,191.8615
2410.75,803.8290000000001,171.53209999999999
2411.0,815.4759999999999,169.1844
2411.25,833.692,163.6365
2411.5,855.847,173.1846
2411.75,887.6199999999999,177.9232
2412.0,834.436,161.0119
2412.25,856.5819999999999,163.829
2412.5,839.844,166.2436
2412.75,814.059,156.31029999999998
2413.0,740.9110000000001,159.5491
2413.25,709.941,151.2996
2413.5,682.7710000000001,149.5938
2413.75,678.492,151.8299
2414.0,666.639,150.074
2414.25,676.743,142.9237
2414.5,651.4359999999999,134.3391
2414.75,661.9839999999999,141.5
2415.0,648.7719999999999,142.8095
2415.25,696.568,138.51760000000002
2415.5,700.048,134.83339999999998
2415.75,698.53,127.6548
2416.0,694.888,140.016
2416.25,673.2729999999999,139.8092
2416.5,649.354,134.3729
2416.75,654.577,141.8946
2417.0,569.0550000000001,143.4727
2417.25,593.181,143.3001
2417.5,597.102,143.7898
2417.75,589.833,143.59230000000002
2418.0,595.1419999999999,143.1728
2418.25,572.258,143.6005
2418.5,578.309,141.6871
2418.75,593.523,150.73950000000002
2419.0,607.2470000000001,156.63440000000003
2419.25,588.02,154.0615
2419.5,573.308,165.3251
2419.75,573.7860000000001,155.1275
2420.0,542.414,146.7073
2420.25,513.8,145.0965
2420.5,506.921,133.2493
2420.75,480.422,133.8776
2421.0,479.15,126.2903
2421.25,492.71000000000004,127.3911
2421.5,494.91200000000003,131.27640000000002
2421.75,484.481,137.05429999999998
2422.0,501.68899999999996,141.5718
2422.25,483.48499999999996,138.973
2422.5,461.196,134.06959999999998
2422.75,427.472,127.9102
2423.0,447.347,136.1718
2423.25,399.578,131.2638
2423.5,419.777,139.7701
2423.75,402.51700000000005,136.1751
2424.0,393.85,134.3843
2424.25,384.077,134.337
2424.5,361.11299999999994,128.76819999999998
2424.75,363.859,120.20489999999998
2425.0,374.82099999999997,121.74700000000001
2425.25,367.909,121.4239
2425.5,342.199,121.6165
2425.75,349.988,121.2758
2426.0,385.874,128.1199
2426.25,369.926,129.7072
2426.5,371.51200000000006,137.8778
2426.75,374.654,135.27620000000002
2427.0,365.305,132.832
2427.25,366.379,131.5498
2427.5,356.093,132.871
2427.75,349.926,130.21620000000001
2428.0,340.183,126.0389
2428.25,332.38800000000003,126.122
2428.5,316.985,122.4775
2428.75,327.09200000000004,127.60170000000001
2429.0,329.735,125.93
2429.25,354.05899999999997,141.317
2429.5,363.832,146.1015
2429.75,383.744,141.2063
2430.0,374.06600000000003,140.297
2430.25,388.842,139.9248
2430.5,389.94100000000003,142.3977
2430.75,396.802,143.3537
2431.0,381.45799999999997,143.99790000000002
2431.25,375.827,143.8346
2431.5,372.49,142.9035
2431.75,377.55,147.3922
2432.0,359.055,144.64090000000002
2432.25,401.942,144.9721
2432.5,419.174,151.8165
2432.75,450.976,147.6817
2433.0,442.043,144.256
2433.25,436.68999999999994,145.2397
2433.5,449.828,149.9311
2433.75,446.24,147.7806
2434.0,438.53599999999994,140.5558
2434.25,430.778,138.406
2434.5,409.408,136.4536
2434.75,403.84,135.4956
2435.0,438.035,138.6165
2435.25,451.01,141.929
2435.5,466.59299999999996,136.659
2435.75,448.66200000000003,139.6581
2436.0,515.3599999999999,145.6257
2436.25,502.205,144.0366
2436.5,497.73,137.3173
2436.75,470.26200000000006,130.3473
2437.0,429.808,128.02429999999998
2437.25,491.645,155.6165
2437.5,639.569,213.36579999999998
2437.75,623.889,204.61450000000002
2438.0,617.447,199.01629999999997
2438.25,617.8789999999999,199.378
2438.5,596.009,193.5075
2438.75,593.871,190.10569999999998
2439.0,582.2090000000001,189.62709999999998
2439.25,569.1949999999999,190.6212
2439.5,600.062,192.9965
2439.75,593.7629999999999,190.34640000000002
2440.0,608.544,190.3363
2440.25,609.9780000000001,183.9919
2440.5,598.424,187.1937
2440.75,592.838,189.0985
2441.0,613.965,187.0326
2441.25,647.15,192.72170000000003
2441.5,663.0840000000001,198.5051
2441.75,643.9100000000001,190.2717
2442.0,624.564,177.4097
2442.25,697.797,180.5748
2442.5,712.932,183.60719999999998
2442.75,705.048,178.7711
2443.0,711.042,180.4961
2443.25,695.058,179.5128
2443.5,702.894,178.9486
2443.75,704.235,181.8779
2444.0,667.954,179.2392
2444.25,581.465,169.6684
2444.5,581.909,176.3861
2444.75,579.927,174.50150000000002
2445.0,594.317,175.2861
2445.25,581.208,178.1111
2445.5,573.879,180.7397
2445.75,577.961,181.6433
2446.0,594.558,180.6631
2446.25,529.076,169.3341
2446.5,512.246,166.0044
2446.75,507.244,167.3397
2447.0,505.66099999999994,162.3868
2447.25,416.05699999999996,129.2235
2447.5,400.68199999999996,125.6178
2447.75,435.428,123.83590000000001
2448.0,414.85400000000004,122.3864
2448.25,413.66600000000005,125.8181
2448.5,414.353,124.1295
2448.75,414.194,120.8213
2449.0,398.56600000000003,123.7534
2449.25,390.656,124.9331
2449.5,380.54200000000003,127.67779999999999
2449.75,379.976,127.0679
2450.0,371.88199999999995,129.1454
2450.25,363.819,126.59710000000001
2450.5,376.838,128.33010000000002
2450.75,376.997,126.4346
2451.0,356.072,122.81370000000001
2451.25,341.14500000000004,118.043
2451.5,340.68399999999997,117.7951
2451.75,336.43499999999995,118.63000000000001
2452.0,341.377,118.2074
2452.25,335.334,119.9144
2452.5,335.04499999999996,121.9976
2452.75,337.118,123.46700000000001
2453.0,344.216,125.0862
2453.25,357.83,123.06899999999999
2453.5,334.717,118.1647
2453.75,345.968,116.8895
2454.0,353.457,122.5102
2454.25,349.889,124.0308
2454.5,358.874,122.9443
2454.75,379.693,144.2468
2455.0,358.40799999999996,142.897
2455.25,359.219,142.7005
2455.5,351.53,141.5584
2455.75,352.334,141.72109999999998
2456.0,346.14799999999997,134.2566
2456.25,367.319,133.87709999999998
2456.5,402.41,137.6879
2456.75,421.481,139.4382
2457.0,465.07000000000005,145.3126
2457.25,476.534,145.9438
2457.5,467.62699999999995,140.7842
2457.75,486.22,148.4255
2458.0,521.63,145.90109999999999
2458.25,472.106,148.7332
2458.5,425.711,150.5962
2458.75,419.866,149.624
2459.0,443.56999999999994,155.5585
2459.25,479.071,156.4423
2459.5,497.183,153.0302
2459.75,520.7,156.2173
2460.0,554.924,160.6455
2460.25,508.90700000000004,163.14780000000002
2460.5,497.453,161.679
2460.75,500.359,159.1815
2461.0,467.717,158.30380000000002
2461.25,427.16499999999996,151.9407
2461.5,450.812,157.4917
2461.75,443.936,151.3732
2462.0,444.18999999999994,154.61169999999998
2462.25,454.18100000000004,155.7294
2462.5,450.85999999999996,154.6677
2462.75,430.68500000000006,150.29670000000002
2463.0,457.98499999999996,154.38920000000002
2463.25,433.564,156.0244
2463.5,458.135,153.4193
2463.75,470.183,159.38909999999998
2464.0,451.63,159.3239
2464.25,447.92900000000003,158.14509999999999
2464.5,439.02200000000005,152.6789
2464.75,465.206,149.8118
2465.0,477.197,145.2214
2465.25,478.061,141.5471
2465.5,511.086,138.81400000000002
2465.75,485.776,144.4597
2466.0,447.376,144.16910000000001
2466.25,493.7049999999999,138.25639999999999
2466.5,514.444,120.9788
2466.75,512.409,121.117
2467.0,517.561,123.8078
2467.25,518.358,121.2067
2467.5,515.377,121.97919999999999
2467.75,559.034,131.3998
2468.0,557.634,139.88260000000002
2468.25,489.209,130.7782
2468.5,462.71000000000004,126.787
2468.75,499.57399999999996,132.0933
2469.0,458.39599999999996,125.4988
2469.25,464.621,130.3534
2469.5,470.33899999999994,126.011
2469.75,448.03600000000006,126.59570000000001
2470.0,467.779,128.45749999999998
2470.25,446.11800000000005,123.5635
2470.5,429.236,121.5236
2470.75,416.047,122.41580000000002
2471.0,434.81000000000006,127.10499999999999
2471.25,415.672,127.5613
2471.5,398.173,127.637
2471.75,388.23499999999996,123.65440000000001
2472.0,390.36600000000004,123.09190000000001
2472.25,383.245,126.6953
2472.5,400.225,129.2844
2472.75,401.516,128.2668
2473.0,376.78700000000003,126.7638
2473.25,370.381,127.68159999999999
2473.5,397.20799999999997,136.5026
2473.75,379.072,132.6752
2474.0,367.68899999999996,138.6379
2474.25,378.95399999999995,153.9726
2474.5,366.038,149.81130000000002
2474.75,379.094,151.76760000000002
2475.0,365.856,146.2971
2475.25,359.48400000000004,144.0088
2475.5,356.71000000000004,144.712
2475.75,348.93899999999996,140.7
2476.0,345.201,142.2648
2476.25,358.293,140.7724
2476.5,351.80600000000004,141.5455
2476.75,345.035,141.6126
2477.0,345.416,143.7756
2477.25,392.895,150.1077
2477.5,398.083,152.1988
2477.75,375.044,145.06369999999998
2478.0,380.251,142.3178
2478.25,405.891,143.4073
2478.5,430.45899999999995,142.6121
2478.75,441.544,138.4126
2479.0,494.43,147.6956
2479.25,530.9490000000001,144.0871
2479.5,524.444,145.073
2479.75,565.1469999999999,146.9042
2480.0,568.392,140.53220000000002
2480.25,562.843,138.6379
2480.5,561.165,136.9469
2480.75,577.475,145.0981
2481.0,601.817,138.6755
2481.25,608.646,141.1731
2481.5,613.239,147.9545
2481.75,619.767,152.9178
2482.0,648.789,146.82850000000002
2482.25,657.678,146.87560000000002
2482.5,620.688,132.7781
2482.75,642.4259999999999,134.067
2483.0,638.744,131.3493
2483.25,689.823,140.0807
2483.5,712.0409999999999,153.19420000000002
2483.75,719.493,156.9875
2484.0,715.484,154.2371
2484.25,698.307,151.4926
2484.5,683.895,142.4635
2484.75,672.201,146.818
2485.0,619.704,149.9487
2485.25,622.6679999999999,150.5439
2485.5,586.701,139.7507
2485.75,591.402,143.3604
2486.0,565.779,134.9162
2486.25,563.068,131.2759
2486.5,575.594,132.3899
2486.75,516.3050000000001,128.6112
2487.0,523.884,129.0096
2487.25,537.338,130.92739999999998
2487.5,521.178,124.92509999999999
2487.75,559.423,121.549
2488.0,553.596,126.9064
2488.25,544.902,127.79909999999998
2488.5,534.096,130.6114
2488.75,552.468,137.2776
2489.0,536.625,141.0602
2489.25,523.267,128.1333
2489.5,523.362,128.72519999999997
2489.75,533.757,135.1138
2490.0,524.154,129.0654
2490.25,521.45,120.67089999999999
2490.5,545.511,128.4885
2490.75,606.008,141.5021
2491.0,592.159,145.2704
2491.25,616.083,150.52069999999998
2491.5,615.6030000000001,151.7998
2491.75,598.157,151.64069999999998
2492.0,590.422,148.3769
2492.25,559.249,143.2846
2492.5,527.108,136.5819
2492.75,517.222,131.3019
2493.0,529.4659999999999,139.25650000000002
2493.25,567.688,145.1257
2493.5,537.4879999999999,138.8395
2493.75,528.034,140.84720000000002
2494.0,517.29,145.5022
2494.25,485.88800000000003,130.1049
2494.5,505.118,122.02050000000001
2494.75,527.1800000000001,128.4133
2495.0,481.01300000000003,125.7084
2495.25,445.847,118.3701
2495.5,429.36199999999997,116.5121
2495.75,419.12300000000005,115.7295
2496.0,409.721,117.16900000000001
2496.25,392.078,114.3409
2496.5,383.281,112.8897
2496.75,360.78900000000004,113.10390000000001
2497.0,379.736,112.6385
2497.25,388.346,113.6226
2497.5,410.351,120.85400000000001
2497.75,410.618,136.226
2498.0,406.00700000000006,138.4744
2498.25,395.914,136.69549999999998
2498.5,399.338,138.5827
2498.75,393.872,136.6677
2499.0,387.137,133.80349999999999
2499.25,390.418,135.71609999999998
2499.5,380.069,133.46280000000002
2499.75,386.996,136.1669
2500.0,383.64300000000003,139.4509
2500.25,387.02600000000007,137.6085
2500.5,375.73400000000004,136.0061
2500.75,376.634,135.0186
2501.0,354.908,132.3734
2501.25,351.839,133.88729999999998
2501.5,363.18499999999995,134.6941
2501.75,363.71999999999997,133.56550000000001
2502.0,381.229,130.57999999999998
2502.25,409.85,136.1287
2502.5,412.12300000000005,133.643
2502.75,442.40199999999993,145.0995
2503.0,481.91600000000005,132.5823
2503.25,526.125,136.4385
2503.5,567.301,141.0029
2503.75,555.781,135.8557
2504.0,607.98,135.8852
2504.25,611.254,139.4488
2504.5,578.327,135.42149999999998
2504.75,572.7929999999999,137.30720000000002
2505.0,604.3050000000001,141.553
2505.25,586.62,131.9478
2505.5,608.72,134.298
2505.75,623.431,142.8668
2506.0,638.9590000000001,146.4404
2506.25,620.259,142.151
2506.5,594.98,138.07819999999998
2506.75,620.251,139.2527
2507.0,629.369,136.1345
2507.25,671.076,146.8315
2507.5,676.083,152.2305
2507.75,693.9060000000001,162.7261
2508.0,700.26,159.6656
2508.25,707.923,155.6208
2508.5,720.327,149.1274
2508.75,682.777,152.84890000000001
2509.0,650.685,142.4284
2509.25,647.2149999999999,148.8776
2509.5,668.769,155.3296
2509.75,665.075,152.9164
2510.0,648.057,145.8639
2510.25,637.963,147.3721
2510.5,607.4069999999999,144.5059
2510.75,594.114,143.6453
2511.0,587.477,143.9957
2511.25,617.84,145.0467
2511.5,659.464,148.5755
2511.75,617.868,147.0726
2512.0,620.283,140.6089
2512.25,637.2059999999999,143.3535
2512.5,635.134,146.7409
2512.75,611.226,144.91559999999998
2513.0,567.717,145.0966
2513.25,551.295,135.0119
2513.5,548.61,142.5197
2513.75,588.898,154.5137
2514.0,584.408,154.2313
2514.25,611.112,151.36900000000003
2514.5,569.352,137.9086
2514.75,563.969,135.9387
2515.0,622.274,145.8589
2515.25,634.289,143.379
2515.5,620.712,147.2769
2515.75,626.183,148.6877
2516.0,609.771,143.178
2516.25,554.837,137.8025
2516.5,559.226,134.52630000000002
2516.75,528.137,132.46620000000001
2517.0,555.64,138.94959999999998
2517.25,578.329,143.03660000000002
2517.5,579.74,149.8178
2517.75,559.736,152.6875
2518.0,554.783,146.019
2518.25,549.784,147.35999999999999
2518.5,493.70799999999997,146.89499999999998
2518.75,481.778,140.4125
2519.0,464.921,129.61849999999998
2519.25,435.41299999999995,135.20080000000002
2519.5,454.766,136.188
2519.75,432.167,127.73670000000001
2520.0,388.312,124.64609999999999
2520.25,374.658,120.50129999999999
2520.5,383.722,119.2848
2520.75,378.142,119.92249999999999
2521.0,387.322,132.3261
2521.25,397.969,153.2981
2521.5,418.856,161.18540000000002
2521.75,428.85799999999995,164.138
2522.0,395.75,157.7329
2522.25,378.28000000000003,154.73860000000002
2522.5,382.865,158.7623
2522.75,383.339,160.81980000000001
2523.0,385.028,163.5035
2523.25,368.017,155.2108
2523.5,369.68,144.3833
2523.75,362.375,140.5394
2524.0,362.48,133.2967
2524.25,355.63800000000003,129.4658
2524.5,343.09200000000004,125.7974
2524.75,347.286,126.8027
2525.0,347.142,128.7969
2525.25,364.962,128.3425
2525.5,354.69,126.73409999999998
2525.75,354.03200000000004,126.517
2526.0,381.68899999999996,124.5693
2526.25,383.93899999999996,129.8536
2526.5,450.62199999999996,140.7029
2526.75,436.67900000000003,134.3197
2527.0,525.7040000000001,137.0666
2527.25,598.74,147.9497
2527.5,555.9350000000001,139.75990000000002
2527.75,558.2909999999999,137.0971
2528.0,557.485,133.2233
2528.25,582.966,135.9673
2528.5,568.197,139.68779999999998
2528.75,582.438,133.9567
2529.0,622.991,140.5148
2529.25,624.42,136.1008
2529.5,648.153,142.4597
2529.75,623.649,147.04489999999998
2530.0,581.403,138.64800000000002
2530.25,617.385,145.98590000000002
2530.5,612.663,148.3502
2530.75,624.987,150.1096
2531.0,660.507,142.9537
2531.25,672.883,134.034
2531.5,688.563,138.9493
2531.75,691.87,148.2176
2532.0,711.8340000000001,159.652
2532.25,695.887,153.2846
2532.5,687.393,155.38
2532.75,674.829,158.3121
2533.0,659.232,149.5568
2533.25,631.772,150.3074
2533.5,640.602,152.3264
2533.75,587.8380000000001,138.5919
2534.0,593.98,135.08350000000002
2534.25,606.186,129.964
2534.5,578.665,133.9819
2534.75,567.1469999999999,140.0405
2535.0,550.038,135.93290000000002
2535.25,547.268,129.8245
2535.5,562.916,138.019
2535.75,600.813,146.7124
2536.0,593.32,142.90630000000002
2536.25,581.7660000000001,152.6483
2536.5,549.726,153.6737
2536.75,550.371,143.9231
2537.0,536.952,158.7498
2537.25,525.729,155.60500000000002
2537.5,595.623,157.2009
2537.75,572.2529999999999,155.7826
2538.0,568.99,141.7692
2538.25,574.6959999999999,141.5871
2538.5,622.009,145.5273
2538.75,611.5840000000001,140.27450000000002
2539.0,625.054,144.1764
2539.25,636.798,151.0945
2539.5,665.868,166.7233
2539.75,648.659,157.04430000000002
2540.0,599.63,140.1924
2540.25,556.4659999999999,139.4638
2540.5,561.287,133.53269999999998
2540.75,559.801,140.98870000000002
2541.0,516.818,142.80700000000002
2541.25,533.1610000000001,142.118
2541.5,506.44900000000007,134.6009
2541.75,519.23,133.863
2542.0,487.97900000000004,128.2389
2542.25,498.47299999999996,124.4002
2542.5,441.332,121.6734
2542.75,430.37600000000003,121.3254
2543.0,436.342,126.0378
2543.25,446.26700000000005,126.05109999999999
2543.5,465.383,130.81130000000002
2543.75,436.547,128.14170000000001
2544.0,435.52099999999996,121.1226
2544.25,405.66499999999996,126.31909999999999
2544.5,407.488,130.0355
2544.75,401.217,139.668
2545.0,415.83399999999995,148.45520000000002
2545.25,421.508,144.47
2545.5,448.226,152.81889999999999
2545.75,471.815,152.8589
2546.0,458.336,140.3334
2546.25,452.596,138.45
2546.5,440.15,137.7253
2546.75,429.134,138.2071
2547.0,423.65199999999993,137.3122
2547.25,415.28,134.63459999999998
2547.5,401.45000000000005,134.2832
2547.75,381.078,134.7278
2548.0,392.644,137.2724
2548.25,393.605,139.33700000000002
2548.5,384.836,139.475
2548.75,399.206,132.563
2549.0,395.20099999999996,130.1669
2549.25,371.161,129.702
2549.5,363.26300000000003,131.55599999999998
2549.75,387.592,135.6091
2550.0,382.61,131.62969999999999
2550.25,414.371,135.0541
2550.5,422.011,139.0794
2550.75,487.98,149.20669999999998
2551.0,560.106,144.102
2551.25,637.755,141.5396
2551.5,621.6659999999999,143.1574
2551.75,597.96,143.499
2552.0,571.6379999999999,139.1189
2552.25,588.87,140.7918
2552.5,628.761,145.05100000000002
2552.75,634.712,143.6188
2553.0,651.987,140.9613
2553.25,617.283,143.44389999999999
2553.5,596.373,133.15800000000002
2553.75,616.715,141.8561
2554.0,635.852,144.8718
2554.25,655.986,146.34629999999999
2554.5,615.423,147.8369
2554.75,637.0350000000001,146.5402
2555.0,649.557,154.6375
2555.25,656.967,147.43040000000002
2555.5,678.33,151.98059999999998
2555.75,676.0619999999999,145.1284
2556.0,698.9100000000001,159.00209999999998
2556.25,682.893,154.41649999999998
2556.5,692.124,166.98180000000002
2556.75,698.101,164.5467
2557.0,643.787,158.1871
2557.25,604.767,167.66989999999998
2557.5,575.955,160.40810000000002
2557.75,587.476,152.66179999999997
2558.0,603.617,149.0286
2558.25,605.307,144.1711
2558.5,562.352,140.31730000000002
2558.75,538.064,140.1121
2559.0,561.126,140.4463
2559.25,596.672,146.98309999999998
2559.5,587.064,148.5409
2559.75,581.976,148.6765
2560.0,576.981,149.73399999999998
2560.25,580.763,158.8559
2560.5,525.7860000000001,153.5644
2560.75,537.69,156.7634
2561.0,525.2080000000001,151.33100000000002
2561.25,535.508,149.18099999999998
2561.5,472.447,135.239
2561.75,471.66100000000006,129.7874
2562.0,455.51,118.0386
2562.25,489.69499999999994,121.51050000000001
2562.5,523.5980000000001,126.839
2562.75,523.001,124.65950000000001
2563.0,529.296,120.3571
2563.25,523.718,116.5285
2563.5,527.078,116.52700000000002
2563.75,498.653,112.76689999999999
2564.0,492.18199999999996,116.0284
2564.25,468.62600000000003,121.76159999999999
2564.5,451.769,124.6934
2564.75,479.903,125.9447
2565.0,429.89300000000003,120.15090000000001
2565.25,407.972,119.9343
2565.5,420.447,122.6609
2565.75,412.276,115.7024
2566.0,391.707,116.79059999999998
2566.25,375.884,116.6901
2566.5,368.006,117.2705
2566.75,363.815,117.2904
2567.0,377.057,120.3921
2567.25,369.077,126.1055
2567.5,366.178,126.2432
2567.75,349.784,132.497
2568.0,359.159,124.9502
2568.25,364.916,125.56309999999999
2568.5,334.779,120.7448
2568.75,322.298,120.4098
2569.0,334.45399999999995,112.8607
2569.25,315.968,111.23060000000001
2569.5,322.636,117.2837
2569.75,324.405,117.6885
2570.0,323.51300000000003,114.0684
2570.25,314.746,112.6244
2570.5,303.643,109.93430000000001
2570.75,305.672,109.6247
2571.0,298.1134,109.3999
2571.25,298.536,110.32910000000001
2571.5,306.663,112.10149999999999
2571.75,298.9315,110.4788
2572.0,298.0897,113.3072
2572.25,290.22400000000005,110.299
2572.5,284.6214,110.07339999999999
2572.75,292.1376,110.49200000000002
2573.0,300.647,113.80799999999999
2573.25,301.253,112.31609999999999
2573.5,308.08599999999996,112.5117
2573.75,290.67359999999996,108.5677
2574.0,317.975,118.156
2574.25,344.588,121.90750000000001
2574.5,321.63,114.6088
2574.75,302.558,112.3749
2575.0,301.09200000000004,114.7721
2575.25,285.58979999999997,113.4948
2575.5,277.7414,109.91539999999999
2575.75,271.4395,107.847
2576.0,242.3568,108.13400000000001
2576.25,251.6061,108.07130000000001
2576.5,257.6053,105.6055
2576.75,260.3523,114.41839999999999
2577.0,252.72469999999998,102.58100000000002
2577.25,265.387,107.02289999999999
2577.5,279.5448,105.48070000000001
2577.75,299.673,104.81119999999999
2578.0,312.548,109.8815
2578.25,296.1861,108.29220000000001
2578.5,268.6335,101.5783
2578.75,281.7045,106.3031
2579.0,311.63800000000003,113.14829999999999
2579.25,338.405,119.9126
2579.5,369.605,122.81049999999999
2579.75,367.709,122.98679999999999
2580.0,346.13800000000003,127.2291
2580.25,324.729,121.27199999999999
2580.5,326.67100000000005,114.4358
2580.75,305.499,111.46079999999999
2581.0,292.61859999999996,110.7327
2581.25,284.6169,110.91369999999999
2581.5,314.72900000000004,118.22720000000001
2581.75,312.59000000000003,118.8441
2582.0,320.169,118.21069999999999
2582.25,311.639,112.45170000000002
2582.5,312.413,110.9829
2582.75,304.723,113.3901
2583.0,303.42900000000003,115.65379999999999
2583.25,304.035,110.92249999999999
2583.5,288.1041,111.983
2583.75,303.927,113.9268
2584.0,329.775,116.6962
2584.25,318.47299999999996,113.21719999999999
2584.5,310.61100000000005,110.9382
2584.75,328.756,110.56790000000001
2585.0,336.471,113.5367
2585.25,342.587,120.41319999999999
2585.5,340.30400000000003,115.02839999999999
2585.75,341.315,110.16480000000001
2586.0,330.889,116.2159
2586.25,316.466,113.74620000000002
2586.5,344.075,111.542
2586.75,365.49199999999996,111.61160000000001
2587.0,381.998,117.3019
2587.25,374.828,113.12089999999998
2587.5,384.59299999999996,111.01239999999999
2587.75,389.269,113.1876
2588.0,366.495,113.30760000000001
2588.25,365.144,114.2208
2588.5,370.303,112.57939999999999
2588.75,375.697,117.6123
2589.0,363.26200000000006,120.2438
2589.25,362.668,124.6603
2589.5,362.174,124.7313
2589.75,342.563,117.23
2590.0,331.589,116.76849999999999
2590.25,344.444,118.87610000000001
2590.5,341.406,120.5327
2590.75,318.332,116.4759
2591.0,332.052,122.4281
2591.25,328.062,121.70200000000001
2591.5,333.079,122.6665
2591.75,337.206,123.62270000000001
2592.0,347.56399999999996,122.9331
2592.25,326.42900000000003,123.1405
2592.5,298.9606,118.8941
2592.75,313.58299999999997,112.34039999999999
2593.0,297.78990000000005,108.3095
2593.25,301.61100000000005,108.47800000000001
2593.5,296.34490000000005,107.66150000000002
2593.75,305.64500000000004,110.80679999999998
2594.0,316.766,113.0781
2594.25,312.141,115.90620000000001
2594.5,315.115,116.0994
2594.75,330.248,120.3281
2595.0,307.847,115.7056
2595.25,306.974,116.6385
2595.5,306.716,115.4343
2595.75,299.9218,112.92079999999999
2596.0,287.1009,112.93209999999999
2596.25,285.64649999999995,112.0802
2596.5,274.9616,108.66069999999999
2596.75,278.9193,108.7909
2597.0,291.0994,111.2587
2597.25,286.3374,111.17920000000001
2597.5,288.0342,108.51400000000001
2597.75,282.3255,107.5351
2598.0,285.2109,109.29299999999999
2598.25,278.0728,106.15100000000001
2598.5,280.6392,107.1505
2598.75,275.88280000000003,106.1531
2599.0,269.5992,105.9284
2599.25,259.9819,102.76070000000001
2599.5,258.0401,104.3931
2599.75,264.3021,109.9566
2600.0,231.69710000000003,104.3022
2600.25,238.836,101.68549999999999
2600.5,243.4957,102.727
2600.75,257.1304,100.9684
2601.0,247.87120000000002,98.15310000000001
2601.25,259.426,103.0106
2601.5,273.5891,105.3797
2601.75,266.45410000000004,101.542
2602.0,261.601,98.9326
2602.25,246.8853,101.38440000000001
2602.5,227.7012,98.77289999999999
2602.75,231.0762,100.9605
2603.0,247.47539999999998,105.3036
2603.25,267.1216,111.4257
2603.5,260.4888,108.6596
2603.75,263.299,107.1889
2604.0,266.6576,108.6762
2604.25,271.4874,107.9733
2604.5,269.8231,106.6573
2604.75,276.0252,112.56009999999999
2605.0,268.3301,116.8512
2605.25,267.443,114.3012
2605.5,295.11469999999997,113.35759999999999
2605.75,321.284,116.63680000000001
2606.0,286.3578,112.93509999999999
2606.25,281.4396,109.85289999999999
2606.5,290.0316,113.90599999999999
2606.75,300.519,114.436
2607.0,302.19800000000004,110.65809999999999
2607.25,321.108,107.18090000000001
2607.5,268.6645,105.3024
2607.75,266.7748,106.49879999999999
2608.0,259.4281,104.8683
2608.25,268.749,105.63750000000002
2608.5,267.8837,102.8056
2608.75,278.6535,102.83359999999999
2609.0,264.8118,97.5376
2609.25,252.48999999999998,95.8461
2609.5,263.1684,102.8509
2609.75,268.3669,101.08600000000001
2610.0,299.7309,109.482
2610.25,354.15,119.59200000000001
2610.5,356.51099999999997,115.1746
2610.75,352.445,115.7863
2611.0,334.794,109.9353
2611.25,320.666,110.6185
2611.5,352.76300000000003,114.8587
2611.75,347.07300000000004,126.386
2612.0,352.702,121.5361
2612.25,319.409,114.1044
2612.5,311.96000000000004,117.6897
2612.75,347.365,122.8792
2613.0,369.043,123.15790000000001
2613.25,351.648,114.99310000000001
2613.5,320.541,108.7193
2613.75,320.07300000000004,112.89609999999999
2614.0,305.506,111.00719999999998
2614.25,320.733,118.2063
2614.5,314.547,121.57239999999999
2614.75,315.446,119.6679
2615.0,313.43100000000004,119.76010000000001
2615.25,323.351,120.65289999999999
2615.5,321.389,123.69399999999999
2615.75,325.107,124.25139999999999
2616.0,324.663,124.16290000000001
2616.25,309.972,120.9486
2616.5,305.586,108.9564
2616.75,292.85609999999997,105.8955
2617.0,287.44730000000004,106.9743
2617.25,295.0314,108.0284
2617.5,296.67370000000005,110.6822
2617.75,281.05949999999996,109.5608
2618.0,279.5973,109.0569
2618.25,275.59020000000004,111.0227
2618.5,286.3854,111.9931
2618.75,285.82050000000004,115.12809999999999
2619.0,287.9214,117.6358
2619.25,288.6848,119.1923
2619.5,280.5863,116.74350000000001
2619.75,281.7006,118.04740000000001
2620.0,283.0183,116.8288
2620.25,277.1839,117.7234
2620.5,273.2384,115.7776
2620.75,265.7837,110.6655
2621.0,265.4857,111.23219999999999
2621.25,266.4979,115.4973
2621.5,277.52549999999997,118.5121
2621.75,276.3199,118.5307
2622.0,270.69269999999995,115.1977
2622.25,263.4185,113.0832
2622.5,264.6842,111.9768
2622.75,249.8262,106.29140000000001
2623.0,245.341,104.4432
2623.25,248.5062,101.33550000000001
2623.5,234.3383,101.6728
2623.75,239.3852,101.13380000000001
2624.0,214.27609999999999,100.6474
2624.25,234.98429999999996,100.089
2624.5,244.53300000000002,101.35300000000001
2624.75,248.6968,106.3912
2625.0,251.9067,109.00450000000001
2625.25,265.18739999999997,107.4967
2625.5,279.5815,115.8684
2625.75,278.12109999999996,116.2418
2626.0,271.0911,109.43350000000001
2626.25,257.85249999999996,108.5857
2626.5,226.34089999999998,106.5486
2626.75,229.39999999999998,105.9678
2627.0,248.0072,108.9659
2627.25,254.83550000000002,104.31460000000001
2627.5,264.6908,106.80939999999998
2627.75,290.3946,111.29669999999999
2628.0,284.5443,104.7504
2628.25,291.4329,104.58970000000001
2628.5,285.9276,106.17269999999999
2628.75,303.687,108.02919999999999
2629.0,274.46500000000003,109.0829
2629.25,275.0558,109.4472
2629.5,296.0011,109.44290000000001
2629.75,298.24739999999997,113.09549999999999
2630.0,278.0637,110.1215
2630.25,280.60699999999997,110.0207
2630.5,290.9841,107.247
2630.75,300.591,109.5974
2631.0,277.2239,109.3189
2631.25,302.603,110.35629999999999
2631.5,271.114,106.68730000000001
2631.75,245.9871,102.74310000000001
2632.0,244.0524,100.8769
2632.25,251.5188,98.48960000000001
2632.5,257.45709999999997,98.84719999999999
2632.75,271.1076,99.6415
2633.0,288.8139,99.8381
2633.25,302.702,98.80439999999999
2633.5,300.677,98.45580000000001
2633.75,281.60159999999996,98.2802
2634.0,286.8655,97.69899999999998
2634.25,319.025,97.8453
2634.5,360.71999999999997,104.19059999999999
2634.75,339.173,102.423
2635.0,356.377,104.36090000000002
2635.25,385.694,108.67920000000001
2635.5,412.654,110.8476
2635.75,369.767,107.2108
2636.0,359.858,103.84719999999999
2636.25,369.392,104.3715
2636.5,360.869,106.49439999999998
2636.75,345.661,106.1987
2637.0,353.619,110.2765
2637.25,346.654,107.70509999999999
2637.5,331.73199999999997,106.8955
2637.75,340.769,109.26149999999998
2638.0,333.725,107.86619999999999
2638.25,324.553,104.2835
2638.5,326.949,105.9485
2638.75,344.824,110.5774
2639.0,328.462,110.0252
2639.25,314.62800000000004,108.4535
2639.5,319.55999999999995,111.3389
2639.75,327.101,114.8681
2640.0,334.725,118.1228
2640.25,326.802,116.4066
2640.5,310.731,114.17760000000001
2640.75,299.4735,116.53739999999999
2641.0,298.9899,111.24499999999999
2641.25,302.07899999999995,109.8245
2641.5,298.2297,111.08270000000002
2641.75,301.023,109.05610000000001
2642.0,294.6237,110.7786
2642.25,287.6237,107.1987
2642.5,280.9755,105.4157
2642.75,279.896,108.72730000000001
2643.0,278.91409999999996,111.92439999999999
2643.25,280.08439999999996,110.87049999999999
2643.5,276.7056,108.81470000000002
2643.75,273.00829999999996,110.2407
2644.0,281.7536,115.7695
2644.25,278.8015,114.3347
2644.5,258.9012,111.4712
2644.75,263.03180000000003,111.0177
2645.0,271.27189999999996,112.8631
2645.25,280.4308,116.13640000000001
2645.5,283.7001,116.4701
2645.75,295.3257,113.9051
2646.0,282.3116,109.95400000000001
2646.25,290.0928,110.5449
2646.5,277.79179999999997,111.49510000000001
2646.75,254.75570000000002,107.33059999999999
2647.0,247.2149,104.3286
2647.25,247.0905,103.3542
2647.5,247.10970000000003,103.3926
2647.75,247.7967,101.7063
2648.0,220.9615,101.5704
2648.25,231.4184,110.6785
2648.5,232.3943,108.6034
2648.75,238.5935,105.99430000000001
2649.0,251.3905,108.1049
2649.25,259.0629,107.3408
2649.5,273.3953,106.67780000000002
2649.75,288.3197,109.7841
2650.0,309.113,115.55950000000001
2650.25,304.789,118.0855
2650.5,290.519,121.04850000000002
2650.75,281.3496,113.6149
2651.0,269.85630000000003,110.80799999999999
2651.25,283.06980000000004,112.95089999999999
2651.5,307.391,114.1945
2651.75,315.233,115.98259999999999
2652.0,306.846,112.04860000000002
2652.25,305.03700000000003,113.79220000000001
2652.5,321.078,117.2862
2652.75,324.855,118.72149999999999
2653.0,287.22580000000005,113.7324
2653.25,293.97180000000003,112.23349999999999
2653.5,316.05600000000004,119.3159
2653.75,322.49,114.5255
2654.0,329.61299999999994,116.7393
2654.25,324.396,117.81120000000001
2654.5,310.765,116.6121
2654.75,317.486,116.15299999999999
2655.0,332.177,121.6985
2655.25,332.30999999999995,121.5718
2655.5,301.371,114.8648
2655.75,305.114,117.55449999999999
2656.0,304.856,112.9
2656.25,336.077,113.0693
2656.5,299.1903,101.99540000000002
2656.75,293.8195,99.72549999999998
2657.0,316.022,95.6887
2657.25,322.41,98.0292
2657.5,339.9,99.7987
2657.75,332.727,103.81479999999999
2658.0,358.91400000000004,105.72149999999999
2658.25,423.173,111.5497
2658.5,453.63599999999997,111.80160000000001
2658.75,463.43899999999996,119.02420000000001
2659.0,456.73299999999995,119.65469999999999
2659.25,461.33899999999994,116.5843
2659.5,491.644,124.4342
2659.75,521.795,121.55770000000001
2660.0,514.472,119.79759999999999
2660.25,548.183,124.5041
2660.5,501.852,121.21620000000001
2660.75,487.914,123.689
2661.0,475.756,118.9913
2661.25,477.813,111.8866
2661.5,441.611,111.352
2661.75,451.92400000000004,113.0832
2662.0,422.3829999999999,111.3616
2662.25,451.07300000000004,115.6011
2662.5,429.576,110.81709999999998
2662.75,400.919,110.0002
2663.0,419.92,116.53630000000001
2663.25,405.61,112.9051
2663.5,381.01300000000003,103.3954
2663.75,377.791,99.17410000000001
2664.0,360.256,94.1051
2664.25,358.22900000000004,95.371
2664.5,341.024,95.3953
2664.75,339.153,99.5572
2665.0,329.639,99.7137
2665.25,336.233,97.83940000000001
2665.5,324.769,101.7363
2665.75,359.20799999999997,120.2312
2666.0,384.072,119.60230000000001
2666.25,374.449,116.53459999999998
2666.5,368.50699999999995,116.5642
2666.75,361.951,114.219
2667.0,355.818,117.94030000000001
2667.25,354.29,125.0792
2667.5,358.253,125.48410000000001
2667.75,368.776,122.2969
2668.0,351.66,123.1501
2668.25,331.11,119.10419999999999
2668.5,317.175,120.6206
2668.75,316.212,121.5926
2669.0,319.494,120.7988
2669.25,327.49199999999996,122.42009999999999
2669.5,345.498,127.1917
2669.75,352.31600000000003,127.1095
2670.0,363.09799999999996,126.31299999999999
2670.25,367.294,123.0179
2670.5,400.4309999999999,119.5754
2670.75,430.622,124.1072
2671.0,469.48900000000003,120.8863
2671.25,524.582,124.352
2671.5,539.139,129.5708
2671.75,579.705,142.1845
2672.0,547.5120000000001,139.6638
2672.25,563.934,136.9648
2672.5,531.97,136.3905
2672.75,583.195,150.4851
2673.0,624.216,146.278
2673.25,644.958,158.4929
2673.5,660.39,158.603
2673.75,642.441,147.1206
2674.0,609.171,149.1901
2674.25,675.4559999999999,159.9686
2674.5,629.7,150.6135
2674.75,620.692,144.39409999999998
2675.0,654.823,155.0427
2675.25,683.708,154.5186
2675.5,698.7629999999999,166.1895
2675.75,703.692,159.3382
2676.0,664.7850000000001,147.1781
2676.25,671.046,142.7003
2676.5,652.914,147.39929999999998
2676.75,633.4100000000001,140.7972
2677.0,621.276,148.6975
2677.25,567.009,137.6967
2677.5,558.067,135.19580000000002
2677.75,591.1469999999999,143.84380000000002
2678.0,594.098,143.3746
2678.25,567.651,132.2482
2678.5,545.505,129.1608
2678.75,527.865,130.5458
2679.0,525.3679999999999,131.5231
2679.25,509.683,127.76989999999999
2679.5,499.135,126.93509999999999
2679.75,495.26099999999997,123.8623
2680.0,501.435,126.42240000000001
2680.25,641.154,169.8868
2680.5,653.6759999999999,178.9733
2680.75,611.568,173.74689999999998
2681.0,580.4780000000001,176.07600000000002
2681.25,597.988,179.95080000000002
2681.5,639.6030000000001,180.0536
2681.75,723.296,185.47129999999999
2682.0,716.7810000000001,182.41299999999998
2682.25,755.1030000000001,177.538
2682.5,716.6610000000001,156.98590000000002
2682.75,714.671,153.0699
2683.0,717.183,151.0846
2683.25,758.191,158.5403
2683.5,682.375,151.6587
2683.75,719.014,164.8172
2684.0,705.798,149.5881
2684.25,688.652,149.6336
2684.5,686.2860000000001,151.4426
2684.75,655.499,147.2122
2685.0,650.48,150.7902
2685.25,671.98,146.8152
2685.5,662.759,153.4238
2685.75,631.063,143.4639
2686.0,584.609,135.1748
2686.25,591.043,129.4436
2686.5,553.682,123.37709999999998
2686.75,516.8,122.8098
2687.0,505.55600000000004,127.5872
2687.25,512.138,139.1081
2687.5,508.04699999999997,135.9506
2687.75,484.74800000000005,134.1906
2688.0,476.05400000000003,132.73829999999998
2688.25,460.774,129.1773
2688.5,430.232,118.9956
2688.75,414.861,111.9876
2689.0,437.444,118.3745
2689.25,455.215,133.3145
2689.5,441.865,136.385
2689.75,443.071,137.6903
2690.0,440.222,137.8649
2690.25,430.48299999999995,134.4497
2690.5,419.624,135.2565
2690.75,379.856,133.9085
2691.0,381.995,136.35289999999998
2691.25,375.32300000000004,129.20680000000002
2691.5,381.036,128.2255
2691.75,384.346,127.0921
2692.0,373.77000000000004,126.1062
2692.25,374.63800000000003,126.1341
2692.5,366.75,126.26630000000002
2692.75,387.42600000000004,126.62109999999998
2693.0,401.02199999999993,126.86420000000001
2693.25,384.539,126.2671
2693.5,380.555,122.0367
2693.75,394.305,125.6825
2694.0,410.692,125.97399999999999
2694.25,437.719,125.5628
2694.5,439.247,121.7168
2694.75,459.873,128.99939999999998
2695.0,515.127,133.0203
2695.25,600.7620000000001,140.87380000000002
2695.5,610.387,151.7356
2695.75,632.667,160.615
2696.0,626.079,155.3217
2696.25,627.366,145.29770000000002
2696.5,642.702,146.9021
2696.75,634.626,152.8352
2697.0,688.233,154.4432
2697.25,694.051,156.98489999999998
2697.5,677.295,156.4337
2697.75,690.303,159.08939999999998
2698.0,668.856,153.61239999999998
2698.25,673.939,150.7677
2698.5,651.376,152.44570000000002
2698.75,655.3199999999999,154.5779
2699.0,693.994,154.7143
2699.25,684.5310000000001,158.6883
2699.5,705.533,158.9008
2699.75,715.109,161.95780000000002
2700.0,690.278,151.9271
2700.25,691.712,147.7928
2700.5,644.118,152.9864
2700.75,633.4110000000001,148.58530000000002
2701.0,593.547,147.9281
2701.25,633.795,159.7688
2701.5,623.979,159.95909999999998
2701.75,612.261,158.6926
2702.0,596.106,153.4005
2702.25,600.357,148.22330000000002
2702.5,590.2620000000001,149.02970000000002
2702.75,587.88,148.7741
2703.0,539.976,134.0968
2703.25,537.528,129.0196
2703.5,534.989,128.4505
2703.75,581.34,133.7681
2704.0,570.899,133.3709
2704.25,558.164,131.8083
2704.5,579.1560000000001,143.3788
2704.75,562.662,151.2356
2705.0,570.822,147.4625
2705.25,565.0889999999999,152.8134
2705.5,573.037,149.6602
2705.75,586.506,148.4295
2706.0,589.127,154.3262
2706.25,658.3629999999999,156.0062
2706.5,662.564,150.8073
2706.75,670.328,149.5525
2707.0,676.737,140.851
2707.25,727.5029999999999,136.6266
2707.5,647.802,133.1179
2707.75,626.829,134.49099999999999
2708.0,586.949,133.1886
2708.25,572.066,132.963
2708.5,592.511,125.04070000000002
2708.75,601.508,120.1695
2709.0,615.449,119.6329
2709.25,576.35,121.7034
2709.5,550.562,117.7364
2709.75,498.116,121.1437
2710.0,495.55400000000003,123.3136
2710.25,504.48799999999994,128.1463
2710.5,483.15099999999995,127.4223
2710.75,528.413,136.7382
2711.0,513.532,139.3391
2711.25,470.528,133.0686
2711.5,492.278,134.5397
2711.75,482.099,135.1317
2712.0,425.269,121.4694
2712.25,450.155,120.09939999999999
2712.5,433.85900000000004,115.6703
2712.75,399.484,112.0747
2713.0,382.582,113.2971
2713.25,416.264,115.8271
2713.5,404.473,110.8311
2713.75,399.32599999999996,111.2402
2714.0,391.55,111.8097
2714.25,389.471,111.43010000000001
2714.5,393.76699999999994,111.34639999999999
2714.75,396.346,117.27969999999999
2715.0,387.27099999999996,121.1829
2715.25,375.6,140.6933
2715.5,379.293,144.5577
2715.75,365.478,141.2929
2716.0,371.999,140.723
2716.25,366.923,135.8197
2716.5,357.99699999999996,132.9371
2716.75,354.04600000000005,132.9882
2717.0,361.81399999999996,135.3673
2717.25,367.653,135.4525
2717.5,375.02599999999995,133.9724
2717.75,406.429,136.1533
2718.0,418.927,133.1802
2718.25,422.072,130.96529999999998
2718.5,448.76,134.4057
2718.75,453.743,132.61579999999998
2719.0,483.541,132.5536
2719.25,565.608,130.8448
2719.5,625.881,146.6551
2719.75,653.58,138.77870000000001
2720.0,570.931,134.0736
2720.25,590.583,140.6709
2720.5,608.496,140.4694
2720.75,646.779,144.5941
2721.0,645.858,142.86829999999998
2721.25,643.167,138.7934
2721.5,653.631,144.45600000000002
2721.75,627.878,131.9863
2722.0,587.5319999999999,130.56640000000002
2722.25,604.431,132.8034
2722.5,612.273,133.4553
2722.75,632.895,133.9538
2723.0,684.045,141.7132
2723.25,664.6469999999999,137.2836
2723.5,709.171,138.1602
2723.75,718.4649999999999,146.3025
2724.0,761.324,155.8291
2724.25,749.421,150.91570000000002
2724.5,785.443,160.0591
2724.75,733.995,156.6712
2725.0,675.315,156.5222
2725.25,640.1279999999999,145.65019999999998
2725.5,636.4440000000001,145.50220000000002
2725.75,601.056,132.3687
2726.0,564.002,124.5307
2726.25,558.504,116.11359999999999
2726.5,537.7159999999999,117.1481
2726.75,530.826,116.97059999999999
2727.0,564.759,125.1679
2727.25,581.685,130.406
2727.5,602.413,144.149
2727.75,741.9,207.60899999999998
2728.0,717.408,201.15089999999998
2728.25,747.609,211.2237
2728.5,772.827,220.5421
2728.75,743.415,217.56820000000002
2729.0,731.267,209.4651
2729.25,735.876,206.5836
2729.5,786.8309999999999,204.20870000000002
2729.75,791.3039999999999,211.39270000000002
2730.0,836.978,215.3787
2730.25,868.0339999999999,215.4163
2730.5,830.2180000000001,202.9717
2730.75,873.357,203.9499
2731.0,854.508,198.7457
2731.25,838.621,207.4255
2731.5,828.6579999999999,194.2646
2731.75,772.471,187.1155
2732.0,758.172,179.4825
2732.25,688.2719999999999,181.6437
2732.5,573.5999999999999,138.1849
2732.75,599.0989999999999,136.7891
2733.0,514.559,127.0403
2733.25,563.2850000000001,128.3759
2733.5,516.575,125.64680000000001
2733.75,493.18399999999997,125.53659999999999
2734.0,487.16600000000005,120.8538
2734.25,478.86899999999997,119.5548
2734.5,494.0,122.35170000000001
2734.75,516.842,126.58539999999999
2735.0,492.923,122.6636
2735.25,492.947,127.375
2735.5,464.80400000000003,124.89080000000001
2735.75,409.22299999999996,114.7826
2736.0,401.28799999999995,116.55100000000002
2736.25,517.5640000000001,123.7661
2736.5,531.545,144.6676
2736.75,534.2080000000001,149.0321
2737.0,523.4449999999999,151.70409999999998
2737.25,493.655,150.893
2737.5,485.567,147.91469999999998
2737.75,478.12,141.4231
2738.0,434.956,142.5408
2738.25,448.421,144.0917
2738.5,425.13200000000006,141.7396
2738.75,430.46599999999995,142.177
2739.0,404.405,139.0799
2739.25,420.49299999999994,140.54000000000002
2739.5,449.44100000000003,139.909
2739.75,403.697,135.5303
2740.0,406.317,138.4153
2740.25,370.671,134.09769999999997
2740.5,382.88,132.0544
2740.75,395.16700000000003,132.7117
2741.0,393.48499999999996,137.2821
2741.25,418.711,134.9568
2741.5,394.65999999999997,130.6495
2741.75,425.834,131.8482
2742.0,450.38800000000003,130.95
2742.25,447.30499999999995,129.58620000000002
2742.5,438.92900000000003,130.4737
2742.75,468.581,134.5434
2743.0,511.082,134.06889999999999
2743.25,598.653,136.75689999999997
2743.5,617.751,130.8972
2743.75,630.774,137.02370000000002
2744.0,617.271,142.1019
2744.25,694.341,153.4469
2744.5,797.931,201.30020000000002
2744.75,806.3609999999999,198.08079999999998
2745.0,789.042,191.9857
2745.25,772.347,191.5383
2745.5,790.246,196.0434
2745.75,849.1300000000001,198.9244
2746.0,849.591,197.11599999999999
2746.25,871.7549999999999,205.1284
2746.5,864.1959999999999,214.0423
2746.75,859.0799999999999,209.5826
2747.0,887.319,204.0623
2747.25,925.364,213.9151
2747.5,984.6990000000001,229.2218
2747.75,981.0809999999999,227.1211
2748.0,961.7330000000001,238.1781
2748.25,978.0989999999999,238.1992
2748.5,966.6879999999999,236.8966
2748.75,940.644,233.3264
2749.0,929.386,234.3856
2749.25,921.4589999999998,223.53679999999997
2749.5,891.675,228.0759
2749.75,902.3589999999999,229.18359999999998
2750.0,869.9969999999998,220.98790000000002
2750.25,834.5459999999999,216.0082
2750.5,821.4960000000001,215.7039
2750.75,817.7849999999999,212.2893
2751.0,796.5269999999999,217.39530000000002
2751.25,788.97,213.1885
2751.5,782.4179999999999,219.89870000000002
2751.75,820.7320000000001,220.7998
2752.0,818.004,226.1808
2752.25,829.572,223.272
2752.5,807.75,213.88459999999998
2752.75,822.7650000000001,214.50940000000003
2753.0,752.408,208.60950000000003
2753.25,714.114,212.7567
2753.5,743.211,221.4326
2753.75,801.547,218.59459999999999
2754.0,673.628,167.9669
2754.25,585.701,131.355
2754.5,591.316,124.2878
2754.75,588.6289999999999,131.8962
2755.0,574.601,133.1314
2755.25,606.9169999999999,133.8025
2755.5,626.876,140.8782
2755.75,613.013,139.79989999999998
2756.0,582.038,143.8174
2756.25,526.4540000000001,141.524
2756.5,541.415,134.74960000000002
2756.75,531.6949999999999,136.6927
2757.0,519.59,144.23309999999998
2757.25,483.85400000000004,136.1258
2757.5,451.87699999999995,121.88830000000002
2757.75,506.49199999999996,123.9865
2758.0,452.686,122.3929
2758.25,439.60999999999996,121.7877
2758.5,423.779,122.1293
2758.75,437.863,122.3493
2759.0,429.14300000000003,115.4575
2759.25,397.53200000000004,111.3525
2759.5,431.81600000000003,116.6929
2759.75,421.312,115.281
2760.0,405.22,112.912
2760.25,387.119,110.4529
2760.5,369.008,112.83290000000001
2760.75,362.65099999999995,110.8651
2761.0,338.975,109.2124
2761.25,328.423,111.35759999999999
2761.5,340.796,111.43620000000001
2761.75,328.09799999999996,114.15310000000001
2762.0,330.61699999999996,115.3408
2762.25,339.599,118.9985
2762.5,329.228,116.97840000000001
2762.75,319.21000000000004,117.5709
2763.0,311.28200000000004,116.3296
2763.25,308.794,115.08950000000002
2763.5,304.167,113.96190000000001
2763.75,295.00079999999997,111.5306
2764.0,290.2684,109.0565
2764.25,310.519,111.4173
2764.5,289.2208,109.9676
2764.75,288.8874,111.4066
2765.0,289.3254,107.97999999999999
2765.25,322.193,116.60029999999999
2765.5,363.272,131.93710000000002
2765.75,360.572,130.5794
2766.0,373.99899999999997,129.0421
2766.25,390.02,129.4296
2766.5,385.009,129.727
2766.75,383.642,131.3571
2767.0,389.49199999999996,134.8237
2767.25,376.097,131.48430000000002
2767.5,364.274,131.2729
2767.75,379.876,136.7149
2768.0,325.954,133.8044
2768.25,326.015,128.7646
2768.5,354.227,127.54039999999998
2768.75,387.037,130.7771
2769.0,371.977,135.3336
2769.25,387.32300000000004,137.7117
2769.5,411.43100000000004,138.07889999999998
2769.75,431.654,141.6513
2770.0,424.29499999999996,134.5682
2770.25,380.819,133.2989
2770.5,358.245,130.73020000000002
2770.75,361.061,136.38639999999998
2771.0,366.524,131.09230000000002
2771.25,371.51300000000003,131.7025
2771.5,383.30899999999997,130.6301
2771.75,424.24299999999994,137.02540000000002
2772.0,443.28200000000004,143.585
2772.25,436.64,142.1512
2772.5,428.59400000000005,139.1749
2772.75,414.39199999999994,137.0931
2773.0,373.36699999999996,136.5545
2773.25,375.92499999999995,134.9945
2773.5,391.75700000000006,135.2588
2773.75,412.986,135.2434
2774.0,414.908,134.6641
2774.25,385.592,133.2029
2774.5,389.759,128.7004
2774.75,369.78200000000004,125.47240000000001
2775.0,381.864,126.69470000000001
2775.25,365.058,127.85300000000001
2775.5,374.978,130.8824
2775.75,403.30400000000003,131.8081
2776.0,401.46500000000003,130.4887
2776.25,385.6329999999999,127.2128
2776.5,400.91299999999995,127.6625
2776.75,396.403,131.1705
2777.0,432.411,130.4775
2777.25,410.42499999999995,124.69999999999999
2777.5,440.828,128.47490000000002
2777.75,413.80100000000004,118.2739
2778.0,450.219,120.4289
2778.25,486.201,125.804
2778.5,519.5840000000001,127.0789
2778.75,513.4839999999999,136.20239999999998
2779.0,510.14599999999996,143.4411
2779.25,494.05699999999996,142.0172
2779.5,520.52,146.7808
2779.75,505.533,139.1237
2780.0,495.55899999999997,134.60129999999998
2780.25,467.36300000000006,131.8723
2780.5,467.62699999999995,130.0257
2780.75,461.228,131.3543
2781.0,487.45,131.5773
2781.25,471.366,128.454
2781.5,428.96799999999996,123.47650000000002
2781.75,420.991,127.2969
2782.0,417.872,126.525
2782.25,437.183,126.727
2782.5,437.375,127.21120000000002
2782.75,404.95899999999995,126.4961
2783.0,385.40199999999993,117.91080000000001
2783.25,366.05199999999996,118.715
2783.5,365.789,116.48569999999998
2783.75,395.53999999999996,123.2362
2784.0,396.78099999999995,118.3627
2784.25,354.50800000000004,112.6681
2784.5,330.96099999999996,113.5171
2784.75,335.897,113.2769
2785.0,318.26,111.6744
2785.25,333.209,113.66760000000001
2785.5,321.422,112.67689999999999
2785.75,323.621,118.9355
2786.0,321.297,119.4595
2786.25,332.93100000000004,118.18060000000001
2786.5,336.04,117.75990000000002
2786.75,327.38599999999997,114.0984
2787.0,318.299,115.5811
2787.25,306.105,115.137
2787.5,298.1961,113.57839999999999
2787.75,297.3672,111.0089
2788.0,291.55679999999995,109.1087
2788.25,298.7004,111.1592
2788.5,294.8929,110.38040000000001
2788.75,284.2944,108.3892
2789.0,291.99850000000004,106.857
2789.25,317.193,110.7707
2789.5,327.521,113.1719
2789.75,315.527,112.0539
2790.0,322.344,115.6886
2790.25,337.394,135.3722
2790.5,334.825,133.8544
2790.75,347.177,133.6137
2791.0,347.549,134.8405
2791.25,330.428,135.81779999999998
2791.5,331.569,138.3131
2791.75,341.436,137.26659999999998
2792.0,360.71000000000004,139.3818
2792.25,358.31399999999996,139.952
2792.5,350.188,128.88119999999998
2792.75,401.73699999999997,130.4333
2793.0,433.355,128.6987
2793.25,427.349,128.44910000000002
2793.5,427.93399999999997,131.481
2793.75,449.855,129.4992
2794.0,466.463,129.0463
2794.25,420.071,125.73759999999999
2794.5,380.042,120.2421
2794.75,392.673,120.5656
2795.0,396.86300000000006,123.39450000000001
2795.25,429.971,122.94829999999999
2795.5,425.34800000000007,127.14440000000002
2795.75,420.00299999999993,125.58010000000002
2796.0,439.07599999999996,131.10829999999999
2796.25,479.68399999999997,132.35060000000001
2796.5,453.84000000000003,132.67079999999999
2796.75,446.91499999999996,130.33769999999998
2797.0,436.62699999999995,127.862
2797.25,413.327,127.30149999999999
2797.5,435.238,119.9169
2797.75,431.11699999999996,110.9701
2798.0,455.77099999999996,114.0277
2798.25,498.526,115.47489999999999
2798.5,500.833,115.16239999999999
2798.75,507.812,119.15540000000001
2799.0,492.36899999999997,119.0452
2799.25,528.877,122.4879
2799.5,523.571,124.12620000000001
2799.75,532.7850000000001,125.2978
2800.0,495.66200000000003,130.5455
2800.25,499.17099999999994,136.0182
2800.5,516.37,136.9384
2800.75,525.957,140.0987
2801.0,513.884,131.37810000000002
2801.25,501.75199999999995,133.8078
2801.5,544.879,137.702
2801.75,554.869,140.9925
2802.0,524.581,131.40019999999998
2802.25,542.835,126.8998
2802.5,579.517,126.11260000000001
2802.75,539.581,120.9163
2803.0,552.154,118.63100000000001
2803.25,528.479,118.0563
2803.5,564.894,125.7213
2803.75,532.319,121.9898
2804.0,506.938,115.63220000000001
2804.25,481.17400000000004,114.28829999999999
2804.5,492.999,113.47129999999999
2804.75,489.585,111.39349999999999
2805.0,458.6,114.8817
2805.25,477.44,118.75820000000002
2805.5,444.599,118.3502
2805.75,475.807,119.2105
2806.0,492.353,121.32560000000001
2806.25,468.713,121.58770000000001
2806.5,455.54699999999997,117.5589
2806.75,408.775,109.4409
2807.0,414.80600000000004,114.73750000000001
2807.25,407.813,111.5382
2807.5,418.562,115.37320000000001
2807.75,406.21999999999997,115.68900000000001
2808.0,398.606,114.8107
2808.25,392.732,110.5856
2808.5,386.005,108.75710000000001
2808.75,375.442,108.1761
2809.0,360.495,109.78719999999998
2809.25,362.143,111.5632
2809.5,366.93499999999995,115.35049999999998
2809.75,360.538,116.3843
2810.0,361.8,113.53960000000001
2810.25,343.634,112.43610000000001
2810.5,341.945,115.825
2810.75,349.172,114.7492
2811.0,348.06100000000004,114.40790000000001
2811.25,343.793,124.06809999999999
2811.5,346.51099999999997,131.1139
2811.75,357.32300000000004,133.3724
2812.0,356.27599999999995,131.2385
2812.25,356.788,131.6642
2812.5,339.576,129.2813
2812.75,335.03700000000003,128.99439999999998
2813.0,346.239,128.92450000000002
2813.25,339.993,127.93520000000001
2813.5,359.696,131.3492
2813.75,380.531,131.7456
2814.0,410.71299999999997,128.1677
2814.25,419.78599999999994,124.7011
2814.5,417.25700000000006,128.7179
2814.75,426.81100000000004,127.20830000000001
2815.0,506.22700000000003,131.7618
2815.25,560.184,127.10910000000001
2815.5,607.013,135.6514
2815.75,633.2080000000001,137.9899
2816.0,570.066,132.6868
2816.25,590.367,130.2007
2816.5,571.626,124.0926
2816.75,591.585,125.1029
2817.0,608.847,126.868
2817.25,599.019,117.3444
2817.5,629.636,122.62219999999999
2817.75,625.4970000000001,123.4709
2818.0,621.939,126.91460000000001
2818.25,604.4369999999999,124.90440000000001
2818.5,552.1560000000001,125.0863
2818.75,564.362,123.6454
2819.0,641.754,126.9981
2819.25,642.591,134.7101
2819.5,680.115,143.2752
2819.75,697.327,145.0294
2820.0,728.343,151.2645
2820.25,724.681,146.4146
2820.5,703.3499999999999,146.3278
2820.75,687.9630000000001,146.7275
2821.0,628.185,146.98059999999998
2821.25,608.847,143.86110000000002
2821.5,610.4970000000001,140.49869999999999
2821.75,592.488,136.9695
2822.0,553.143,130.0096
2822.25,533.076,128.60049999999998
2822.5,536.928,123.2045
2822.75,497.835,121.6482
2823.0,521.988,123.16760000000001
2823.25,534.017,134.95239999999998
2823.5,521.4,134.3546
2823.75,527.67,129.5573
2824.0,526.314,130.1063
2824.25,526.377,132.9767
2824.5,528.966,129.44050000000001
2824.75,537.09,123.8621
2825.0,535.3030000000001,129.1833
2825.25,512.112,130.4602
2825.5,511.90599999999995,126.42380000000001
2825.75,527.9490000000001,127.7416
2826.0,597.283,130.2441
2826.25,633.117,120.42000000000002
2826.5,638.972,117.08619999999999
2826.75,606.992,118.487
2827.0,672.438,124.5638
2827.25,667.236,127.06470000000002
2827.5,644.473,127.732
2827.75,606.537,127.0918
2828.0,622.397,129.5096
2828.25,612.665,123.0889
2828.5,552.881,119.178
2828.75,609.893,128.2971
2829.0,630.377,129.1239
2829.25,611.3609999999999,123.82849999999999
2829.5,622.433,120.3052
2829.75,611.597,123.52020000000002
2830.0,586.438,128.84210000000002
2830.25,600.977,130.6464
2830.5,574.028,119.6896
2830.75,509.18499999999995,112.0211
2831.0,530.155,117.01570000000001
2831.25,530.957,118.55079999999998
2831.5,527.87,121.9529
2831.75,502.07899999999995,118.75999999999999
2832.0,466.923,107.8219
2832.25,461.135,106.5699
2832.5,450.355,107.225
2832.75,460.727,115.08359999999999
2833.0,442.337,110.7421
2833.25,426.064,104.04560000000001
2833.5,441.93399999999997,105.4674
2833.75,434.62699999999995,119.0685
2834.0,433.639,138.0982
2834.25,414.293,137.1721
2834.5,408.923,133.3748
2834.75,393.581,133.4389
2835.0,394.02699999999993,133.4255
2835.25,381.8,128.83180000000002
2835.5,377.864,130.55689999999998
2835.75,378.482,132.1911
2836.0,388.721,130.363
2836.25,383.64099999999996,129.5181
2836.5,373.945,128.1744
2836.75,369.481,126.80560000000001
2837.0,378.80600000000004,122.9295
2837.25,392.26699999999994,128.0737
2837.5,396.05,129.0172
2837.75,398.09299999999996,127.5803
2838.0,408.55100000000004,128.2019
2838.25,414.898,124.6319
2838.5,418.78600000000006,120.6464
2838.75,429.425,120.45649999999999
2839.0,556.126,128.7061
2839.25,593.61,138.4047
2839.5,628.875,156.018
2839.75,653.487,156.80849999999998
2840.0,634.149,160.1367
2840.25,648.375,154.7586
2840.5,610.164,152.2113
2840.75,637.053,146.7917
2841.0,666.483,156.3005
2841.25,653.8,153.02259999999998
2841.5,645.706,148.2319
2841.75,631.17,148.4112
2842.0,609.27,137.0544
2842.25,600.807,141.7336
2842.5,588.867,135.35039999999998
2842.75,636.327,140.5159
2843.0,680.1569999999999,145.3565
2843.25,700.312,143.9775
2843.5,705.132,141.1881
2843.75,693.8629999999999,150.8388
2844.0,660.0509999999999,146.0683
2844.25,667.392,141.55700000000002
2844.5,647.616,142.8411
2844.75,643.686,140.4349
2845.0,608.94,134.7143
2845.25,603.4440000000001,139.1716
2845.5,599.4179999999999,137.34109999999998
2845.75,559.965,134.6648
2846.0,553.974,130.5634
2846.25,566.7929999999999,134.8036
2846.5,548.9939999999999,131.6234
2846.75,516.9449999999999,120.76149999999998
2847.0,521.1569999999999,136.75490000000002
2847.25,525.044,132.7367
2847.5,514.86,125.9716
2847.75,515.646,125.60050000000001
2848.0,514.212,125.9366
2848.25,551.482,131.97050000000002
2848.5,552.9449999999999,135.152
2848.75,590.506,167.28910000000002
2849.0,645.95,206.8802
2849.25,614.9540000000001,175.7937
2849.5,689.7059999999999,176.1937
2849.75,735.984,192.2287
2850.0,775.374,197.756
2850.25,775.5640000000001,178.2737
2850.5,758.188,169.9363
2850.75,785.9200000000001,177.6822
2851.0,779.056,178.76530000000002
2851.25,765.3969999999999,171.0899
2851.5,806.992,176.57
2851.75,805.173,182.0678
2852.0,755.1220000000001,179.844
2852.25,755.707,186.1644
2852.5,763.083,190.1158
2852.75,667.278,148.6277
2853.0,655.723,133.37369999999999
2853.25,635.674,129.386
2853.5,643.381,129.17340000000002
2853.75,675.758,135.5255
2854.0,638.673,130.41649999999998
2854.25,609.433,131.7953
2854.5,547.085,122.32159999999999
2854.75,525.682,121.0638
2855.0,537.4780000000001,119.41
2855.25,535.49,122.34
2855.5,517.3580000000001,118.6522
2855.75,477.928,114.4432
2856.0,474.61699999999996,113.089
2856.25,442.30300000000005,115.3067
2856.5,449.67999999999995,117.801
2856.75,460.548,115.91029999999999
2857.0,459.92600000000004,124.85470000000001
2857.25,416.156,121.4777
2857.5,416.741,115.99990000000001
2857.75,394.48,114.55959999999999
2858.0,396.122,115.4449
2858.25,430.507,114.4381
2858.5,451.18600000000004,114.48570000000001
2858.75,431.092,113.8485
2859.0,438.77600000000007,117.3012
2859.25,452.149,137.4956
2859.5,446.999,137.6255
2859.75,419.57300000000004,136.42950000000002
2860.0,435.692,136.5349
2860.25,442.778,134.1266
2860.5,437.56899999999996,133.8373
2860.75,436.121,134.9752
2861.0,407.33799999999997,134.6165
2861.25,389.36799999999994,135.8349
2861.5,412.565,138.5025
2861.75,410.28200000000004,133.0555
2862.0,441.56800000000004,136.5749
2862.25,454.348,133.65640000000002
2862.5,470.533,138.6051
2862.75,475.568,132.8196
2863.0,520.619,133.8942
2863.25,575.089,137.387
2863.5,649.031,142.5049
2863.75,640.5029999999999,138.5717
2864.0,621.345,132.3164
2864.25,665.926,127.72739999999999
2864.5,645.314,136.8989
2864.75,660.3240000000001,138.26139999999998
2865.0,690.177,145.7279
2865.25,695.35,143.5495
2865.5,685.689,142.0215
2865.75,703.0500000000001,144.1231
2866.0,692.711,142.3835
2866.25,678.504,145.2015
2866.5,676.3960000000001,146.6847
2866.75,690.39,139.4285
2867.0,727.639,142.5349
2867.25,723.7850000000001,141.6284
2867.5,748.866,141.5557
2867.75,740.307,148.54000000000002
2868.0,729.856,142.9932
2868.25,741.327,152.9414
2868.5,729.342,152.93880000000001
2868.75,702.0840000000001,151.34799999999998
2869.0,668.328,137.87779999999998
2869.25,637.212,140.0251
2869.5,614.935,139.5591
2869.75,579.4590000000001,142.8919
2870.0,573.4839999999999,139.1162
2870.25,569.769,133.5606
2870.5,607.386,127.41590000000001
2870.75,551.643,131.5905
2871.0,559.185,131.3274
2871.25,559.451,132.07319999999999
2871.5,536.136,128.34980000000002
2871.75,512.8900000000001,125.6678
2872.0,616.995,170.4172
2872.25,635.751,175.60899999999998
2872.5,610.968,173.9303
2872.75,596.972,174.6876
2873.0,624.7439999999999,173.4223
2873.25,631.6790000000001,177.2183
2873.5,655.6560000000001,171.9639
2873.75,632.717,162.0553
2874.0,676.6669999999999,171.3138
2874.25,726.8019999999999,170.0836
2874.5,709.155,150.2835
2874.75,722.995,142.1167
2875.0,733.101,141.2406
2875.25,724.359,140.62779999999998
2875.5,661.054,141.7766
2875.75,662.6800000000001,138.7484
2876.0,667.282,147.2522
2876.25,673.919,149.1293
2876.5,633.064,144.6276
2876.75,611.308,146.5933
2877.0,644.957,146.4939
2877.25,646.348,140.9948
2877.5,608.6179999999999,138.5439
2877.75,572.54,126.7206
2878.0,560.552,119.87879999999998
2878.25,494.318,112.6292
2878.5,484.57399999999996,109.3651
2878.75,478.21999999999997,111.6063
2879.0,458.534,103.48240000000001
2879.25,459.227,101.33049999999999
2879.5,457.28,102.7598
2879.75,464.823,111.1251
2880.0,423.65199999999993,112.0501
2880.25,414.60799999999995,107.88659999999999
2880.5,430.861,112.49799999999999
2880.75,426.82399999999996,112.76409999999998
2881.0,400.9,110.2337
2881.25,411.39099999999996,113.6469
2881.5,390.977,112.0724
2881.75,395.27,113.8745
2882.0,393.721,116.45240000000001
2882.25,382.775,112.43190000000001
2882.5,361.031,112.76500000000001
2882.75,354.884,109.34179999999999
2883.0,344.477,106.12020000000001
2883.25,332.601,105.6959
2883.5,327.455,108.005
2883.75,327.676,105.46119999999999
2884.0,317.381,105.0649
2884.25,309.81600000000003,106.6489
2884.5,308.233,106.75120000000001
2884.75,315.692,111.9177
2885.0,317.04999999999995,109.3421
2885.25,318.69,108.21799999999999
2885.5,329.891,110.1215
2885.75,338.402,109.25309999999999
2886.0,334.795,109.26
2886.25,333.206,110.05890000000001
2886.5,339.547,108.7537
2886.75,311.081,102.31
2887.0,303.10400000000004,102.43100000000001
2887.25,314.099,101.01930000000002
2887.5,289.32179999999994,98.735
2887.75,291.2748,101.9965
2888.0,280.5146,107.9282
2888.25,277.65979999999996,106.8491
2888.5,296.18989999999997,108.13420000000002
2888.75,287.26250000000005,106.3869
2889.0,323.786,106.463
2889.25,306.167,108.8758
2889.5,326.549,109.4616
2889.75,354.203,115.7886
2890.0,377.462,116.7574
2890.25,355.788,113.8064
2890.5,308.19800000000004,112.1319
2890.75,319.767,113.6996
2891.0,369.555,121.4063
2891.25,359.153,117.29440000000001
2891.5,396.68899999999996,121.3494
2891.75,393.72700000000003,119.7841
2892.0,371.002,114.6421
2892.25,386.64199999999994,118.1834
2892.5,413.74299999999994,121.14519999999999
2892.75,391.35799999999995,115.2125
2893.0,341.186,114.20259999999999
2893.25,337.47400000000005,112.10669999999999
2893.5,392.68600000000004,115.9222
2893.75,386.81600000000003,115.8144
2894.0,377.353,118.8456
2894.25,371.38,114.9233
2894.5,374.68,112.8142
2894.75,376.869,116.2338
2895.0,389.278,120.82840000000002
2895.25,415.564,120.6524
2895.5,361.765,115.5008
2895.75,348.381,115.03299999999999
2896.0,336.889,111.4725
2896.25,348.722,112.338
2896.5,331.24199999999996,104.27850000000001
2896.75,382.54600000000005,104.4478
2897.0,401.28799999999995,106.7464
2897.25,414.311,108.6759
2897.5,405.73900000000003,111.06030000000001
2897.75,402.599,112.5573
2898.0,424.496,116.233
2898.25,458.171,115.13149999999999
2898.5,475.74800000000005,116.0626
2898.75,508.744,124.771
2899.0,512.913,126.8734
2899.25,509.971,128.13739999999999
2899.5,516.644,129.7261
2899.75,507.8910000000001,128.57229999999998
2900.0,509.27700000000004,124.355
2900.25,496.663,126.2412
2900.5,472.566,124.2519
2900.75,442.279,122.8186
2901.0,445.436,119.53569999999999
2901.25,440.813,115.1348
2901.5,446.30899999999997,122.4109
2901.75,438.31,118.0744
2902.0,430.822,112.2297
2902.25,404.251,112.1533
2902.5,395.437,113.9813
2902.75,404.092,107.8488
2903.0,381.154,107.6723
2903.25,379.75100000000003,108.6533
2903.5,369.781,106.3817
2903.75,352.346,106.7067
2904.0,373.63300000000004,109.65320000000001
2904.25,371.625,114.83630000000001
2904.5,387.91099999999994,117.2445
2904.75,383.783,121.50380000000001
2905.0,366.203,120.1825
2905.25,361.562,116.7261
2905.5,370.925,116.0495
2905.75,384.26300000000003,120.37819999999999
2906.0,396.52500000000003,141.4302
2906.25,370.547,139.43259999999998
2906.5,381.676,136.5326
2906.75,368.292,137.8275
2907.0,365.25,138.04770000000002
2907.25,361.48400000000004,139.786
2907.5,359.801,137.9794
2907.75,362.09000000000003,137.8393
2908.0,360.16999999999996,135.9052
2908.25,365.88,138.0686
2908.5,348.068,136.9602
2908.75,354.512,139.6504
2909.0,362.789,139.4562
2909.25,391.043,135.8239
2909.5,404.04999999999995,137.4026
2909.75,377.486,133.5825
2910.0,391.23800000000006,130.3012
2910.25,375.019,127.46010000000001
2910.5,365.88700000000006,128.2079
2910.75,381.036,124.29090000000001
2911.0,385.47,125.9834
2911.25,343.686,123.5746
2911.5,370.505,115.52340000000001
2911.75,411.563,104.31700000000001
2912.0,364.222,103.33539999999999
2912.25,389.45000000000005,107.1399
2912.5,379.322,102.53659999999999
2912.75,380.986,104.01159999999999
2913.0,417.98299999999995,115.13930000000002
2913.25,404.141,116.24199999999999
2913.5,406.328,112.0924
2913.75,439.871,111.59700000000001
2914.0,419.242,103.75300000000001
2914.25,402.598,106.94409999999999
2914.5,373.15099999999995,106.7609
2914.75,364.768,104.6414
2915.0,370.517,103.5932
2915.25,412.84099999999995,103.2158
2915.5,433.999,100.2163
2915.75,455.071,103.9926
2916.0,463.22799999999995,107.8428
2916.25,482.976,110.23509999999999
2916.5,457.072,110.8913
2916.75,474.212,119.5377
2917.0,468.628,126.81030000000001
2917.25,455.316,126.6161
2917.5,438.28700000000003,121.35220000000001
2917.75,439.98699999999997,122.7079
2918.0,427.17099999999994,124.69380000000001
2918.25,419.61199999999997,132.244
2918.5,408.076,129.47039999999998
2918.75,405.466,129.0576
2919.0,409.82900000000006,126.11410000000001
2919.25,430.69899999999996,127.13189999999999
2919.5,393.63200000000006,123.2879
2919.75,388.75700000000006,129.8551
2920.0,430.19,135.1639
2920.25,446.26,139.67700000000002
2920.5,417.874,124.2139
2920.75,398.992,113.5763
2921.0,409.616,113.70419999999999
2921.25,433.635,110.6462
2921.5,454.58,114.25049999999999
2921.75,476.318,122.7457
2922.0,517.577,123.9074
2922.25,522.827,119.2553
2922.5,523.946,118.2359
2922.75,581.921,122.7064
2923.0,543.509,122.40010000000001
2923.25,510.986,119.321
2923.5,526.751,122.6392
2923.75,518.777,126.4082
2924.0,487.37600000000003,129.0128
2924.25,513.845,128.7133
2924.5,503.57300000000004,125.75380000000001
2924.75,465.962,130.2649
2925.0,445.256,116.89789999999999
2925.25,423.644,108.8664
2925.5,405.24199999999996,110.1449
2925.75,472.803,117.9721
2926.0,437.64599999999996,109.8613
2926.25,423.02,106.9254
2926.5,415.821,109.1268
2926.75,391.44000000000005,110.5162
2927.0,395.552,103.3397
2927.25,386.3,106.98310000000001
2927.5,395.55100000000004,111.97970000000001
2927.75,379.31500000000005,116.32239999999999
2928.0,360.665,118.41979999999998
2928.25,356.19100000000003,114.03909999999999
2928.5,353.27299999999997,112.3936
2928.75,351.584,105.95330000000001
2929.0,334.788,104.1074
2929.25,332.865,102.38810000000001
2929.5,351.879,104.534
2929.75,338.854,102.65960000000001
2930.0,350.288,105.7517
2930.25,337.77000000000004,103.101
2930.5,328.683,98.97229999999999
2930.75,327.989,101.27260000000001
2931.0,310.398,99.1373
2931.25,300.635,98.5626
2931.5,301.115,100.08420000000001
2931.75,298.9488,99.3489
2932.0,295.7818,97.07900000000001
2932.25,293.558,97.9254
2932.5,290.3602,98.22319999999999
2932.75,295.68510000000003,101.32230000000001
2933.0,300.0512,101.00699999999999
2933.25,305.39300000000003,103.8023
2933.5,317.51,106.9477
2933.75,314.426,108.41319999999999
2934.0,374.20099999999996,109.11760000000001
2934.25,379.459,102.5728
2934.5,347.72900000000004,101.96960000000001
2934.75,344.409,100.72800000000001
2935.0,357.399,103.30770000000001
2935.25,345.12399999999997,100.34620000000001
2935.5,292.9896,98.2156
2935.75,293.4652,102.6279
2936.0,290.90459999999996,104.62020000000001
2936.25,292.60110000000003,105.8365
2936.5,321.45799999999997,106.40859999999999
2936.75,358.798,107.0022
2937.0,426.41,115.6494
2937.25,413.03499999999997,114.3543
2937.5,432.87699999999995,122.70769999999999
2937.75,457.217,127.02879999999999
2938.0,438.42400000000004,123.14750000000001
2938.25,424.351,122.71959999999999
2938.5,370.574,120.7744
2938.75,386.91,122.4944
2939.0,374.516,125.9838
2939.25,380.812,124.17079999999999
2939.5,450.89599999999996,125.3891
2939.75,437.10799999999995,124.48519999999999
2940.0,407.05400000000003,117.5301
2940.25,435.914,119.6996
2940.5,411.572,115.0281
2940.75,425.087,114.62349999999999
2941.0,383.61400000000003,111.7356
2941.25,373.368,107.13489999999999
2941.5,358.01,108.965
2941.75,359.748,110.6385
2942.0,345.497,107.91109999999999
2942.25,349.548,114.17660000000001
2942.5,326.597,113.37689999999999
2942.75,330.905,113.96189999999999
2943.0,335.292,113.6397
2943.25,370.53200000000004,116.9542
2943.5,359.608,115.8851
2943.75,371.58,114.3507
2944.0,388.144,111.32169999999999
2944.25,405.08500000000004,112.58670000000001
2944.5,386.05100000000004,113.05000000000001
2944.75,402.28999999999996,116.5612
2945.0,373.904,115.2918
2945.25,385.98499999999996,115.1307
2945.5,410.17600000000004,114.09270000000001
2945.75,384.24199999999996,110.77869999999999
2946.0,388.063,109.2688
2946.25,423.467,105.75550000000001
2946.5,437.503,104.1241
2946.75,493.735,107.91829999999999
2947.0,472.66200000000003,112.97
2947.25,473.12,115.45240000000001
2947.5,434.015,112.08699999999999
2947.75,436.463,111.54830000000001
2948.0,406.88,109.0673
2948.25,395.28400000000005,108.584
2948.5,435.52099999999996,113.84710000000001
2948.75,429.92600000000004,110.60840000000002
2949.0,452.424,114.9468
2949.25,430.90700000000004,112.4923
2949.5,425.791,109.36599999999999
2949.75,439.334,115.86080000000001
2950.0,422.12199999999996,114.1715
2950.25,404.924,114.91379999999998
2950.5,383.49699999999996,111.4033
2950.75,359.479,109.85350000000001
2951.0,348.121,107.63829999999999
2951.25,343.51300000000003,107.619
2951.5,357.149,109.24860000000001
2951.75,365.51200000000006,111.65969999999999
2952.0,371.80899999999997,109.8768
2952.25,355.991,110.1523
2952.5,354.35,111.457
2952.75,351.072,113.60640000000001
2953.0,353.98400000000004,120.9179
2953.25,328.421,115.02950000000001
2953.5,302.635,105.02919999999999
2953.75,309.693,107.93979999999999
2954.0,296.1744,107.8074
2954.25,297.9615,107.2722
2954.5,306.14,110.4862
2954.75,312.813,109.273
2955.0,296.4123,110.3091
2955.25,288.72229999999996,108.258
2955.5,286.4694,107.7736
2955.75,282.9209,106.4186
2956.0,279.8901,107.5036
2956.25,276.3652,109.54489999999998
2956.5,282.3861,113.23949999999999
2956.75,285.4476,115.7567
2957.0,303.183,116.4649
2957.25,299.0835,114.3274
2957.5,302.789,113.51559999999999
2957.75,305.759,112.05669999999999
2958.0,308.64,110.96350000000001
2958.25,310.961,111.6639
2958.5,310.06399999999996,108.3127
2958.75,302.969,109.3903
2959.0,298.1136,107.85309999999998
2959.25,281.56129999999996,105.6392
2959.5,305.15099999999995,106.14169999999999
2959.75,294.2889,109.9521
2960.0,263.3051,108.3075
2960.25,276.1613,109.9454
2960.5,307.416,107.66
2960.75,340.86400000000003,105.46199999999999
2961.0,329.489,106.60570000000001
2961.25,336.485,113.7459
2961.5,357.275,115.3261
2961.75,372.812,116.08590000000001
2962.0,361.96999999999997,118.95830000000001
2962.25,337.649,121.05879999999999
2962.5,282.8864,114.4273
2962.75,280.66869999999994,112.3647
2963.0,291.3441,111.78
2963.25,325.456,115.4941
2963.5,369.953,126.3578
2963.75,383.936,119.79769999999999
2964.0,337.283,115.1184
2964.25,366.98,114.42150000000001
2964.5,367.866,118.0567
2964.75,390.78200000000004,122.97290000000001
2965.0,349.51099999999997,118.9069
2965.25,326.328,114.2402
2965.5,341.673,113.58940000000001
2965.75,371.42900000000003,120.2476
2966.0,371.70000000000005,119.5818
2966.25,336.294,115.5771
2966.5,340.202,116.83539999999999
2966.75,352.758,118.06519999999998
2967.0,369.524,119.26850000000002
2967.25,358.507,118.19870000000002
2967.5,342.344,116.7106
2967.75,357.80600000000004,116.90189999999998
2968.0,359.02,114.6791
2968.25,389.61,118.2497
2968.5,368.539,114.9913
2968.75,386.719,116.084
2969.0,404.149,113.75829999999999
2969.25,368.63800000000003,106.82939999999999
2969.5,368.666,104.8452
2969.75,358.961,107.89150000000001
2970.0,403.00700000000006,111.9051
2970.25,466.65700000000004,108.51770000000002
2970.5,486.18399999999997,108.0093
2970.75,516.134,114.52959999999999
2971.0,543.181,117.6133
2971.25,538.308,123.99459999999999
2971.5,528.8389999999999,124.03399999999999
2971.75,529.733,123.19409999999999
2972.0,497.87300000000005,121.6047
2972.25,479.97399999999993,117.44030000000001
2972.5,464.32399999999996,120.00659999999999
2972.75,494.50100000000003,120.0421
2973.0,454.688,114.1176
2973.25,441.976,110.98620000000001
2973.5,448.57000000000005,112.536
2973.75,432.355,108.2715
2974.0,433.557,107.60919999999999
2974.25,460.067,115.8066
2974.5,421.55899999999997,116.24799999999999
2974.75,434.22399999999993,115.6093
2975.0,416.254,115.3196
2975.25,406.84299999999996,114.4089
2975.5,418.871,118.8935
2975.75,408.368,118.58070000000001
2976.0,378.73900000000003,115.6161
2976.25,355.422,113.69139999999999
2976.5,342.495,109.94219999999999
2976.75,364.509,116.85829999999999
2977.0,367.533,118.00730000000001
2977.25,343.73,116.1746
2977.5,376.043,125.4231
2977.75,373.86199999999997,135.0278
2978.0,403.117,137.3519
2978.25,417.209,138.0526
2978.5,407.29100000000005,136.6038
2978.75,421.90100000000007,135.6428
2979.0,437.10799999999995,139.3258
2979.25,429.919,140.5591
2979.5,394.10900000000004,138.8667
2979.75,385.44499999999994,139.8572
2980.0,376.199,140.083
2980.25,367.832,140.5616
2980.5,355.873,135.04680000000002
2980.75,342.39,133.26569999999998
2981.0,344.885,130.1397
2981.25,339.62600000000003,130.79950000000002
2981.5,347.918,135.7635
2981.75,350.82300000000004,134.61929999999998
2982.0,391.01300000000003,134.08180000000002
2982.25,370.211,126.53
2982.5,378.192,126.33359999999999
2982.75,417.973,133.6617
2983.0,483.05899999999997,136.0849
2983.25,533.9770000000001,144.2985
2983.5,503.012,149.8285
2983.75,565.463,149.4665
2984.0,557.7139999999999,148.6111
2984.25,585.988,151.84500000000003
2984.5,578.001,149.3136
2984.75,592.1220000000001,144.7488
2985.0,567.798,156.18310000000002
2985.25,558.2080000000001,146.1123
2985.5,576.422,148.2183
2985.75,602.052,148.7911
2986.0,560.145,140.5798
2986.25,547.623,140.52030000000002
2986.5,519.187,136.9105
2986.75,523.962,137.11430000000001
2987.0,579.999,136.9008
2987.25,586.683,136.7821
2987.5,585.9300000000001,142.24620000000002
2987.75,633.1949999999999,144.9753
2988.0,643.121,142.7776
2988.25,603.639,141.357
2988.5,595.575,138.326
2988.75,625.577,146.8362
2989.0,579.0029999999999,144.5547
2989.25,551.646,138.7888
2989.5,564.294,142.9491
2989.75,568.434,141.3308
2990.0,583.89,139.764
2990.25,554.213,138.1621
2990.5,529.457,130.93869999999998
2990.75,521.546,126.33259999999999
2991.0,526.77,130.41219999999998
2991.25,525.275,132.8281
2991.5,558.399,129.2535
2991.75,567.153,128.19330000000002
2992.0,553.307,129.87529999999998
2992.25,547.934,130.1979
2992.5,548.999,130.16989999999998
2992.75,552.6030000000001,131.38479999999998
2993.0,542.597,136.6861
2993.25,529.815,134.7529
2993.5,492.801,135.92849999999999
2993.75,558.2280000000001,147.3348
2994.0,589.833,146.8733
2994.25,650.79,143.0454
2994.5,604.279,140.058
2994.75,600.98,138.37019999999998
2995.0,601.52,141.66819999999998
2995.25,590.458,141.1335
2995.5,588.737,138.5898
2995.75,571.4929999999999,142.7684
2996.0,641.1460000000001,145.83870000000002
2996.25,569.6510000000001,146.993
2996.5,507.09499999999997,141.5677
2996.75,538.033,144.8979
2997.0,565.52,144.3186
2997.25,536.101,143.7567
2997.5,551.309,141.1776
2997.75,537.812,143.4641
2998.0,541.262,139.4722
2998.25,529.556,134.04899999999998
2998.5,472.245,126.75199999999998
2998.75,496.75699999999995,130.789
2999.0,466.394,131.8542
2999.25,419.91499999999996,125.4143
2999.5,465.85400000000004,136.5173
2999.75,457.82000000000005,135.4646
3000.0,417.74,131.7289
3000.25,432.30499999999995,136.766
3000.5,412.96399999999994,132.7699
3000.75,415.03700000000003,130.9029
3001.0,397.505,137.6683
3001.25,384.188,131.93630000000002
3001.5,382.495,130.5934
3001.75,361.11199999999997,131.3307
3002.0,369.725,138.228
3002.25,380.062,138.2918
3002.5,396.20000000000005,145.41400000000002
3002.75,414.33000000000004,147.9789
3003.0,438.755,149.1678
3003.25,438.84499999999997,150.7372
3003.5,450.12100000000004,148.6846
3003.75,429.005,146.2737
3004.0,373.55,144.07760000000002
3004.25,376.59200000000004,145.6984
3004.5,360.47299999999996,139.6997
3004.75,362.402,141.1404
3005.0,351.14300000000003,142.177
3005.25,358.331,144.0387
3005.5,358.416,142.6483
3005.75,364.472,142.9443
3006.0,380.469,140.174
3006.25,403.856,137.15120000000002
3006.5,447.41299999999995,143.61939999999998
3006.75,462.236,151.3868
3007.0,510.03999999999996,151.417
3007.25,544.722,150.0101
3007.5,594.505,156.2357
3007.75,609.303,158.7071
3008.0,571.989,153.5923
3008.25,600.139,164.0566
3008.5,631.3910000000001,157.6304
3008.75,676.086,157.2772
3009.0,691.29,154.9213
3009.25,669.692,154.1217
3009.5,655.75,156.6778
3009.75,655.688,147.7632
3010.0,645.839,151.449
3010.25,646.606,157.1638
3010.5,651.763,159.4829
3010.75,689.81,161.8143
3011.0,709.102,158.8247
3011.25,744.823,165.11610000000002
3011.5,780.163,174.0304
3011.75,745.567,167.5058
3012.0,774.8889999999999,176.5466
3012.25,747.826,183.0403
3012.5,752.284,183.7083
3012.75,727.426,179.6308
3013.0,704.796,173.2768
3013.25,687.089,171.9142
3013.5,685.431,164.0578
3013.75,682.199,160.8579
3014.0,676.802,159.276
3014.25,686.0229999999999,152.8742
3014.5,677.2660000000001,158.4063
3014.75,635.425,125.3578
3015.0,654.3240000000001,147.3823
3015.25,680.6279999999999,149.4002
3015.5,682.711,163.7062
3015.75,714.3430000000001,161.62990000000002
3016.0,716.64,163.0704
3016.25,681.557,151.3934
3016.5,629.443,146.7415
3016.75,639.284,143.0052
3017.0,608.915,140.6376
3017.25,559.649,136.7655
3017.5,560.8050000000001,141.71699999999998
3017.75,640.406,150.56550000000001
3018.0,604.343,138.0031
3018.25,587.877,134.2151
3018.5,621.4780000000001,141.30040000000002
3018.75,618.5880000000001,140.0149
3019.0,631.6410000000001,141.573
3019.25,571.394,129.8149
3019.5,601.521,143.8369
3019.75,628.514,145.7966
3020.0,607.406,146.3477
3020.25,582.896,151.3602
3020.5,582.0690000000001,158.33679999999998
3020.75,565.6099999999999,153.8493
3021.0,579.653,162.0776
3021.25,573.208,155.2424
3021.5,598.637,146.2588
3021.75,571.67,140.0147
3022.0,494.971,141.4918
3022.25,510.692,142.54059999999998
3022.5,495.441,140.66129999999998
3022.75,516.149,139.2295
3023.0,496.35800000000006,142.4478
3023.25,494.06600000000003,149.101
3023.5,457.82300000000004,151.7191
3023.75,451.433,141.25830000000002
3024.0,407.79499999999996,134.51069999999999
3024.25,412.259,126.86149999999999
3024.5,406.126,114.32510000000002
3024.75,381.418,116.0298
3025.0,380.801,119.96099999999998
3025.25,387.841,124.3694
3025.5,423.61,140.73469999999998
3025.75,402.93199999999996,135.7002
3026.0,384.658,134.9123
3026.25,378.787,133.9979
3026.5,423.383,134.84519999999998
3026.75,430.262,135.99699999999999
3027.0,410.62300000000005,135.7606
3027.25,403.75700000000006,136.5498
3027.5,372.125,131.29809999999998
3027.75,384.605,130.5434
3028.0,403.507,127.7312
3028.25,414.10999999999996,132.4506
3028.5,367.84799999999996,128.5498
3028.75,362.179,131.30599999999998
3029.0,369.01599999999996,132.47410000000002
3029.25,374.694,129.4235
3029.5,371.318,129.5418
3029.75,383.759,131.45
3030.0,429.746,136.4164
3030.25,429.729,134.5743
3030.5,455.772,138.8837
3030.75,491.0079999999999,144.6224
3031.0,539.728,153.4838
3031.25,556.3050000000001,142.6831
3031.5,609.567,142.5093
3031.75,614.457,144.9384
3032.0,640.131,146.8319
3032.25,599.829,140.5216
3032.5,593.799,145.1308
3032.75,633.594,145.1889
3033.0,643.74,152.7332
3033.25,652.126,141.7556
3033.5,619.6560000000001,146.0172
3033.75,644.6410000000001,150.8068
3034.0,597.111,141.555
3034.25,618.556,142.5227
3034.5,660.448,147.124
3034.75,640.961,145.167
3035.0,686.825,145.06
3035.25,669.624,149.84799999999998
3035.5,702.001,145.3624
3035.75,738.234,149.1078
3036.0,718.387,154.9581
3036.25,705.386,163.7758
3036.5,714.846,157.2013
3036.75,709.224,157.4155
3037.0,697.83,165.5294
3037.25,689.979,158.83620000000002
3037.5,704.5899999999999,159.9227
3037.75,735.083,160.7632
3038.0,677.869,149.2695
3038.25,692.827,162.1855
3038.5,680.223,159.9182
3038.75,684.427,151.95870000000002
3039.0,669.9549999999999,158.18460000000002
3039.25,650.727,152.3167
3039.5,638.548,147.4083
3039.75,603.294,147.3879
3040.0,590.47,146.1754
3040.25,618.308,156.3474
3040.5,627.595,159.0786
3040.75,634.473,154.6661
3041.0,594.852,153.87120000000002
3041.25,577.565,152.84029999999998
3041.5,576.655,153.78300000000002
3041.75,618.375,161.59269999999998
3042.0,638.057,154.2571
3042.25,688.938,159.45080000000002
3042.5,712.424,169.51000000000002
3042.75,750.142,178.9924
3043.0,748.3530000000001,173.0385
3043.25,732.511,167.2292
3043.5,781.8879999999999,179.29749999999999
3043.75,684.415,169.9076
3044.0,689.0880000000001,161.9641
3044.25,674.8240000000001,169.0058
3044.5,630.093,160.9448
3044.75,585.404,145.2683
3045.0,546.854,144.9708
3045.25,523.718,140.02339999999998
3045.5,514.069,137.3167
3045.75,524.921,140.0978
3046.0,494.14300000000003,130.87380000000002
3046.25,476.687,132.4348
3046.5,444.35,133.9013
3046.75,448.88599999999997,127.3265
3047.0,442.991,130.4355
3047.25,415.27099999999996,127.2091
3047.5,461.43499999999995,138.94959999999998
3047.75,432.91999999999996,131.7353
3048.0,430.952,131.7681
3048.25,433.54100000000005,129.7638
3048.5,464.14700000000005,122.67699999999999
3048.75,412.54599999999994,116.66210000000001
3049.0,408.77299999999997,116.38490000000002
3049.25,416.096,126.5196
3049.5,425.8299999999999,127.59360000000001
3049.75,438.472,126.1591
3050.0,449.20099999999996,126.26599999999999
3050.25,428.881,124.1969
3050.5,442.592,127.1734
3050.75,425.30499999999995,127.1064
3051.0,437.32000000000005,127.798
3051.25,429.894,126.79500000000002
3051.5,408.14300000000003,125.4248
3051.75,406.19899999999996,124.98859999999999
3052.0,397.919,129.4204
3052.25,378.049,127.70670000000001
3052.5,395.04499999999996,130.6399
3052.75,396.02,130.9379
3053.0,389.516,127.1362
3053.25,396.73900000000003,132.5491
3053.5,393.817,134.18200000000002
3053.75,386.417,129.6364
3054.0,411.073,129.9069
3054.25,426.01699999999994,130.42759999999998
3054.5,454.096,132.15890000000002
3054.75,508.91700000000003,143.5434
3055.0,553.676,148.6069
3055.25,579.841,141.537
3055.5,614.511,146.2046
3055.75,642.3240000000001,152.9135
3056.0,607.056,140.7328
3056.25,732.267,195.17340000000002
3056.5,825.969,222.0736
3056.75,863.659,221.0419
3057.0,849.99,221.84629999999999
3057.25,846.0160000000001,204.47920000000002
3057.5,883.0799999999999,212.3044
3057.75,859.3330000000001,208.9307
3058.0,857.704,212.06869999999998
3058.25,855.934,212.3831
3058.5,800.8570000000001,204.72390000000001
3058.75,823.215,198.98839999999998
3059.0,859.821,202.75009999999997
3059.25,895.94,216.6089
3059.5,929.3919999999998,227.99169999999998
3059.75,973.1379999999999,235.0735
3060.0,954.741,229.89349999999996
3060.25,868.2550000000001,222.52679999999998
3060.5,873.0829999999999,235.4557
3060.75,876.321,234.41219999999998
3061.0,841.4679999999998,224.17110000000002
3061.25,823.711,218.6207
3061.5,809.203,224.5122
3061.75,815.4870000000001,242.44639999999998
3062.0,818.8270000000001,229.38440000000003
3062.25,829.9869999999999,242.2062
3062.5,821.848,234.79969999999997
3062.75,823.1,238.08400000000003
3063.0,825.2279999999998,238.91179999999997
3063.25,765.437,227.578
3063.5,749.448,222.683
3063.75,746.085,219.71370000000002
3064.0,739.635,218.3788
3064.25,704.673,203.02609999999999
3064.5,717.795,207.99130000000002
3064.75,709.095,211.3005
3065.0,610.6679999999999,173.0869
3065.25,628.5070000000001,160.3122
3065.5,629.77,162.3799
3065.75,676.02,175.9673
3066.0,720.139,172.1026
3066.25,733.152,164.1522
3066.5,730.0840000000001,166.1337
3066.75,733.2810000000001,164.1528
3067.0,687.28,164.12529999999998
3067.25,692.1410000000001,160.8262
3067.5,675.909,155.2797
3067.75,637.759,149.32999999999998
3068.0,611.967,142.1123
3068.25,572.693,148.89339999999999
3068.5,583.864,143.6861
3068.75,576.995,137.7752
3069.0,517.945,133.1224
3069.25,518.402,136.3741
3069.5,540.586,142.00099999999998
3069.75,555.281,144.2481
3070.0,544.0039999999999,147.5223
3070.25,503.975,143.2124
3070.5,511.18100000000004,140.5804
3070.75,485.894,130.3026
3071.0,483.371,130.4835
3071.25,504.08,138.8148
3071.5,497.919,135.8293
3071.75,465.725,129.8042
3072.0,461.933,130.359
3072.25,459.17900000000003,130.61599999999999
3072.5,434.141,123.0546
3072.75,428.993,118.26780000000002
3073.0,438.062,125.8376
3073.25,421.96000000000004,123.79679999999999
3073.5,423.9549999999999,124.91319999999999
3073.75,443.741,139.6859
3074.0,427.65700000000004,138.5899
3074.25,435.736,145.0368
3074.5,435.59299999999996,144.60090000000002
3074.75,422.993,138.3954
3075.0,415.522,138.3552
3075.25,412.658,136.3482
3075.5,416.519,137.9388
3075.75,406.337,133.0394
3076.0,400.709,133.5756
3076.25,405.5,136.8254
3076.5,393.759,130.66580000000002
3076.75,400.48,128.6066
3077.0,398.027,130.0478
3077.25,396.52500000000003,129.0985
3077.5,405.05,132.4529
3077.75,406.058,123.5833
3078.0,407.732,117.82919999999999
3078.25,420.025,118.469
3078.5,418.07900000000006,113.48020000000001
3078.75,476.462,125.0677
3079.0,520.65,124.2958
3079.25,564.105,131.6653
3079.5,623.01,136.52439999999999
3079.75,606.774,132.3823
3080.0,593.814,137.8989
3080.25,601.317,140.9782
3080.5,601.29,134.2697
3080.75,616.89,138.0377
3081.0,611.759,133.1161
3081.25,631.83,136.16320000000002
3081.5,651.782,130.8163
3081.75,651.198,128.73919999999998
3082.0,630.799,125.3392
3082.25,622.274,127.20240000000001
3082.5,650.614,133.6127
3082.75,661.689,129.5744
3083.0,737.737,135.4218
3083.25,719.56,135.128
3083.5,756.558,141.424
3083.75,743.585,135.0156
3084.0,776.808,143.4844
3084.25,753.173,142.456
3084.5,726.61,134.8073
3084.75,701.2330000000001,133.36239999999998
3085.0,665.197,128.2254
3085.25,662.426,131.22220000000002
3085.5,622.876,126.95840000000001
3085.75,625.626,126.1223
3086.0,606.969,124.7384
3086.25,608.327,129.6569
3086.5,558.433,123.4631
3086.75,553.213,124.64529999999999
3087.0,578.724,137.25029999999998
3087.25,683.3,162.4726
3087.5,646.188,155.59879999999998
3087.75,632.559,160.05689999999998
3088.0,636.703,164.3705
3088.25,652.59,160.6231
3088.5,593.226,151.125
3088.75,578.775,147.7457
3089.0,586.38,160.7391
3089.25,613.547,153.9917
3089.5,596.382,146.9912
3089.75,645.2850000000001,158.2946
3090.0,696.8720000000001,161.374
3090.25,683.3309999999999,158.9502
3090.5,672.466,162.5765
3090.75,756.046,175.05700000000002
3091.0,727.735,172.3971
3091.25,725.934,181.6741
3091.5,713.392,173.7792
3091.75,692.117,176.2131
3092.0,646.3040000000001,169.7192
3092.25,618.761,166.8829
3092.5,538.813,139.1172
3092.75,495.605,132.02480000000003
3093.0,457.736,128.2354
3093.25,452.424,125.2174
3093.5,443.256,123.231
3093.75,471.85400000000004,131.9405
3094.0,464.052,130.2629
3094.25,411.073,118.1137
3094.5,415.808,124.5101
3094.75,423.664,124.6129
3095.0,432.563,130.6247
3095.25,406.60999999999996,125.8176
3095.5,435.053,129.0869
3095.75,443.00199999999995,132.3157
3096.0,403.37199999999996,130.7231
3096.25,410.01300000000003,131.9927
3096.5,391.81999999999994,132.3408
3096.75,393.938,134.1753
3097.0,378.236,134.5607
3097.25,373.55,134.4437
3097.5,384.819,138.4307
3097.75,382.466,134.627
3098.0,380.17,139.3009
3098.25,351.61699999999996,134.4384
3098.5,333.582,133.81130000000002
3098.75,340.713,132.1368
3099.0,317.48400000000004,129.5065
3099.25,311.791,125.8344
3099.5,313.697,126.6862
3099.75,314.68100000000004,124.8826
3100.0,329.50100000000003,126.6899
3100.25,304.733,123.9384
3100.5,298.8678,125.32500000000002
3100.75,295.5382,123.95080000000002
3101.0,304.04,125.4511
3101.25,312.08799999999997,124.7457
3101.5,328.716,127.74369999999999
3101.75,338.825,136.3512
3102.0,331.25100000000003,130.5662
3102.25,342.025,127.946
3102.5,335.784,124.91059999999999
3102.75,365.096,132.9567
3103.0,388.918,135.2434
3103.25,380.84000000000003,136.8634
3103.5,357.26,127.4681
3103.75,337.17100000000005,126.1901
3104.0,333.827,124.7747
3104.25,343.774,125.6077
3104.5,350.034,126.8912
3104.75,389.225,132.9625
3105.0,400.785,135.8333
3105.25,374.00800000000004,130.8578
3105.5,418.78700000000003,142.8837
3105.75,410.42600000000004,144.89679999999998
3106.0,415.78600000000006,143.4843
3106.25,407.732,141.7443
3106.5,369.971,142.08299999999997
3106.75,369.32,143.16559999999998
3107.0,374.789,138.66559999999998
3107.25,396.086,135.16379999999998
3107.5,376.32899999999995,138.44570000000002
3107.75,405.158,141.48160000000001
3108.0,436.427,145.70999999999998
3108.25,433.32399999999996,139.5922
3108.5,427.274,131.9059
3108.75,403.162,132.1367
3109.0,408.71900000000005,130.3426
3109.25,369.101,133.3524
3109.5,368.144,132.8839
3109.75,400.66099999999994,133.2494
3110.0,382.736,131.4989
3110.25,381.167,133.5731
3110.5,358.86,125.28829999999999
3110.75,372.93899999999996,122.09909999999999
3111.0,361.652,122.94380000000001
3111.25,380.078,127.67490000000001
3111.5,351.715,125.2299
3111.75,333.721,129.1292
3112.0,351.103,130.6191
3112.25,364.49,128.4619
3112.5,373.953,126.9048
3112.75,364.769,122.4974
3113.0,368.788,113.9705
3113.25,369.69800000000004,110.0739
3113.5,365.622,112.4127
3113.75,375.713,112.26020000000001
3114.0,407.60200000000003,116.9679
3114.25,427.775,117.0385
3114.5,458.61400000000003,114.89189999999999
3114.75,439.132,109.97569999999999
3115.0,477.685,114.25099999999999
3115.25,475.84299999999996,116.5764
3115.5,528.043,125.1494
3115.75,480.339,120.3509
3116.0,492.888,124.3571
3116.25,467.672,123.30430000000001
3116.5,468.785,124.7563
3116.75,462.659,127.78550000000001
3117.0,454.14799999999997,126.4134
3117.25,437.168,123.26389999999999
3117.5,435.044,124.2081
3117.75,411.524,123.7019
3118.0,425.79499999999996,119.4525
3118.25,405.173,118.56889999999999
3118.5,379.237,117.8064
3118.75,377.116,119.60159999999999
3119.0,399.01300000000003,121.3862
3119.25,365.038,114.5754
3119.5,359.65700000000004,120.45500000000001
3119.75,393.24199999999996,122.68090000000001
3120.0,405.77299999999997,126.3221
3120.25,402.001,126.7876
3120.5,379.90700000000004,114.7329
3120.75,382.937,115.30940000000001
3121.0,341.93899999999996,117.1656
3121.25,338.13800000000003,116.0483
3121.5,335.05999999999995,116.7189
3121.75,327.46500000000003,116.61429999999999
3122.0,331.991,118.21710000000002
3122.25,333.203,117.23910000000001
3122.5,323.50699999999995,115.6454
3122.75,326.784,119.7979
3123.0,323.518,116.41489999999999
3123.25,318.05600000000004,118.0004
3123.5,305.3,118.0153
3123.75,310.911,116.2199
3124.0,293.1075,114.14479999999999
3124.25,291.0291,115.1223
3124.5,286.851,113.1284
3124.75,294.2475,112.6508
3125.0,290.7234,110.6341
3125.25,294.6738,108.8124
3125.5,311.521,114.8875
3125.75,324.27599999999995,119.636
3126.0,322.17100000000005,116.4497
3126.25,327.86699999999996,117.6271
3126.5,328.173,119.65870000000001
3126.75,332.491,118.68390000000001
3127.0,319.648,116.3759
3127.25,306.736,112.7622
3127.5,306.56600000000003,110.959
3127.75,301.947,111.98989999999999
3128.0,270.9488,110.6709
3128.25,295.3814,114.5227
3128.5,309.849,116.2322
3128.75,361.15099999999995,117.417
3129.0,376.68499999999995,117.03909999999999
3129.25,378.51300000000003,119.59719999999999
3129.5,374.56600000000003,121.5322
3129.75,366.793,123.59049999999999
3130.0,343.332,121.47840000000001
3130.25,324.966,117.1738
3130.5,329.317,122.40899999999999
3130.75,354.584,128.78990000000002
3131.0,384.80600000000004,130.6202
3131.25,363.969,123.47180000000002
3131.5,391.81399999999996,125.6691
3131.75,434.278,125.8512
3132.0,499.312,131.4929
3132.25,488.66,132.7902
3132.5,403.83700000000005,126.7737
3132.75,393.27699999999993,126.39880000000001
3133.0,358.07599999999996,122.28260000000002
3133.25,362.078,125.84740000000001
3133.5,397.783,127.6626
3133.75,395.09299999999996,126.59389999999999
3134.0,405.54499999999996,124.7167
3134.25,347.29499999999996,121.34909999999999
3134.5,393.22,123.0883
3134.75,380.71999999999997,123.91379999999998
3135.0,379.004,119.71860000000001
3135.25,402.41600000000005,125.0154
3135.5,372.05600000000004,126.4323
3135.75,367.52599999999995,128.151
3136.0,406.61300000000006,125.9134
3136.25,400.92400000000004,126.3264
3136.5,385.406,122.34479999999999
3136.75,384.668,123.9051
3137.0,408.324,121.4719
3137.25,432.721,120.1652
3137.5,438.50199999999995,115.3464
3137.75,465.374,119.5532
3138.0,497.14000000000004,119.65720000000002
3138.25,522.01,119.0627
3138.5,561.256,120.1538
3138.75,537.163,114.8929
3139.0,554.587,112.1503
3139.25,517.158,111.2976
3139.5,537.183,113.58
3139.75,588.841,116.5748
3140.0,553.217,119.02420000000001
3140.25,526.726,119.1033
3140.5,485.721,118.43359999999998
3140.75,497.34499999999997,121.69800000000001
3141.0,490.50899999999996,120.87759999999999
3141.25,487.91299999999995,119.01159999999999
3141.5,505.976,120.7545
3141.75,516.614,118.1215
3142.0,480.325,113.6682
3142.25,485.797,112.293
3142.5,472.071,115.3509
3142.75,443.444,116.036
3143.0,413.923,112.281
3143.25,434.29599999999994,112.92770000000002
3143.5,440.918,118.35319999999999
3143.75,433.649,119.1482
3144.0,431.26200000000006,120.71329999999999
3144.25,412.553,118.2825
3144.5,395.947,116.11410000000001
3144.75,392.453,122.6369
3145.0,389.63,123.238
3145.25,387.317,129.8644
3145.5,394.92600000000004,135.45860000000002
3145.75,403.65999999999997,137.156
3146.0,398.55,135.7294
3146.25,417.534,136.5027
3146.5,408.962,133.7278
3146.75,404.303,130.4882
3147.0,400.58,131.2841
3147.25,412.619,132.5369
3147.5,419.56899999999996,132.22990000000001
3147.75,405.241,133.53750000000002
3148.0,397.664,132.2104
3148.25,421.82900000000006,132.9678
3148.5,392.20400000000006,132.148
3148.75,378.769,130.21620000000001
3149.0,379.91,128.0643
3149.25,360.274,129.5122
3149.5,383.63599999999997,130.7689
3149.75,398.453,134.8328
3150.0,403.56300000000005,132.2579
3150.25,416.534,126.44300000000001
3150.5,459.02600000000007,126.4414
3150.75,468.23,129.4842
3151.0,524.984,126.14189999999999
3151.25,539.5619999999999,131.9768
3151.5,561.942,132.0019
3151.75,569.091,133.1912
3152.0,555.702,132.0611
3152.25,528.2909999999999,128.3828
3152.5,576.711,134.02100000000002
3152.75,583.624,128.7052
3153.0,662.547,138.2096
3153.25,634.455,131.6165
3153.5,605.02,140.6761
3153.75,646.917,139.5958
3154.0,650.514,149.593
3154.25,616.655,147.64710000000002
3154.5,556.5120000000001,142.0177
3154.75,580.2629999999999,142.039
3155.0,602.3309999999999,144.2251
3155.25,601.686,148.2837
3155.5,637.755,152.2366
3155.75,682.7130000000001,160.018
3156.0,635.634,153.0575
3156.25,644.819,149.2459
3156.5,613.071,149.1149
3156.75,582.333,144.47840000000002
3157.0,573.876,142.6801
3157.25,544.405,133.87509999999997
3157.5,523.197,132.3954
3157.75,535.38,141.0417
3158.0,521.586,138.7142
3158.25,490.51200000000006,133.2973
3158.5,485.58700000000005,127.49080000000001
3158.75,448.24600000000004,120.78790000000001
3159.0,474.89599999999996,123.4303
3159.25,505.017,127.0111
3159.5,491.55100000000004,134.8052
3159.75,490.876,131.92680000000001
3160.0,518.188,133.1789
3160.25,516.912,130.8309
3160.5,530.5350000000001,127.8367
3160.75,520.846,129.5247
3161.0,554.94,134.5552
3161.25,550.6510000000001,136.62369999999999
3161.5,596.415,143.7879
3161.75,623.8199999999999,147.286
3162.0,648.591,140.1125
3162.25,673.3380000000001,128.6554
3162.5,685.952,133.4804
3162.75,700.0840000000001,142.2856
3163.0,713.208,145.02519999999998
3163.25,732.756,140.75369999999998
3163.5,725.374,150.09210000000002
3163.75,698.665,140.6703
3164.0,623.4739999999999,127.95330000000001
3164.25,647.727,145.1542
3164.5,617.795,140.18359999999998
3164.75,652.707,137.3106
3165.0,602.754,135.4573
3165.25,653.887,138.887
3165.5,674.942,139.27179999999998
3165.75,669.976,136.9495
3166.0,641.957,142.0692
3166.25,607.7379999999999,136.248
3166.5,577.772,129.2272
3166.75,554.0999999999999,124.4556
3167.0,536.111,122.50970000000001
3167.25,561.503,126.3826
3167.5,534.183,127.1855
3167.75,525.107,123.39460000000001
3168.0,478.9440000000001,119.9015
3168.25,467.891,122.60820000000001
3168.5,479.328,120.1583
3168.75,444.029,120.78190000000001
3169.0,448.72800000000007,124.887
3169.25,494.063,124.5509
3169.5,473.89300000000003,130.368
3169.75,480.15299999999996,133.4225
3170.0,474.72,132.67739999999998
3170.25,465.84800000000007,130.6716
3170.5,481.564,132.08159999999998
3170.75,468.65199999999993,126.7623
3171.0,445.976,127.12010000000001
3171.25,415.897,126.4268
3171.5,424.796,125.1961
3171.75,417.10400000000004,123.41380000000001
3172.0,440.773,122.62130000000002
3172.25,438.38,127.20909999999999
3172.5,432.87699999999995,125.8861
3172.75,407.153,123.0399
3173.0,395.68100000000004,124.66300000000001
3173.25,396.71799999999996,125.6599
3173.5,415.73,128.3257
3173.75,412.85400000000004,128.0487
3174.0,427.93399999999997,125.4436
3174.25,496.11199999999997,128.7758
3174.5,488.62699999999995,126.7289
3174.75,483.874,125.73859999999999
3175.0,534.465,123.9462
3175.25,548.942,122.86019999999999
3175.5,557.88,125.5303
3175.75,625.395,131.1809
3176.0,626.085,133.8784
3176.25,605.5740000000001,135.5242
3176.5,583.845,131.99450000000002
3176.75,607.368,138.1564
3177.0,618.6980000000001,140.403
3177.25,627.879,138.7125
3177.5,639.78,138.73559999999998
3177.75,633.915,139.9342
3178.0,638.1030000000001,137.7679
3178.25,636.153,140.377
3178.5,589.026,142.3257
3178.75,614.139,137.8386
3179.0,692.376,146.67079999999999
3179.25,690.833,142.5545
3179.5,705.33,147.08520000000001
3179.75,778.8900000000001,158.51850000000002
3180.0,776.566,157.8423
3180.25,760.624,154.23680000000002
3180.5,716.9970000000001,157.6817
3180.75,721.585,151.57350000000002
3181.0,694.233,149.0323
3181.25,663.981,141.9371
3181.5,658.596,143.8329
3181.75,635.124,141.6342
3182.0,606.53,140.15109999999999
3182.25,608.565,137.32920000000001
3182.5,556.191,136.4491
3182.75,575.67,137.72050000000002
3183.0,591.287,133.5798
3183.25,602.259,134.8585
3183.5,580.677,135.1391
3183.75,604.14,138.1519
3184.0,612.972,142.7768
3184.25,580.044,144.03390000000002
3184.5,577.1189999999999,143.9732
3184.75,577.413,137.3812
3185.0,574.37,136.2014
3185.25,589.902,134.3502
3185.5,555.2130000000001,135.14659999999998
3185.75,594.319,149.654
3186.0,639.376,143.3374
3186.25,621.535,141.36399999999998
3186.5,707.383,151.10320000000002
3186.75,731.121,146.7201
3187.0,754.236,143.72809999999998
3187.25,715.832,137.37189999999998
3187.5,663.789,139.3118
3187.75,643.274,134.9097
3188.0,630.926,136.3851
3188.25,598.7130000000001,138.3047
3188.5,567.198,136.9334
3188.75,585.4849999999999,137.9503
3189.0,631.657,134.7434
3189.25,599.777,132.9956
3189.5,562.295,129.0611
3189.75,587.009,132.06050000000002
3190.0,587.1859999999999,129.8969
3190.25,533.21,127.31880000000001
3190.5,503.366,125.9989
3190.75,479.408,120.33449999999999
3191.0,483.19100000000003,119.54480000000001
3191.25,478.847,122.6853
3191.5,465.36199999999997,123.8227
3191.75,457.90099999999995,120.6946
3192.0,422.81399999999996,122.1163
3192.25,436.53999999999996,123.34199999999998
3192.5,405.325,121.40870000000001
3192.75,403.89199999999994,120.6259
3193.0,397.129,123.31479999999999
3193.25,403.05100000000004,128.2091
3193.5,416.141,127.74540000000002
3193.75,364.61,122.61380000000001
3194.0,350.652,118.7786
3194.25,444.5799999999999,131.30599999999998
3194.5,434.65900000000005,135.6472
3194.75,415.75000000000006,134.1739
3195.0,408.10400000000004,133.62980000000002
3195.25,400.139,137.8991
3195.5,357.45799999999997,138.6721
3195.75,352.437,134.743
3196.0,357.707,134.3896
3196.25,366.28700000000003,131.935
3196.5,396.971,134.517
3196.75,392.038,136.1686
3197.0,407.099,138.77999999999997
3197.25,424.04099999999994,139.106
3197.5,428.716,141.3467
3197.75,398.63800000000003,140.1975
3198.0,411.09800000000007,134.5657
3198.25,422.20899999999995,134.97390000000001
3198.5,440.95899999999995,132.35229999999999
3198.75,428.0880000000001,132.17180000000002
3199.0,480.64000000000004,132.79
3199.25,565.9390000000001,142.0942
3199.5,566.8149999999999,141.0891
3199.75,664.77,143.5777
3200.0,657.5999999999999,142.8688
3200.25,656.481,145.7978
3200.5,629.274,142.54930000000002
3200.75,651.438,138.2788
3201.0,650.3589999999999,141.6446
3201.25,637.788,144.01749999999998
3201.5,662.382,148.8245
3201.75,696.696,148.88920000000002
3202.0,690.7090000000001,148.559
3202.25,694.357,145.6897
3202.5,676.433,148.392
3202.75,666.889,147.24020000000002
3203.0,756.112,161.46450000000002
3203.25,749.767,156.6109
3203.5,690.124,154.1107
3203.75,765.342,159.41230000000002
3204.0,789.6360000000001,165.69259999999997
3204.25,795.828,145.10649999999998
3204.5,732.985,145.91299999999998
3204.75,754.7049999999999,156.6753
3205.0,770.1599999999999,168.69830000000002
3205.25,773.494,168.22269999999997
3205.5,745.686,163.8562
3205.75,654.14,147.2863
3206.0,698.007,155.6396
3206.25,676.461,153.5307
3206.5,624.64,152.7325
3206.75,612.909,150.79020000000003
3207.0,687.367,160.906
3207.25,641.989,159.0643
3207.5,641.811,159.1765
3207.75,638.202,141.8426
3208.0,775.912,193.9778
3208.25,745.231,188.7263
3208.5,701.724,181.2799
3208.75,768.105,190.0667
3209.0,703.017,190.56889999999999
3209.25,678.153,186.8586
3209.5,667.5690000000001,177.9624
3209.75,672.879,176.8872
3210.0,718.519,169.6474
3210.25,726.424,168.0589
3210.5,733.452,167.66830000000002
3210.75,753.249,175.1143
3211.0,768.1089999999999,180.9655
3211.25,753.61,184.5025
3211.5,769.626,177.9939
3211.75,728.292,172.6393
3212.0,713.8299999999999,170.42430000000002
3212.25,707.848,170.6595
3212.5,734.857,188.7935
3212.75,666.437,173.6136
3213.0,633.3050000000001,165.9305
3213.25,523.214,129.5397
3213.5,489.41299999999995,129.4271
3213.75,526.664,132.7743
3214.0,482.114,129.38420000000002
3214.25,526.321,137.49829999999997
3214.5,501.635,137.856
3214.75,466.15700000000004,133.4222
3215.0,475.82000000000005,132.7716
3215.25,452.531,134.6033
3215.5,504.05899999999997,145.338
3215.75,477.54499999999996,138.2442
3216.0,443.183,130.2812
3216.25,428.459,127.2159
3216.5,419.011,122.3355
3216.75,399.01099999999997,121.6596
3217.0,393.226,123.13569999999999
3217.25,381.389,122.7219
3217.5,377.339,122.0609
3217.75,383.057,124.21880000000002
3218.0,422.588,123.9177
3218.25,424.37500000000006,122.9328
3218.5,425.44300000000004,125.4147
3218.75,424.774,130.44779999999997
3219.0,461.72300000000007,144.1756
3219.25,459.825,143.9479
3219.5,439.573,142.7247
3219.75,408.94300000000004,143.4701
3220.0,415.672,138.594
3220.25,414.33500000000004,141.83370000000002
3220.5,378.11,140.4296
3220.75,351.82500000000005,135.4648
3221.0,360.38599999999997,135.5353
3221.25,369.439,135.0043
3221.5,372.73400000000004,135.66479999999999
3221.75,389.679,133.7359
3222.0,426.404,131.2729
3222.25,421.46200000000005,131.9262
3222.5,417.65199999999993,131.96280000000002
3222.75,437.67999999999995,137.205
3223.0,503.34299999999996,135.7883
3223.25,549.9300000000001,138.5555
3223.5,558.663,144.0992
3223.75,610.6469999999999,148.06810000000002
3224.0,632.265,147.24779999999998
3224.25,637.5690000000001,147.9672
3224.5,627.021,150.4572
3224.75,584.802,140.9482
3225.0,620.947,142.787
3225.25,630.0029999999999,149.9898
3225.5,662.049,149.48000000000002
3225.75,664.0840000000001,150.1313
3226.0,647.139,137.0125
3226.25,673.914,138.599
3226.5,665.427,144.376
3226.75,701.316,147.3086
3227.0,751.123,145.8595
3227.25,768.061,149.0999
3227.5,797.8330000000001,153.8795
3227.75,785.6560000000001,163.6018
3228.0,784.749,164.1592
3228.25,804.6370000000001,159.1346
3228.5,801.5830000000001,162.7412
3228.75,757.06,162.1646
3229.0,732.145,153.1825
3229.25,715.339,154.06990000000002
3229.5,687.964,145.5331
3229.75,693.742,148.777
3230.0,694.4110000000001,151.3719
3230.25,701.1129999999999,155.0066
3230.5,687.842,151.1252
3230.75,690.727,151.3323
3231.0,680.336,142.04
3231.25,679.008,146.6476
3231.5,655.723,140.5224
3231.75,674.3589999999999,143.5101
3232.0,696.577,143.0392
3232.25,693.505,144.3581
3232.5,689.851,150.91219999999998
3232.75,686.457,155.79469999999998
3233.0,646.827,162.9617
3233.25,576.1679999999999,134.6197
3233.5,584.0310000000001,149.5937
3233.75,644.505,162.83839999999998
3234.0,716.223,162.4068
3234.25,730.528,159.3117
3234.5,721.87,153.6901
3234.75,743.0880000000001,154.3014
3235.0,703.457,149.1226
3235.25,685.8000000000001,147.4667
3235.5,651.899,139.3972
3235.75,659.7189999999999,145.21710000000002
3236.0,592.917,134.9523
3236.25,587.884,149.5277
3236.5,525.944,144.8101
3236.75,533.513,144.4432
3237.0,534.6800000000001,140.46499999999997
3237.25,523.787,133.2892
3237.5,519.789,137.8397
3237.75,493.028,137.3304
3238.0,517.871,137.2305
3238.25,480.722,131.2929
3238.5,458.13599999999997,131.3703
3238.75,435.422,130.5177
3239.0,431.847,133.244
3239.25,404.672,128.4144
3239.5,406.74300000000005,134.27159999999998
3239.75,406.36699999999996,130.047
3240.0,390.80899999999997,126.36670000000001
3240.25,368.581,124.788
3240.5,382.82300000000004,123.7196
3240.75,396.842,119.5085
3241.0,394.637,123.1189
3241.25,385.58299999999997,124.8586
3241.5,399.927,136.296
3241.75,420.55699999999996,137.5404
3242.0,421.957,139.374
3242.25,400.883,138.9033
3242.5,383.322,138.77519999999998
3242.75,382.337,141.1418
3243.0,374.972,139.9265
3243.25,394.55499999999995,143.9712
3243.5,413.20400000000006,143.04590000000002
3243.75,388.13800000000003,133.938
3244.0,388.74,133.2021
3244.25,393.77,134.6116
3244.5,354.216,132.5982
3244.75,349.68899999999996,132.1383
3245.0,351.759,133.211
3245.25,355.60400000000004,132.8715
3245.5,363.176,132.7741
3245.75,380.16200000000003,135.5432
3246.0,366.136,129.43329999999997
3246.25,380.806,127.6781
3246.5,440.43399999999997,136.829
3246.75,434.33799999999997,141.9581
3247.0,493.43699999999995,131.8246
3247.25,516.825,132.8922
3247.5,568.34,141.1891
3247.75,628.986,142.9534
3248.0,581.986,148.03289999999998
3248.25,583.9390000000001,148.9192
3248.5,595.737,146.72719999999998
3248.75,583.9849999999999,144.2565
3249.0,588.576,141.3801
3249.25,636.357,149.7403
3249.5,618.198,147.16039999999998
3249.75,604.356,145.2225
3250.0,575.825,143.6875
3250.25,601.188,143.5573
3250.5,582.006,150.4715
3250.75,616.893,145.8742
3251.0,661.632,151.56869999999998
3251.25,683.01,150.6861
3251.5,692.817,155.4043
3251.75,757.405,168.5669
3252.0,754.482,164.2979
3252.25,777.684,169.7893
3252.5,768.4380000000001,172.6467
3252.75,722.479,162.5781
3253.0,685.764,168.2991
3253.25,653.364,163.903
3253.5,616.467,169.6548
3253.75,622.876,163.8567
3254.0,624.303,156.3948
3254.25,617.155,147.5144
3254.5,607.031,145.04899999999998
3254.75,593.255,142.041
3255.0,594.765,137.6087
3255.25,590.283,140.4071
3255.5,576.803,145.1198
3255.75,634.678,171.8705
3256.0,680.526,198.01029999999997
3256.25,634.7130000000001,182.0038
3256.5,599.565,173.7222
3256.75,580.947,182.829
3257.0,581.085,177.90470000000002
3257.25,582.2,176.49200000000002
3257.5,601.049,174.70680000000002
3257.75,630.8340000000001,180.73039999999997
3258.0,621.53,164.94819999999999
3258.25,637.663,156.58429999999998
3258.5,730.743,164.9968
3258.75,672.847,156.5088
3259.0,663.736,156.5072
3259.25,650.481,154.6168
3259.5,635.729,155.7255
3259.75,662.803,157.8309
3260.0,613.663,153.1858
3260.25,538.208,153.7568
3260.5,547.102,157.714
3260.75,538.226,154.62509999999997
3261.0,552.235,156.4008
3261.25,516.024,155.7613
3261.5,517.923,157.3045
3261.75,492.699,150.57920000000001
3262.0,409.61299999999994,121.00220000000002
3262.25,450.4440000000001,124.7944
3262.5,469.51200000000006,129.49939999999998
3262.75,425.461,127.19539999999999
3263.0,448.38199999999995,128.7355
3263.25,423.93499999999995,127.3779
3263.5,431.236,126.19560000000001
3263.75,407.80899999999997,123.77260000000001
3264.0,358.128,115.2794
3264.25,391.991,126.8269
3264.5,379.99,127.8665
3264.75,409.196,132.1087
3265.0,375.572,131.17489999999998
3265.25,371.192,132.44050000000001
3265.5,363.728,131.8194
3265.75,339.31,128.1389
3266.0,332.391,130.1177
3266.25,338.577,133.58100000000002
3266.5,340.80600000000004,128.226
3266.75,335.921,115.71090000000001
3267.0,324.54499999999996,112.286
3267.25,302.62800000000004,112.5373
3267.5,307.005,112.41329999999999
3267.75,316.54,112.1082
3268.0,313.015,110.21170000000001
3268.25,304.753,110.04910000000001
3268.5,305.479,114.1822
3268.75,300.216,113.0591
3269.0,308.95799999999997,113.1756
3269.25,314.555,114.14940000000001
3269.5,314.741,113.0015
3269.75,315.918,117.8835
3270.0,322.331,121.7185
3270.25,310.07,114.3363
3270.5,308.084,114.3253
3270.75,327.819,114.2654
3271.0,363.69100000000003,114.75709999999998
3271.25,310.745,109.25800000000001
3271.5,277.8118,106.7642
3271.75,283.2081,103.77020000000002
3272.0,287.8836,102.852
3272.25,297.6279,104.55380000000001
3272.5,305.714,104.5488
3272.75,316.196,104.39959999999999
3273.0,295.7331,110.6133
3273.25,312.05400000000003,119.42240000000001
3273.5,325.593,122.1946
3273.75,339.168,125.66120000000001
3274.0,352.84799999999996,127.34630000000001
3274.25,341.517,128.89000000000001
3274.5,331.373,126.1223
3274.75,338.403,125.80160000000001
3275.0,361.868,127.7993
3275.25,381.578,128.7594
3275.5,367.601,126.61569999999999
3275.75,393.079,127.55530000000002
3276.0,364.964,123.58519999999999
3276.25,366.36199999999997,124.38730000000001
3276.5,364.756,124.49090000000001
3276.75,373.341,124.04999999999998
3277.0,341.13199999999995,118.13990000000001
3277.25,331.733,109.216
3277.5,364.976,112.86059999999999
3277.75,346.568,114.8018
3278.0,345.584,119.11840000000001
3278.25,347.782,122.8887
3278.5,351.91999999999996,122.0772
3278.75,363.973,117.2466
3279.0,355.198,118.3288
3279.25,337.92100000000005,115.13430000000001
3279.5,310.053,115.21260000000001
3279.75,331.21999999999997,112.28630000000001
3280.0,339.127,108.0051
3280.25,353.957,105.8038
3280.5,346.391,104.59469999999999
3280.75,353.249,111.88839999999999
3281.0,360.15,113.3221
3281.25,362.59200000000004,115.1726
3281.5,378.70399999999995,116.9596
3281.75,430.639,123.7125
3282.0,406.853,121.2434
3282.25,455.357,117.6966
3282.5,513.913,120.8905
3282.75,487.02,125.0591
3283.0,491.628,128.48000000000002
3283.25,470.70799999999997,124.35659999999999
3283.5,519.579,129.049
3283.75,504.751,127.57499999999999
3284.0,496.868,132.81810000000002
3284.25,466.38300000000004,129.8628
3284.5,472.2,125.8761
3284.75,477.96400000000006,130.5554
3285.0,444.293,127.87429999999999
3285.25,424.336,121.01759999999999
3285.5,448.456,125.5941
3285.75,399.491,117.79899999999999
3286.0,426.985,122.4537
3286.25,414.155,123.0917
3286.5,402.605,120.81280000000001
3286.75,364.825,118.0018
3287.0,363.863,119.82249999999999
3287.25,385.59499999999997,122.7484
3287.5,368.551,124.2541
3287.75,356.005,126.3096
3288.0,357.932,132.067
3288.25,369.679,135.6479
3288.5,344.33299999999997,119.7757
3288.75,339.38800000000003,110.37119999999999
3289.0,355.755,114.32169999999999
3289.25,347.328,112.0339
3289.5,362.139,113.2963
3289.75,350.67699999999996,115.5451
3290.0,339.278,113.54579999999999
3290.25,318.286,110.77859999999998
3290.5,325.916,108.94820000000001
3290.75,321.62,109.7968
3291.0,303.21500000000003,111.09469999999999
3291.25,310.90700000000004,114.6009
3291.5,333.093,120.94989999999999
3291.75,333.661,121.8121
3292.0,318.624,119.678
3292.25,315.727,119.84279999999998
3292.5,302.20799999999997,115.12550000000002
3292.75,310.948,117.40169999999999
3293.0,305.105,114.22449999999999
3293.25,298.5106,112.3604
3293.5,310.174,112.65960000000001
3293.75,318.477,114.45679999999999
3294.0,339.813,135.3531
3294.25,337.56600000000003,136.3085
3294.5,330.779,132.5804
3294.75,339.068,133.3799
3295.0,366.327,135.49720000000002
3295.25,372.994,138.6201
3295.5,372.779,135.7419
3295.75,354.428,138.1256
3296.0,327.24,139.3193
3296.25,327.461,144.3182
3296.5,357.195,142.30870000000002
3296.75,374.661,141.371
3297.0,396.468,142.2818
3297.25,410.55499999999995,143.15789999999998
3297.5,441.14599999999996,138.20069999999998
3297.75,482.20400000000006,138.2713
3298.0,454.946,139.83069999999998
3298.25,437.72799999999995,134.6193
3298.5,378.862,131.3486
3298.75,390.699,130.9273
3299.0,420.02600000000007,134.6992
3299.25,458.231,135.2515
3299.5,490.21299999999997,137.2896
3299.75,479.618,134.7551
3300.0,501.69800000000004,137.9866
3300.25,503.581,140.8756
3300.5,520.022,138.8715
3300.75,481.967,137.7354
3301.0,445.69500000000005,145.8598
3301.25,436.75399999999996,144.7821
3301.5,475.928,147.8757
3301.75,529.1030000000001,147.1912
3302.0,504.947,140.56060000000002
3302.25,494.015,137.2329
3302.5,472.717,135.0183
3302.75,499.77200000000005,141.9855
3303.0,458.846,139.654
3303.25,433.475,138.2926
3303.5,419.35999999999996,145.2356
3303.75,405.41,144.88819999999998
3304.0,416.69999999999993,137.9184
3304.25,422.222,135.2826
3304.5,427.694,137.2943
3304.75,471.035,144.8693
3305.0,457.44100000000003,143.22629999999998
3305.25,445.024,142.9892
3305.5,474.02299999999997,148.87120000000002
3305.75,504.61699999999996,156.3688
3306.0,528.054,147.5194
3306.25,517.022,135.4097
3306.5,491.25,119.2111
3306.75,501.852,116.0652
3307.0,469.911,112.411
3307.25,519.857,114.07749999999999
3307.5,533.241,114.7618
3307.75,534.37,118.32130000000001
3308.0,510.977,115.65599999999999
3308.25,488.81000000000006,114.64649999999999
3308.5,478.024,119.25059999999999
3308.75,466.53999999999996,114.34349999999999
3309.0,444.345,113.3606
3309.25,449.038,118.03110000000001
3309.5,479.13,118.3928
3309.75,483.533,124.4014
3310.0,439.505,116.62010000000001
3310.25,411.78799999999995,115.7909
3310.5,411.298,116.4302
3310.75,449.756,115.75919999999999
3311.0,388.673,111.67920000000001
3311.25,412.352,114.12780000000001
3311.5,432.091,121.1276
3311.75,434.68399999999997,121.4573
3312.0,404.971,114.0667
3312.25,395.94100000000003,113.1265
3312.5,377.656,113.2935
3312.75,384.281,117.68730000000001
3313.0,395.813,129.7174
3313.25,381.93499999999995,124.1609
3313.5,386.17600000000004,128.2085
3313.75,384.99699999999996,126.51069999999999
3314.0,405.84499999999997,126.15
3314.25,402.20000000000005,129.85309999999998
3314.5,389.59400000000005,130.6507
3314.75,407.935,129.988
3315.0,395.474,126.91300000000001
3315.25,380.94100000000003,120.9702
3315.5,375.146,119.69629999999998
3315.75,390.917,124.2125
3316.0,377.416,126.14069999999998
3316.25,373.288,123.68750000000001
3316.5,341.735,117.2131
3316.75,355.324,119.50989999999999
3317.0,345.129,118.902
3317.25,338.858,117.77520000000001
3317.5,354.432,118.52350000000001
3317.75,359.625,118.21400000000001
3318.0,378.025,120.7608
3318.25,386.34499999999997,120.2963
3318.5,394.82900000000006,125.79910000000001
3318.75,417.202,126.1874
3319.0,474.558,121.3427
3319.25,554.8100000000001,136.51510000000002
3319.5,589.938,139.026
3319.75,573.771,133.178
3320.0,539.3969999999999,126.5573
3320.25,546.7620000000001,124.84020000000001
3320.5,543.169,123.9312
3320.75,543.126,125.0241
3321.0,560.586,124.2949
3321.25,567.066,124.3124
3321.5,577.971,127.9005
3321.75,566.082,132.0935
3322.0,591.348,136.1293
3322.25,604.125,136.6411
3322.5,580.953,135.7034
3322.75,593.265,132.2597
3323.0,661.002,141.0075
3323.25,698.592,144.0023
3323.5,741.69,152.047
3323.75,778.1519999999999,159.93689999999998
3324.0,780.963,157.6537
3324.25,756.3689999999999,158.1848
3324.5,713.017,146.7182
3324.75,699.935,155.5103
3325.0,651.261,143.56
3325.25,598.0409999999999,143.4828
3325.5,598.8000000000001,142.4467
3325.75,574.659,140.6366
3326.0,581.115,146.86860000000001
3326.25,563.037,141.2493
3326.5,526.818,134.731
3326.75,540.438,148.9961
3327.0,518.906,148.6427
3327.25,508.779,146.9178
3327.5,663.51,192.6555
3327.75,651.348,195.5906
3328.0,613.068,179.4109
3328.25,638.9970000000001,182.5401
3328.5,594.8190000000001,168.1195
3328.75,612.667,176.0055
3329.0,572.044,176.3937
3329.25,600.824,179.4957
3329.5,598.389,175.77859999999998
3329.75,682.44,177.84560000000002
3330.0,731.4879999999999,171.1957
3330.25,722.5989999999999,160.8598
3330.5,695.962,155.19899999999998
3330.75,727.191,156.9473
3331.0,731.711,152.2382
3331.25,751.2719999999999,153.8918
3331.5,729.251,164.0063
3331.75,702.208,165.6831
3332.0,749.722,168.8046
3332.25,685.698,166.1164
3332.5,667.488,167.96699999999998
3332.75,638.477,166.8869
3333.0,624.39,160.37199999999999
3333.25,644.6030000000001,162.9279
3333.5,611.5540000000001,152.7621
3333.75,592.8050000000001,149.9846
3334.0,552.665,138.4613
3334.25,518.967,137.8406
3334.5,523.712,131.3598
3334.75,486.28999999999996,138.3717
3335.0,493.481,130.78390000000002
3335.25,467.168,118.80779999999999
3335.5,480.785,123.6823
3335.75,459.311,123.9519
3336.0,418.46799999999996,117.673
3336.25,417.644,116.34039999999999
3336.5,378.551,110.59850000000002
3336.75,405.202,117.6265
3337.0,427.346,133.61339999999998
3337.25,444.08899999999994,134.1844
3337.5,480.01,137.6181
3337.75,462.39199999999994,136.09109999999998
3338.0,431.855,134.9047
3338.25,428.179,134.9283
3338.5,436.207,137.49699999999999
3338.75,399.78799999999995,134.1434
3339.0,395.98900000000003,132.8501
3339.25,376.856,130.496
3339.5,375.62199999999996,132.3971
3339.75,376.178,130.929
3340.0,361.868,126.26480000000001
3340.25,368.649,130.18349999999998
3340.5,368.97999999999996,129.7785
3340.75,371.968,129.5864
3341.0,358.82599999999996,127.4196
3341.25,364.565,124.79960000000001
3341.5,373.115,125.9705
3341.75,407.791,127.832
3342.0,423.30499999999995,130.1428
3342.25,427.32500000000005,130.2588
3342.5,480.595,134.3443
3342.75,498.09900000000005,136.5214
3343.0,561.3679999999999,141.1675
3343.25,607.453,138.3587
3343.5,605.71,133.6139
3343.75,617.787,135.6852
3344.0,548.3340000000001,125.65
3344.25,546.8140000000001,128.8668
3344.5,565.566,131.1193
3344.75,557.7660000000001,129.3802
3345.0,577.18,121.0752
3345.25,616.484,129.733
3345.5,610.8050000000001,131.8793
3345.75,638.2860000000001,133.089
3346.0,604.029,133.7591
3346.25,619.712,132.9028
3346.5,616.317,129.77100000000002
3346.75,653.866,135.0386
3347.0,727.008,147.7261
3347.25,734.269,144.0332
3347.5,759.838,145.91809999999998
3347.75,779.538,152.4846
3348.0,781.8760000000001,140.7181
3348.25,740.226,138.2246
3348.5,715.857,137.3655
3348.75,715.74,143.91129999999998
3349.0,670.643,141.06980000000001
3349.25,668.153,139.4732
3349.5,641.882,134.1929
3349.75,599.057,134.9889
3350.0,601.932,129.8252
3350.25,611.6030000000001,131.2215
3350.5,575.6189999999999,121.8499
3350.75,567.812,125.1526
3351.0,563.7049999999999,128.4544
3351.25,558.347,128.9137
3351.5,565.1189999999999,129.0802
3351.75,593.559,130.61880000000002
3352.0,560.854,125.84029999999998
3352.25,567.453,123.30959999999999
3352.5,562.591,121.537
3352.75,567.948,124.8318
3353.0,569.6189999999999,120.7456
3353.25,542.2669999999999,125.619
3353.5,533.64,126.4298
3353.75,629.1279999999999,134.2216
3354.0,612.5419999999999,128.8492
3354.25,664.348,124.30109999999999
3354.5,629.512,123.8269
3354.75,643.626,123.49629999999999
3355.0,652.547,125.4911
3355.25,644.7,123.07369999999999
3355.5,639.711,119.6713
3355.75,626.399,123.28229999999999
3356.0,638.411,126.9127
3356.25,571.1479999999999,127.17500000000001
3356.5,603.416,129.0751
3356.75,577.7560000000001,128.9102
3357.0,608.876,126.6549
3357.25,599.024,125.75490000000002
3357.5,568.412,123.3013
3357.75,556.676,121.524
3358.0,577.528,123.28479999999999
3358.25,557.24,119.7741
3358.5,548.267,118.67840000000001
3358.75,527.012,119.3484
3359.0,499.16299999999995,119.6743
3359.25,490.14799999999997,122.38130000000001
3359.5,518.051,131.9001
3359.75,514.807,126.918
3360.0,473.329,126.2396
3360.25,437.692,125.77270000000001
3360.5,456.094,126.9626
3360.75,445.94899999999996,125.5426
3361.0,436.51,130.9066
3361.25,420.746,130.8283
3361.5,421.78999999999996,131.91719999999998
3361.75,404.073,132.5078
3362.0,409.206,134.119
3362.25,409.55499999999995,126.5594
3362.5,412.52299999999997,125.11530000000002
3362.75,446.417,131.8423
3363.0,424.885,130.9086
3363.25,420.87100000000004,128.4618
3363.5,401.87,130.0879
3363.75,400.61799999999994,129.3392
3364.0,406.664,130.6514
3364.25,406.86199999999997,129.4925
3364.5,389.819,128.3096
3364.75,404.525,126.97789999999999
3365.0,451.394,127.84349999999999
3365.25,445.52600000000007,127.80420000000001
3365.5,453.913,127.9253
3365.75,447.453,129.99280000000002
3366.0,434.56999999999994,128.2064
3366.25,434.072,126.23520000000002
3366.5,517.883,134.3596
3366.75,511.392,141.5256
3367.0,572.795,138.0893
3367.25,637.3380000000001,133.72469999999998
3367.5,624.111,140.10580000000002
3367.75,699.69,141.3501
3368.0,621.321,131.74439999999998
3368.25,626.1869999999999,133.8861
3368.5,644.601,132.33479999999997
3368.75,672.3779999999999,135.7593
3369.0,687.357,129.45250000000001
3369.25,687.895,126.8264
3369.5,682.614,132.86520000000002
3369.75,662.145,134.09380000000002
3370.0,650.1990000000001,133.6703
3370.25,660.7139999999999,132.7976
3370.5,631.1479999999999,131.5811
3370.75,657.024,136.2557
3371.0,699.751,139.5845
3371.25,696.414,136.3079
3371.5,694.385,134.4293
3371.75,690.1270000000001,132.16570000000002
3372.0,711.204,141.1111
3372.25,721.223,147.2871
3372.5,793.0049999999999,145.1276
3372.75,765.647,145.36290000000002
3373.0,725.356,149.4099
3373.25,727.629,149.6103
3373.5,725.361,144.6124
3373.75,606.87,137.5155
3374.0,585.591,145.5879
3374.25,636.788,150.3717
3374.5,657.4110000000001,156.6601
3374.75,629.001,148.5862
3375.0,639.789,143.63639999999998
3375.25,691.907,143.5762
3375.5,623.4100000000001,140.7922
3375.75,608.498,133.9937
3376.0,597.2909999999999,131.2148
3376.25,587.367,133.0354
3376.5,555.309,133.1747
3376.75,550.837,130.3931
3377.0,565.53,128.6193
3377.25,546.201,125.7543
3377.5,631.797,137.6047
3377.75,649.369,140.9049
3378.0,658.727,127.9517
3378.25,707.2860000000001,128.6498
3378.5,691.3040000000001,132.9939
3378.75,686.0740000000001,144.0653
3379.0,744.828,144.3025
3379.25,733.513,143.5356
3379.5,665.873,142.3375
3379.75,694.255,144.9629
3380.0,721.2059999999999,146.7382
3380.25,684.965,141.6197
3380.5,639.4100000000001,136.8816
3380.75,650.859,138.3996
3381.0,644.771,135.9377
3381.25,630.0160000000001,132.76409999999998
3381.5,605.237,126.76920000000001
3381.75,551.9300000000001,121.8076
3382.0,553.871,121.11959999999999
3382.25,584.17,121.6822
3382.5,584.27,125.0173
3382.75,558.104,120.2649
3383.0,566.621,120.8665
3383.25,540.866,119.453
3383.5,552.668,126.48179999999999
3383.75,535.741,132.20420000000001
3384.0,490.11400000000003,127.61340000000001
3384.25,476.727,125.6385
3384.5,445.48400000000004,122.60679999999999
3384.75,445.528,120.89949999999999
3385.0,449.41099999999994,125.0311
3385.25,449.924,129.3713
3385.5,439.15599999999995,137.92489999999998
3385.75,435.08299999999997,136.55949999999999
3386.0,419.413,134.3511
3386.25,408.79599999999994,132.7622
3386.5,416.597,133.69819999999999
3386.75,421.424,133.4715
3387.0,411.42600000000004,134.2985
3387.25,399.01300000000003,132.6017
3387.5,397.178,135.0258
3387.75,394.631,131.3103
3388.0,390.14300000000003,131.8651
3388.25,396.04900000000004,134.4841
3388.5,388.68199999999996,134.87599999999998
3388.75,385.19100000000003,133.9885
3389.0,402.95000000000005,137.5971
3389.25,402.953,136.3165
3389.5,404.76,134.96359999999999
3389.75,421.91600000000005,134.88479999999998
3390.0,448.61300000000006,133.4717
3390.25,476.519,130.7165
3390.5,496.766,132.4496
3390.75,506.231,139.93630000000002
3391.0,574.4639999999999,131.65370000000001
3391.25,586.197,134.0398
3391.5,574.094,131.4878
3391.75,612.432,131.9518
3392.0,559.755,127.3696
3392.25,547.71,137.4318
3392.5,566.0429999999999,130.3322
3392.75,600.5160000000001,137.6838
3393.0,598.0409999999999,136.0393
3393.25,634.231,141.7394
3393.5,614.718,137.8741
3393.75,595.3030000000001,140.1848
3394.0,573.777,139.909
3394.25,576.216,131.93949999999998
3394.5,551.258,126.6164
3394.75,533.6189999999999,123.00710000000001
3395.0,629.9159999999999,130.273
3395.25,634.539,131.8157
3395.5,730.9300000000001,136.0807
3395.75,702.297,135.3136
3396.0,714.106,139.2635
3396.25,692.6220000000001,142.15929999999997
3396.5,707.283,148.45069999999998
3396.75,680.049,151.1919
3397.0,617.892,137.291
3397.25,603.342,125.7596
3397.5,552.606,131.9022
3397.75,550.986,128.6703
3398.0,544.515,131.5643
3398.25,523.764,125.6173
3398.5,526.545,128.8038
3398.75,504.16799999999995,124.58930000000001
3399.0,525.627,119.2193
3399.25,521.355,134.4743
3399.5,510.16799999999995,131.8273
3399.75,527.098,132.1021
3400.0,545.4780000000001,124.77610000000001
3400.25,523.488,138.7642
3400.5,526.008,131.7944
3400.75,555.82,137.7727
3401.0,562.014,131.9799
3401.25,587.3879999999999,135.6301
3401.5,611.151,145.5098
3401.75,678.0809999999999,152.2842
3402.0,677.19,144.91719999999998
3402.25,703.856,144.0516
3402.5,701.1869999999999,139.16469999999998
3402.75,707.3340000000001,137.99200000000002
3403.0,738.433,135.3143
3403.25,704.658,122.6326
3403.5,639.993,115.0097
3403.75,698.423,117.8221
3404.0,710.533,117.70360000000001
3404.25,659.314,114.4593
3404.5,650.67,113.2419
3404.75,650.306,112.7533
3405.0,595.502,110.36599999999999
3405.25,581.9780000000001,109.4041
3405.5,576.875,110.9675
3405.75,628.307,112.7588
3406.0,579.295,114.3394
3406.25,589.918,114.55959999999999
3406.5,573.742,113.3518
3406.75,516.956,112.6755
3407.0,500.84299999999996,109.3175
3407.25,511.548,110.61510000000001
3407.5,504.08900000000006,109.16560000000001
3407.75,485.95799999999997,104.5378
3408.0,471.19899999999996,107.9308
3408.25,455.06800000000004,109.7475
3408.5,442.28,105.1166
3408.75,439.06600000000003,106.54220000000001
3409.0,414.736,109.4147
3409.25,416.086,106.5238
3409.5,433.394,116.44999999999999
3409.75,439.00700000000006,129.0274
3410.0,445.629,128.6055
3410.25,437.855,130.93869999999998
3410.5,460.178,133.9196
3410.75,494.978,134.4123
3411.0,495.905,131.45999999999998
3411.25,498.98199999999997,132.0231
3411.5,505.64,133.0999
3411.75,482.303,132.1984
3412.0,449.168,129.1206
3412.25,441.764,125.2546
3412.5,427.753,127.1254
3412.75,448.48699999999997,130.0106
3413.0,442.82900000000006,127.1337
3413.25,436.894,127.0147
3413.5,417.2049999999999,122.6169
3413.75,421.37500000000006,123.59129999999999
3414.0,461.834,126.4853
3414.25,472.825,127.86710000000001
3414.5,489.195,126.10309999999998
3414.75,502.853,125.66909999999999
3415.0,558.65,128.8816
3415.25,586.837,127.3748
3415.5,644.688,129.9783
3415.75,594.9300000000001,128.0031
3416.0,511.471,126.40580000000001
3416.25,518.025,126.16890000000001
3416.5,559.755,133.8904
3416.75,584.894,132.8774
3417.0,613.539,134.1385
3417.25,659.915,131.69230000000002
3417.5,639.419,131.8936
3417.75,666.849,129.2735
3418.0,645.063,134.71800000000002
3418.25,647.559,131.8352
3418.5,644.7,130.68599999999998
3418.75,640.601,122.02499999999999
3419.0,680.724,125.5835
3419.25,753.9970000000001,134.9869
3419.5,779.1759999999999,142.6105
3419.75,744.706,131.3661
3420.0,759.583,130.9215
3420.25,745.8389999999999,136.3205
3420.5,718.28,134.7762
3420.75,726.6220000000001,136.7905
3421.0,631.08,136.9806
3421.25,635.25,124.90660000000001
3421.5,580.302,125.4379
3421.75,556.107,120.6723
3422.0,539.1869999999999,122.3127
3422.25,525.3530000000001,120.03540000000001
3422.5,493.51200000000006,115.1473
3422.75,485.394,116.6635
3423.0,490.674,120.2725
3423.25,503.148,119.12939999999999
3423.5,481.626,114.0614
3423.75,491.78499999999997,112.08949999999999
3424.0,492.783,112.307
3424.25,529.245,113.3364
3424.5,550.9110000000001,111.99249999999999
3424.75,527.718,118.8492
3425.0,618.1780000000001,138.0559
3425.25,632.7929999999999,155.9403
3425.5,625.602,145.0118
3425.75,660.492,147.24200000000002
3426.0,661.828,139.9718
3426.25,706.995,142.7342
3426.5,709.793,140.1096
3426.75,722.2090000000001,134.8613
3427.0,715.4590000000001,134.0018
3427.25,712.015,130.9522
3427.5,689.472,132.0019
3427.75,664.655,123.2524
3428.0,642.476,111.6071
3428.25,572.556,102.28959999999998
3428.5,583.623,107.286
3428.75,594.764,111.56380000000001
3429.0,566.654,106.3587
3429.25,570.029,107.99449999999999
3429.5,568.669,109.11359999999999
3429.75,561.2049999999999,108.043
3430.0,552.461,105.8868
3430.25,542.801,106.24350000000001
3430.5,518.576,101.0819
3430.75,508.66100000000006,100.39689999999999
3431.0,520.226,102.502
3431.25,519.221,105.55790000000002
3431.5,469.211,103.3419
3431.75,443.012,100.5279
3432.0,441.93500000000006,101.72370000000001
3432.25,435.03099999999995,104.8791
3432.5,399.922,102.91909999999999
3432.75,433.49,104.0737
3433.0,420.76,108.13390000000001
3433.25,411.98299999999995,108.60379999999999
3433.5,396.895,108.5858
3433.75,387.715,108.7047
3434.0,391.73,111.06110000000001
3434.25,391.13599999999997,111.18209999999999
3434.5,393.63800000000003,108.7877
3434.75,366.907,106.3266
3435.0,357.844,104.86219999999999
3435.25,362.654,105.0933
3435.5,344.665,102.429
3435.75,351.317,104.04919999999998
3436.0,339.462,100.8409
3436.25,337.06899999999996,99.44200000000001
3436.5,327.644,99.7961
3436.75,326.219,98.7134
3437.0,344.228,101.8125
3437.25,351.887,99.45770000000002
3437.5,354.21500000000003,102.39759999999998
3437.75,358.551,104.5981
3438.0,371.386,105.0961
3438.25,392.42900000000003,109.4468
3438.5,385.573,107.91069999999999
3438.75,372.659,108.4437
3439.0,391.77699999999993,109.7171
3439.25,376.457,102.2484
3439.5,365.692,100.917
3439.75,378.866,112.4572
3440.0,318.995,104.54570000000001
3440.25,354.68399999999997,107.0125
3440.5,365.601,106.02900000000001
3440.75,389.78499999999997,109.5475
3441.0,427.957,115.72720000000001
3441.25,410.77,115.2705
3441.5,455.10799999999995,121.7552
3441.75,498.66700000000003,123.31880000000001
3442.0,477.823,122.4305
3442.25,461.87500000000006,124.7113
3442.5,402.5799999999999,119.2216
3442.75,409.865,121.1043
3443.0,487.24199999999996,129.9795
3443.25,487.90100000000007,127.7467
3443.5,561.438,129.7244
3443.75,563.4300000000001,127.5207
3444.0,528.92,120.98819999999999
3444.25,501.86400000000003,123.1292
3444.5,525.171,123.06809999999999
3444.75,530.8789999999999,126.2433
3445.0,517.755,124.99869999999999
3445.25,506.62300000000005,121.24430000000001
3445.5,540.518,123.4222
3445.75,564.169,127.04839999999999
3446.0,546.117,118.7553
3446.25,515.068,110.1098
3446.5,533.163,111.70679999999999
3446.75,563.697,117.53209999999999
3447.0,542.6759999999999,119.6344
3447.25,539.264,123.80890000000001
3447.5,503.095,122.59479999999999
3447.75,530.347,119.22720000000001
3448.0,551.559,123.5596
3448.25,555.251,120.3433
3448.5,536.19,118.31110000000001
3448.75,555.656,116.6466
3449.0,627.183,118.34599999999999
3449.25,611.093,115.1876
3449.5,621.9630000000001,114.0727
3449.75,623.196,117.6046
3450.0,661.071,119.0014
3450.25,665.283,117.1154
3450.5,615.438,118.0765
3450.75,607.366,119.2691
3451.0,598.545,116.13669999999999
3451.25,605.235,116.0966
3451.5,616.0699999999999,114.2861
3451.75,646.899,121.55099999999999
3452.0,600.864,120.9815
3452.25,606.925,125.5181
3452.5,567.149,123.5789
3452.75,591.307,121.5078
3453.0,597.933,120.1291
3453.25,577.1890000000001,119.5933
3453.5,549.0,119.262
3453.75,550.64,118.10830000000001
3454.0,514.362,114.43969999999999
3454.25,507.51800000000003,114.2462
3454.5,505.2579999999999,116.9792
3454.75,493.216,117.5772
3455.0,506.18399999999997,118.6198
3455.25,502.95599999999996,116.73329999999999
3455.5,488.327,113.57929999999999
3455.75,469.74800000000005,111.4334
3456.0,444.62500000000006,113.994
3456.25,455.762,120.2589
3456.5,426.33000000000004,117.0488
3456.75,432.033,118.7389
3457.0,438.17600000000004,120.2294
3457.25,426.076,119.995
3457.5,432.19100000000003,122.1785
3457.75,417.37699999999995,121.2799
3458.0,399.87300000000005,115.96979999999999
3458.25,395.74,116.6069
3458.5,396.818,115.24960000000002
3458.75,386.678,117.3083
3459.0,360.746,117.98920000000001
3459.25,354.99199999999996,115.86429999999999
3459.5,361.152,118.65879999999999
3459.75,337.84,118.45490000000001
3460.0,335.414,117.248
3460.25,332.732,116.90960000000001
3460.5,324.18,116.69919999999999
3460.75,316.028,116.17129999999999
3461.0,324.43,115.6181
3461.25,321.808,113.49109999999999
3461.5,367.774,118.3613
3461.75,378.08299999999997,115.1414
3462.0,359.163,111.14240000000001
3462.25,362.026,114.3338
3462.5,378.23,129.2781
3462.75,391.348,125.2627
3463.0,410.57900000000006,124.8898
3463.25,423.31,125.01760000000002
3463.5,385.13,124.26059999999998
3463.75,372.418,123.5452
3464.0,332.57,118.3887
3464.25,325.349,119.23169999999999
3464.5,350.445,116.453
3464.75,399.528,117.5808
3465.0,403.106,116.28649999999999
3465.25,409.942,114.771
3465.5,482.91700000000003,115.5042
3465.75,489.27099999999996,115.7692
3466.0,451.783,116.60079999999999
3466.25,457.94500000000005,120.37620000000001
3466.5,417.154,115.99220000000001
3466.75,423.686,114.3844
3467.0,421.85799999999995,112.7578
3467.25,458.264,114.08239999999999
3467.5,429.779,110.0786
3467.75,503.071,111.78370000000001
3468.0,494.80100000000004,111.1561
3468.25,440.341,110.1287
3468.5,471.584,111.524
3468.75,471.01300000000003,112.31719999999999
3469.0,429.007,110.2007
3469.25,427.53200000000004,110.01849999999999
3469.5,434.506,111.0851
3469.75,445.495,116.6445
3470.0,465.563,117.48499999999999
3470.25,409.01300000000003,115.38419999999999
3470.5,412.874,115.1652
3470.75,435.754,117.0743
3471.0,462.08400000000006,113.1644
3471.25,495.527,116.6851
3471.5,487.576,116.2885
3471.75,487.485,111.2474
3472.0,493.79200000000003,111.00120000000001
3472.25,506.842,109.33869999999999
3472.5,450.24800000000005,110.25319999999999
3472.75,458.423,110.18599999999999
3473.0,449.769,107.1158
3473.25,460.132,109.9247
3473.5,483.469,110.8992
3473.75,498.137,113.7481
3474.0,521.7090000000001,116.29650000000001
3474.25,602.896,121.00370000000001
3474.5,590.6759999999999,117.0683
3474.75,573.297,110.53540000000001
3475.0,581.895,110.8502
3475.25,577.275,109.506
3475.5,596.607,113.5875
3475.75,579.162,115.8992
3476.0,664.1220000000001,118.55
3476.25,641.464,120.5733
3476.5,601.818,119.86439999999999
3476.75,618.648,121.3231
3477.0,605.1519999999999,121.0078
3477.25,613.7249999999999,123.88359999999999
3477.5,594.103,121.3785
3477.75,547.18,115.4307
3478.0,520.691,117.3957
3478.25,519.192,118.92939999999999
3478.5,510.395,124.737
3478.75,532.288,126.2488
3479.0,527.645,123.3534
3479.25,512.857,127.5001
3479.5,515.756,131.7091
3479.75,485.134,123.3278
3480.0,453.122,120.16560000000001
3480.25,458.51199999999994,115.3181
3480.5,430.391,111.69980000000001
3480.75,457.264,118.87819999999999
3481.0,446.026,121.799
3481.25,426.956,127.2807
3481.5,426.371,134.7738
3481.75,435.181,135.4295
3482.0,436.261,135.474
3482.25,435.722,138.3274
3482.5,448.76,140.4482
3482.75,442.90100000000007,141.3689
3483.0,414.35900000000004,141.7701
3483.25,410.203,141.76420000000002
3483.5,401.336,141.72050000000002
3483.75,411.802,144.7971
3484.0,414.831,141.3864
3484.25,406.94899999999996,142.0872
3484.5,401.981,135.5897
3484.75,394.461,133.7155
3485.0,385.78999999999996,134.69709999999998
3485.25,394.887,136.4839
3485.5,400.98900000000003,136.7126
3485.75,396.83899999999994,132.09120000000001
3486.0,424.78600000000006,134.7219
3486.25,453.715,133.7328
3486.5,487.43399999999997,133.8222
3486.75,501.148,137.9149
3487.0,550.143,139.1472
3487.25,652.6379999999999,150.6692
3487.5,672.813,141.5615
3487.75,696.825,142.3423
3488.0,642.9549999999999,136.0523
3488.25,651.9630000000001,137.65789999999998
3488.5,676.559,141.0874
3488.75,695.316,137.5572
3489.0,738.037,145.19819999999999
3489.25,720.601,131.8613
3489.5,705.901,131.04809999999998
3489.75,735.447,132.41299999999998
3490.0,710.196,139.8124
3490.25,737.9159999999999,136.89960000000002
3490.5,688.896,136.3868
3490.75,727.335,143.4253
3491.0,753.295,138.9652
3491.25,794.37,135.8525
3491.5,828.172,143.8984
3491.75,878.2210000000001,154.9992
3492.0,854.7130000000001,163.0322
3492.25,844.7740000000001,153.5458
3492.5,849.0010000000001,153.3778
3492.75,807.493,156.3801
3493.0,768.3419999999999,153.5913
3493.25,765.129,149.74220000000003
3493.5,712.113,144.213
3493.75,755.517,148.8518
3494.0,745.8430000000001,146.88979999999998
3494.25,699.625,147.589
3494.5,677.107,141.7971
3494.75,659.4749999999999,135.2752
3495.0,659.37,138.8952
3495.25,677.206,142.68970000000002
3495.5,649.456,138.7093
3495.75,698.481,154.2094
3496.0,662.325,160.2061
3496.25,659.04,152.219
3496.5,661.488,148.9205
3496.75,613.986,148.99439999999998
3497.0,626.131,158.30960000000002
3497.25,609.567,146.1539
3497.5,613.392,136.4096
3497.75,666.367,141.6309
3498.0,693.474,140.9574
3498.25,738.61,140.555
3498.5,757.408,132.5981
3498.75,762.9110000000001,130.0931
3499.0,788.44,143.57739999999998
3499.25,822.646,148.28
3499.5,791.5319999999999,145.4056
3499.75,723.586,133.808
3500.0,678.648,129.76059999999998
3500.25,670.854,136.2469
3500.5,672.981,144.0341
3500.75,656.288,138.03070000000002
3501.0,680.104,135.43699999999998
3501.25,707.003,133.2471
3501.5,676.384,128.23170000000002
3501.75,618.269,123.9273
3502.0,604.079,121.0487
3502.25,572.996,117.34270000000001
3502.5,547.9879999999999,113.69720000000001
3502.75,546.941,112.8938
3503.0,565.172,118.70570000000001
3503.25,560.251,118.9346
3503.5,529.655,114.0163
3503.75,518.789,116.2114
3504.0,499.256,111.09049999999999
3504.25,452.11499999999995,108.3045
3504.5,424.941,109.69640000000001
3504.75,425.255,111.59490000000001
3505.0,430.297,119.9664
3505.25,417.00199999999995,117.58670000000001
3505.5,431.58399999999995,121.3185
3505.75,418.564,121.7027
3506.0,429.953,125.2553
3506.25,415.154,122.7147
3506.5,415.75700000000006,126.4854
3506.75,398.012,124.2449
3507.0,404.635,121.9307
3507.25,414.10600000000005,120.75829999999999
3507.5,403.346,119.5333
3507.75,399.596,120.95680000000002
3508.0,367.75100000000003,117.00410000000001
3508.25,362.53700000000003,115.85
3508.5,342.264,114.5813
3508.75,342.605,115.25399999999999
3509.0,389.7869999999999,118.90780000000001
3509.25,383.303,116.37799999999999
3509.5,406.694,123.4289
3509.75,404.14700000000005,123.7379
3510.0,436.47399999999993,125.0786
3510.25,471.347,128.3613
3510.5,487.416,130.2536
3510.75,460.12699999999995,132.3034
3511.0,545.34,135.0021
3511.25,592.957,128.6526
3511.5,630.517,127.8286
3511.75,604.941,127.1846
3512.0,577.185,139.39700000000002
3512.25,604.4369999999999,154.3458
3512.5,577.866,140.4776
3512.75,604.836,137.035
3513.0,636.696,140.1926
3513.25,694.182,145.0277
3513.5,687.192,147.02960000000002
3513.75,695.346,152.6503
3514.0,724.6949999999999,151.1547
3514.25,759.448,150.582
3514.5,705.06,141.0721
3514.75,715.038,142.1909
3515.0,805.9869999999999,148.6443
3515.25,808.135,145.6001
3515.5,844.7869999999999,149.1662
3515.75,860.4069999999999,154.8604
3516.0,897.961,155.8374
3516.25,831.7860000000001,145.5171
3516.5,835.5020000000001,142.6572
3516.75,827.253,147.13299999999998
3517.0,817.995,147.429
3517.25,826.7590000000001,152.9379
3517.5,756.885,151.03699999999998
3517.75,776.463,151.7908
3518.0,779.588,145.69959999999998
3518.25,754.078,143.7781
3518.5,721.686,143.4221
3518.75,696.006,145.2277
3519.0,736.5360000000001,144.2425
3519.25,758.915,147.5778
3519.5,726.031,144.127
3519.75,725.64,144.2819
3520.0,702.393,137.6291
3520.25,678.939,136.6561
3520.5,704.1659999999999,137.1058
3520.75,699.582,137.0062
3521.0,698.799,140.7101
3521.25,744.099,134.1968
3521.5,773.956,142.6127
3521.75,791.905,136.0362
3522.0,824.803,137.4086
3522.25,871.679,143.0157
3522.5,794.3009999999999,131.4246
3522.75,824.413,133.5595
3523.0,799.452,134.1817
3523.25,791.6890000000001,133.9685
3523.5,786.8779999999999,133.9358
3523.75,796.5809999999999,133.6894
3524.0,799.971,132.1043
3524.25,805.301,133.3165
3524.5,827.4570000000001,130.4168
3524.75,760.195,132.4678
3525.0,742.458,134.9547
3525.25,698.762,132.3229
3525.5,719.9,133.809
3525.75,704.119,135.9483
3526.0,630.928,131.1452
3526.25,630.214,137.6156
3526.5,605.815,137.21890000000002
3526.75,599.624,137.7594
3527.0,590.279,132.9275
3527.25,554.441,131.6292
3527.5,543.395,133.6147
3527.75,569.594,135.1282
3528.0,569.057,135.42090000000002
3528.25,531.255,128.11470000000003
3528.5,490.389,123.00949999999999
3528.75,485.207,123.26759999999999
3529.0,471.14200000000005,124.31120000000001
3529.25,478.28599999999994,126.58670000000001
3529.5,465.166,130.4013
3529.75,484.735,131.4684
3530.0,487.331,134.2143
3530.25,482.58399999999995,134.4151
3530.5,451.795,131.0997
3530.75,445.80100000000004,132.2912
3531.0,481.874,137.6748
3531.25,464.528,137.7549
3531.5,443.682,137.1841
3531.75,435.587,139.4278
3532.0,455.35999999999996,137.3823
3532.25,465.367,134.9007
3532.5,436.62100000000004,129.8542
3532.75,411.9839999999999,129.33089999999999
3533.0,416.30899999999997,133.0065
3533.25,433.796,132.2307
3533.5,445.982,134.5466
3533.75,434.72300000000007,129.264
3534.0,435.30899999999997,127.7142
3534.25,471.89599999999996,126.951
3534.5,483.11699999999996,128.7299
3534.75,526.302,140.88139999999999
3535.0,577.4540000000001,148.7245
3535.25,639.8309999999999,155.2338
3535.5,608.426,143.701
3535.75,695.604,145.3769
3536.0,736.434,168.2252
3536.25,729.519,144.151
3536.5,699.321,147.55689999999998
3536.75,748.548,168.1575
3537.0,761.6179999999999,150.6062
3537.25,797.0050000000001,158.7967
3537.5,779.9140000000001,158.32639999999998
3537.75,778.101,144.40269999999998
3538.0,803.403,145.648
3538.25,769.5880000000001,149.8397
3538.5,710.05,141.6169
3538.75,776.1569999999999,146.6017
3539.0,844.1400000000001,145.8293
3539.25,969.9639999999999,149.5109
3539.5,966.4449999999999,151.07999999999998
3539.75,942.3729999999998,170.8542
3540.0,937.606,164.8078
3540.25,852.213,152.0317
3540.5,851.5960000000001,152.4377
3540.75,876.046,154.3716
3541.0,855.6009999999999,152.83550000000002
3541.25,883.607,161.0505
3541.5,819.5699999999999,150.15980000000002
3541.75,825.9110000000001,147.7921
3542.0,835.595,139.228
3542.25,790.215,138.70520000000002
3542.5,759.07,137.5538
3542.75,761.137,136.3743
3543.0,766.348,134.34300000000002
3543.25,757.946,137.1534
3543.5,783.3389999999999,133.9326
3543.75,778.999,134.4101
3544.0,795.178,134.7211
3544.25,786.3240000000001,134.6991
3544.5,802.0619999999999,134.57
3544.75,757.401,132.224
3545.0,701.6410000000001,136.9861
3545.25,726.636,132.0143
3545.5,750.987,132.88459999999998
3545.75,835.752,140.9046
3546.0,908.9870000000001,142.4329
3546.25,962.981,144.0155
3546.5,881.1320000000001,135.5017
3546.75,919.941,126.43730000000001
3547.0,856.875,120.35079999999999
3547.25,840.304,124.13
3547.5,872.5319999999999,133.3176
3547.75,884.145,134.4679
3548.0,867.7370000000001,124.81960000000001
3548.25,815.9669999999999,122.6696
3548.5,807.2460000000001,131.6367
3548.75,780.762,134.587
3549.0,794.6789999999999,130.5242
3549.25,836.697,136.0893
3549.5,765.7719999999999,132.39249999999998
3549.75,725.928,125.46969999999999
3550.0,737.3009999999999,130.1363
3550.25,736.332,134.3676
3550.5,821.518,138.2922
3550.75,776.0419999999999,126.9687
3551.0,774.402,132.5285
3551.25,744.3000000000001,123.995
3551.5,691.706,132.308
3551.75,754.4359999999999,128.7901
3552.0,735.82,134.0533
3552.25,748.844,134.6686
3552.5,687.996,129.5161
3552.75,623.431,125.3802
3553.0,637.4159999999999,131.0643
3553.25,620.7629999999999,129.97560000000001
3553.5,583.404,130.1689
3553.75,563.104,129.5532
3554.0,566.358,130.1782
3554.25,546.8720000000001,129.5246
3554.5,560.943,127.6447
3554.75,575.436,129.6187
3555.0,585.4590000000001,126.8065
3555.25,564.873,125.0966
3555.5,563.821,128.3507
3555.75,585.149,129.4285
3556.0,524.501,123.9204
3556.25,505.694,123.8459
3556.5,495.812,125.1289
3556.75,532.832,125.5694
3557.0,480.749,123.842
3557.25,494.114,124.31390000000002
3557.5,538.363,129.037
3557.75,557.332,133.3202
3558.0,548.915,132.5644
3558.25,553.5980000000001,133.165
3558.5,597.992,135.8521
3558.75,560.969,134.31650000000002
3559.0,626.23,136.7152
3559.25,684.843,131.3955
3559.5,686.172,129.7151
3559.75,703.398,130.6718
3560.0,682.706,130.225
3560.25,750.967,132.3277
3560.5,730.873,128.4257
3560.75,776.284,145.1245
3561.0,756.1179999999999,138.3446
3561.25,782.436,131.56029999999998
3561.5,801.9580000000001,138.5547
3561.75,754.325,132.7013
3562.0,764.6410000000001,137.1713
3562.25,1019.002,153.4795
3562.5,1058.443,168.5999
3562.75,1042.483,163.7494
3563.0,1089.25,155.1424
3563.25,1104.6190000000001,156.58100000000002
3563.5,1120.2669999999998,162.5076
3563.75,1227.3220000000001,170.9026
3564.0,1250.411,174.3329
3564.25,1224.268,177.7383
3564.5,1253.758,185.21699999999998
3564.75,1176.193,177.6441
3565.0,1089.685,171.5845
3565.25,1123.7939999999999,170.001
3565.5,1157.185,179.0051
3565.75,1118.848,170.8369
3566.0,1097.799,168.2999
3566.25,1111.783,164.5874
3566.5,1108.951,163.87650000000002
3566.75,1074.6370000000002,158.7843
3567.0,1099.453,162.5755
3567.25,1146.749,162.58960000000002
3567.5,1135.4470000000001,165.6106
3567.75,1101.317,155.3683
3568.0,1112.788,157.52880000000002
3568.25,1142.257,158.85410000000002
3568.5,1080.595,160.7681
3568.75,1077.503,155.19830000000002
3569.0,1038.94,160.5281
3569.25,1007.3530000000001,146.9818
3569.5,1061.908,151.1976
3569.75,1090.5430000000001,160.7876
3570.0,1112.8580000000002,158.78
3570.25,1148.603,162.34890000000001
3570.5,1178.18,163.8539
3570.75,1167.9560000000001,169.51049999999998
3571.0,1194.125,169.6518
3571.25,1185.842,163.953
3571.5,1157.36,159.8817
3571.75,1184.2459999999999,161.9228
3572.0,1159.904,158.6699
3572.25,937.9589999999998,143.5179
3572.5,778.578,142.9596
3572.75,753.399,142.625
3573.0,772.2649999999999,138.3093
3573.25,756.129,135.6276
3573.5,712.164,135.9725
3573.75,699.851,127.22319999999999
3574.0,705.8109999999999,123.9675
3574.25,763.7819999999999,121.41980000000001
3574.5,741.619,117.2491
3574.75,694.172,119.48169999999999
3575.0,674.309,119.68090000000001
3575.25,694.759,127.8527
3575.5,636.476,123.32149999999999
3575.75,681.572,126.5592
3576.0,632.039,144.8304
3576.25,645.62,142.1398
3576.5,604.388,138.1403
3576.75,594.869,138.5029
3577.0,581.4300000000001,138.9574
3577.25,605.877,140.37800000000001
3577.5,578.61,136.7396
3577.75,576.258,133.4566
3578.0,592.308,138.333
3578.25,591.418,134.5852
3578.5,587.427,128.9673
3578.75,570.639,130.9775
3579.0,569.283,133.4771
3579.25,525.242,133.2151
3579.5,516.337,130.2224
3579.75,501.872,132.4459
3580.0,478.15,127.7954
3580.25,475.09299999999996,130.29160000000002
3580.5,490.84,133.49220000000003
3580.75,463.927,138.97320000000002
3581.0,492.98400000000004,132.2502
3581.25,488.67400000000004,134.5549
3581.5,524.546,137.6179
3581.75,547.15,138.7051
3582.0,595.273,138.54739999999998
3582.25,531.644,132.10160000000002
3582.5,529.218,137.60219999999998
3582.75,569.159,137.4023
3583.0,619.311,131.9264
3583.25,720.8340000000001,132.2381
3583.5,746.67,139.9959
3583.75,787.6709999999999,139.683
3584.0,1049.461,155.0392
3584.25,1130.473,171.66649999999998
3584.5,1123.906,175.81130000000002
3584.75,1156.087,179.3166
3585.0,1152.0880000000002,178.8846
3585.25,1147.7020000000002,183.4217
3585.5,1140.3220000000001,179.8337
3585.75,1149.127,172.4622
3586.0,1167.54,175.3255
3586.25,1207.129,195.7176
3586.5,1142.587,185.7191
3586.75,1187.2,196.17510000000001
3587.0,1215.083,188.2206
3587.25,1240.897,189.5906
3587.5,1242.0610000000001,184.9917
3587.75,1268.467,187.7203
3588.0,1269.9370000000001,183.16
3588.25,1210.618,180.3519
3588.5,1201.333,171.0538
3588.75,1208.923,174.6451
3589.0,1216.984,180.5873
3589.25,1175.463,168.0162
3589.5,1155.799,175.76
3589.75,1136.4759999999999,178.62990000000002
3590.0,1071.526,174.96409999999997
3590.25,1037.53,168.112
3590.5,1022.4670000000001,162.6705
3590.75,994.7559999999999,162.5002
3591.0,1006.9110000000001,175.30020000000002
3591.25,1035.514,174.0916
3591.5,1013.806,169.9109
3591.75,1025.2,167.573
3592.0,1005.553,159.8783
3592.25,1013.404,152.3999
3592.5,997.0390000000001,150.6526
3592.75,996.6769999999999,138.7998
3593.0,987.1959999999999,149.5895
3593.25,1020.0,149.7848
3593.5,1098.0819999999999,165.1582
3593.75,1077.3760000000002,161.619
3594.0,1036.406,149.1164
3594.25,830.523,134.2925
3594.5,843.1569999999999,133.6363
3594.75,825.935,129.2518
3595.0,832.375,126.4416
3595.25,812.3889999999999,127.9371
3595.5,791.61,127.3115
3595.75,750.1270000000001,125.8241
3596.0,722.6610000000001,117.4918
3596.25,669.942,111.47630000000001
3596.5,709.989,114.9853
3596.75,693.829,119.1287
3597.0,650.7379999999999,115.01070000000001
3597.25,667.822,118.0951
3597.5,684.532,121.11730000000001
3597.75,650.981,118.26740000000001
3598.0,666.764,118.52599999999998
3598.25,658.815,119.57490000000001
3598.5,644.477,121.6867
3598.75,620.859,123.8548
3599.0,600.101,121.3724
3599.25,586.394,117.82860000000001
3599.5,619.424,123.3998
3599.75,599.7349999999999,122.14009999999999
3600.0,581.312,118.5067
3600.25,543.436,111.9011
3600.5,533.5039999999999,109.1121
3600.75,514.133,101.80149999999999
3601.0,480.765,103.5124
3601.25,493.81199999999995,102.865
3601.5,491.022,101.91900000000001
3601.75,485.855,102.16320000000002
3602.0,474.448,102.20150000000001
3602.25,512.6419999999999,103.50390000000002
3602.5,457.38699999999994,105.0561
3602.75,458.953,106.971
3603.0,473.691,112.9363
3603.25,465.872,109.4456
3603.5,440.3190000000001,106.018
3603.75,440.16700000000003,104.56909999999999
3604.0,466.51300000000003,108.8222
3604.25,462.71900000000005,110.3637
3604.5,459.527,105.7841
3604.75,418.882,102.7704
3605.0,444.00899999999996,103.09729999999999
3605.25,448.822,103.81960000000001
3605.5,474.958,105.4601
3605.75,498.563,103.582
3606.0,481.94,102.0676
3606.25,505.077,104.2253
3606.5,483.14200000000005,103.2339
3606.75,491.653,104.2443
3607.0,509.02,106.69900000000001
3607.25,510.92600000000004,103.99239999999999
3607.5,474.65500000000003,101.77780000000001
3607.75,489.457,104.09100000000001
3608.0,445.216,100.05710000000002
3608.25,453.81100000000004,102.7286
3608.5,451.788,106.9529
3608.75,491.57599999999996,108.8164
3609.0,443.71399999999994,104.52080000000001
3609.25,446.369,105.3329
3609.5,500.33,105.26320000000001
3609.75,504.68399999999997,105.40820000000001
3610.0,513.5649999999999,108.9626
3610.25,542.901,117.13480000000001
3610.5,448.855,113.233
3610.75,476.529,113.245
3611.0,481.75800000000004,111.86170000000001
3611.25,503.27,113.96329999999999
3611.5,492.23999999999995,117.5549
3611.75,579.4559999999999,129.8068
3612.0,556.253,123.5786
3612.25,600.015,131.006
3612.5,616.9,123.52610000000001
3612.75,589.504,120.7679
3613.0,538.169,121.27449999999999
3613.25,502.275,119.41469999999998
3613.5,516.892,118.5996
3613.75,533.604,115.9921
3614.0,574.6560000000001,115.9328
3614.25,508.51300000000003,111.4823
3614.5,477.70899999999995,99.21239999999999
3614.75,446.121,95.0291
3615.0,481.997,102.4341
3615.25,441.899,103.4385
3615.5,458.635,105.4265
3615.75,499.66200000000003,107.8666
3616.0,506.229,107.31820000000002
3616.25,536.674,114.2646
3616.5,490.88599999999997,106.8426
3616.75,484.133,105.0867
3617.0,524.335,102.63300000000001
3617.25,565.444,108.72989999999999
3617.5,555.363,105.2031
3617.75,582.6990000000001,108.47059999999999
3618.0,679.773,113.6757
3618.25,705.0809999999999,111.0959
3618.5,780.408,115.6909
3618.75,713.049,112.6778
3619.0,645.594,106.1802
3619.25,705.717,107.33849999999998
3619.5,702.2819999999999,105.3779
3619.75,722.046,106.2372
3620.0,710.4739999999999,107.1943
3620.25,652.143,116.6202
3620.5,646.167,116.1137
3620.75,647.952,118.27929999999999
3621.0,681.6659999999999,119.35389999999998
3621.25,603.846,116.7329
3621.5,625.039,120.5541
3621.75,599.376,116.17510000000001
3622.0,624.5219999999999,118.7036
3622.25,571.224,113.84290000000001
3622.5,607.905,115.3484
3622.75,583.913,115.1497
3623.0,572.496,118.3578
3623.25,581.917,112.5577
3623.5,608.265,115.9435
3623.75,552.865,107.5321
3624.0,528.222,102.14179999999999
3624.25,558.807,103.4791
3624.5,506.082,101.86780000000002
3624.75,519.85,109.6256
3625.0,504.327,108.834
3625.25,568.776,116.9139
3625.5,529.968,112.959
3625.75,511.38,110.982
3626.0,549.203,114.72979999999998
3626.25,514.051,109.1027
3626.5,497.336,104.67760000000001
3626.75,498.08899999999994,103.1119
3627.0,496.07599999999996,107.2304
3627.25,512.583,105.3877
3627.5,475.738,101.6537
3627.75,473.601,104.7923
3628.0,470.916,105.5603
3628.25,469.048,107.7025
3628.5,455.63,105.4502
3628.75,436.591,104.174
3629.0,430.89099999999996,99.25220000000002
3629.25,446.47,106.2305
3629.5,445.62800000000004,106.4315
3629.75,450.63800000000003,109.6539
3630.0,455.26699999999994,107.8119
3630.25,476.153,114.0231
3630.5,465.494,112.7346
3630.75,477.5,111.9588
3631.0,496.446,109.66570000000002
3631.25,486.969,106.34190000000001
3631.5,443.773,100.1127
3631.75,445.216,100.7361
3632.0,51.561800000000005,76.7086
3632.25,23.94564,54.2766
3632.5,23.94228,54.29509999999999
3632.75,23.94231,54.29509999999999
3633.0,23.94231,54.29509999999999
3633.25,23.94231,54.29509999999999
3633.5,23.94231,54.29509999999999
3633.75,23.94231,54.29509999999999
3634.0,23.94231,54.29509999999999
3634.25,23.94231,54.29509999999999
3634.5,23.94231,54.29509999999999
3634.75,23.94231,54.29509999999999
3635.0,23.94231,54.29509999999999
3635.25,23.94231,54.29509999999999
3635.5,23.94231,54.29509999999999
3635.75,23.94231,54.29509999999999
3636.0,23.94231,54.29509999999999
3636.25,23.94231,54.29509999999999
3636.5,23.94231,54.29509999999999
3636.75,23.94231,54.29509999999999
3637.0,23.94231,54.29509999999999
3637.25,23.94231,54.29509999999999
3637.5,23.94231,54.29509999999999
3637.75,23.94231,54.29509999999999
3638.0,23.94231,54.29509999999999
3638.25,23.94231,54.29509999999999
3638.5,23.94231,54.29509999999999
3638.75,23.94231,54.29509999999999
3639.0,23.94231,54.29509999999999
3639.25,23.94231,54.29509999999999
3639.5,23.94231,54.29509999999999
3639.75,23.94231,54.29509999999999
3640.0,23.94231,54.29509999999999
3640.25,23.94231,54.29509999999999
3640.5,23.94231,54.29509999999999
3640.75,23.94231,54.29509999999999
3641.0,23.94231,54.29509999999999
3641.25,23.94231,54.29509999999999
3641.5,153.267,137.1049
3641.75,687.033,158.6385
3642.0,747.03,151.01819999999998
3642.25,844.7279999999998,147.2041
3642.5,837.523,143.89749999999998
3642.75,828.192,140.9247
3643.0,792.2660000000001,134.5176
3643.25,761.461,129.9065
3643.5,886.9330000000001,134.3567
3643.75,797.4209999999999,128.4334
3644.0,827.481,127.9584
3644.25,832.2570000000001,133.5711
3644.5,813.7749999999999,127.71149999999999
3644.75,775.6170000000001,126.7615
3645.0,795.129,126.25880000000001
3645.25,825.0060000000001,129.784
3645.5,808.8689999999999,126.46560000000002
3645.75,781.575,129.2141
3646.0,691.446,123.6735
3646.25,751.965,121.12219999999999
3646.5,696.0840000000001,117.81539999999998
3646.75,670.977,114.4127
3647.0,726.273,126.93260000000001
3647.25,721.092,125.3819
3647.5,703.344,118.5969
3647.75,689.19,114.518
3648.0,688.107,113.89869999999999
3648.25,650.0550000000001,111.2994
3648.5,636.6600000000001,111.3445
3648.75,621.075,111.6337
3649.0,628.476,115.6827
3649.25,624.594,129.627
3649.5,605.769,135.8984
3649.75,609.8190000000001,137.6007
3650.0,583.533,131.48520000000002
3650.25,578.687,130.3143
3650.5,562.4480000000001,128.3339
3650.75,539.607,126.055
3651.0,542.835,125.14359999999999
3651.25,557.653,123.68950000000001
3651.5,521.194,118.3151
3651.75,479.387,116.82420000000002
3652.0,524.072,118.65690000000001
3652.25,495.79200000000003,118.10229999999999
3652.5,500.231,118.28560000000002
3652.75,477.48499999999996,118.7108
3653.0,483.34400000000005,120.48830000000001
3653.25,490.631,123.34709999999998
3653.5,493.51,120.9094
3653.75,522.162,121.79069999999999
3654.0,597.7040000000001,126.1609
3654.25,611.137,128.5027
3654.5,584.208,124.67240000000001
3654.75,608.091,125.7671
3655.0,689.28,128.1601
3655.25,722.401,127.215
3655.5,719.961,129.904
3655.75,806.2800000000001,131.1617
3656.0,882.25,132.4576
3656.25,932.0709999999999,132.185
3656.5,944.731,128.7658
3656.75,953.6379999999999,134.1782
3657.0,1000.585,139.1261
3657.25,999.0640000000001,137.6658
3657.5,1019.1279999999999,138.0543
3657.75,1022.0,139.81390000000002
3658.0,1081.355,146.3094
3658.25,1081.069,148.9467
3658.5,1065.1219999999998,148.6338
3658.75,1071.3760000000002,146.6989
3659.0,1118.382,149.2934
3659.25,1188.329,153.4669
3659.5,1264.781,161.8212
3659.75,1245.848,166.4271
3660.0,1255.7559999999999,169.60039999999998
3660.25,1241.8580000000002,157.801
3660.5,1185.9560000000001,150.0713
3660.75,1187.066,149.3313
3661.0,1090.17,147.94420000000002
3661.25,1153.697,152.8821
3661.5,1101.551,155.6888
3661.75,1087.114,151.35289999999998
3662.0,1070.603,151.5352
3662.25,1067.058,137.4986
3662.5,1036.589,131.068
3662.75,1027.0990000000002,133.0904
3663.0,1054.148,137.1705
3663.25,1066.075,137.7987
3663.5,1012.894,138.027
3663.75,1001.6179999999999,136.3831
3664.0,954.337,128.6277
3664.25,931.348,120.08670000000001
3664.5,954.24,126.92410000000001
3664.75,928.3239999999998,132.91400000000002
3665.0,824.759,129.01749999999998
3665.25,817.72,127.5061
3665.5,880.474,124.79050000000001
3665.75,917.2479999999998,126.9758
3666.0,917.7349999999999,120.1681
3666.25,927.7169999999999,119.6839
3666.5,949.402,113.3218
3666.75,917.789,116.7539
3667.0,877.9159999999999,114.5943
3667.25,944.665,123.4092
3667.5,938.211,129.2773
3667.75,899.3309999999999,124.41649999999998
3668.0,935.7410000000001,130.4814
3668.25,900.8810000000001,130.6513
3668.5,873.672,129.199
3668.75,907.31,130.7217
3669.0,905.658,135.07850000000002
3669.25,928.6409999999998,130.3511
3669.5,881.2950000000001,131.5163
3669.75,911.25,137.2365
3670.0,859.5819999999999,120.61529999999999
3670.25,876.0509999999999,122.7148
3670.5,814.4949999999999,114.34819999999999
3670.75,757.5809999999999,115.7319
3671.0,769.8739999999999,126.5077
3671.25,791.5899999999999,137.0555
3671.5,796.6170000000001,137.82600000000002
3671.75,797.469,139.41899999999998
3672.0,750.705,134.85899999999998
3672.25,708.5,121.2805
3672.5,644.5989999999999,121.07139999999998
3672.75,638.682,122.6105
3673.0,600.8879999999999,124.38140000000001
3673.25,625.719,124.72919999999999
3673.5,583.2660000000001,121.3759
3673.75,577.165,123.9695
3674.0,565.9730000000001,121.8288
3674.25,539.27,122.02420000000001
3674.5,571.424,125.6679
3674.75,560.351,121.42240000000001
3675.0,544.25,119.73329999999999
3675.25,535.544,121.3816
3675.5,528.849,118.7466
3675.75,562.431,118.28300000000002
3676.0,528.427,119.45599999999999
3676.25,515.454,118.76740000000001
3676.5,500.97,118.7154
3676.75,492.223,119.5248
3677.0,481.298,119.6034
3677.25,490.72499999999997,120.8622
3677.5,518.774,123.7424
3677.75,519.0799999999999,123.5972
3678.0,579.618,128.6438
3678.25,586.2660000000001,125.852
3678.5,572.048,124.5107
3678.75,591.598,128.3967
3679.0,665.871,122.77860000000001
3679.25,735.015,115.5314
3679.5,799.548,138.685
3679.75,825.9960000000001,131.2913
3680.0,766.3910000000001,134.12060000000002
3680.25,801.6179999999999,132.0961
3680.5,818.803,128.7222
3680.75,792.64,130.1338
3681.0,851.1070000000001,131.6633
3681.25,897.2950000000001,131.73680000000002
3681.5,890.5120000000001,137.5301
3681.75,891.4630000000001,135.05180000000001
3682.0,845.3530000000001,129.5358
3682.25,848.847,129.6929
3682.5,836.893,124.18449999999999
3682.75,881.284,130.7707
3683.0,915.037,134.4792
3683.25,953.951,138.78660000000002
3683.5,974.3599999999999,128.4707
3683.75,916.884,129.53300000000002
3684.0,936.871,136.64610000000002
3684.25,906.193,138.3391
3684.5,939.0819999999999,143.2756
3684.75,967.489,145.0037
3685.0,916.6310000000001,141.2201
3685.25,891.085,135.54749999999999
3685.5,899.4110000000001,133.95170000000002
3685.75,962.463,135.8574
3686.0,954.3129999999999,142.9356
3686.25,909.6029999999998,145.106
3686.5,922.345,137.5718
3686.75,870.924,141.7873
3687.0,914.5619999999999,140.0157
3687.25,923.608,162.1572
3687.5,930.4859999999999,149.1979
3687.75,965.521,155.0057
3688.0,908.917,147.651
3688.25,896.716,138.3808
3688.5,892.4440000000001,145.0381
3688.75,886.627,149.45510000000002
3689.0,831.0880000000001,144.01979999999998
3689.25,751.098,126.1523
3689.5,946.549,145.5636
3689.75,888.415,143.7743
3690.0,935.2070000000001,143.368
3690.25,884.559,132.7977
3690.5,873.753,126.495
3690.75,881.719,123.96449999999999
3691.0,924.926,171.6333
3691.25,870.451,136.41500000000002
3691.5,917.316,135.5155
3691.75,873.443,129.47129999999999
3692.0,837.2,130.5676
3692.25,927.7660000000001,172.4333
3692.5,819.383,129.0776
3692.75,815.039,130.4755
3693.0,830.5909999999999,138.9799
3693.25,790.5799999999999,127.28710000000001
3693.5,881.1309999999999,126.13380000000001
3693.75,828.626,131.34969999999998
3694.0,874.239,134.9166
3694.25,813.654,132.0565
3694.5,756.624,126.861
3694.75,720.1479999999999,121.2028
3695.0,694.599,112.8148
3695.25,659.7470000000001,102.97739999999999
3695.5,658.4680000000001,107.34280000000001
3695.75,641.189,107.23230000000001
3696.0,570.052,106.09530000000001
3696.25,556.027,103.922
3696.5,580.463,108.6208
3696.75,540.367,109.81880000000001
3697.0,562.8689999999999,122.62950000000001
3697.25,542.148,133.2243
3697.5,568.4449999999999,135.9866
3697.75,513.471,130.5438
3698.0,504.22900000000004,130.2013
3698.25,503.845,135.0302
3698.5,473.711,128.9511
3698.75,462.619,129.1367
3699.0,489.047,133.17880000000002
3699.25,461.629,126.6451
3699.5,447.149,121.44519999999999
3699.75,447.467,123.64959999999999
3700.0,448.385,122.2932
3700.25,442.04200000000003,121.9156
3700.5,428.33799999999997,121.69049999999999
3700.75,434.03499999999997,123.23549999999999
3701.0,444.16999999999996,125.69059999999999
3701.25,460.178,124.1735
3701.5,476.649,125.8116
3701.75,466.261,125.1627
3702.0,501.656,129.6387
3702.25,565.187,138.464
3702.5,572.643,139.8671
3702.75,555.399,135.1841
3703.0,640.211,135.07319999999999
3703.25,697.404,133.99419999999998
3703.5,714.879,134.6142
3703.75,721.455,135.29180000000002
3704.0,724.34,132.40890000000002
3704.25,715.485,131.70319999999998
3704.5,730.0909999999999,123.0336
3704.75,764.083,134.2986
3705.0,822.2259999999999,136.6472
3705.25,840.5500000000001,141.5147
3705.5,805.3040000000001,130.4758
3705.75,810.8889999999999,132.3673
3706.0,739.7660000000001,128.6149
3706.25,792.7090000000001,135.0472
3706.5,771.338,133.7758
3706.75,843.22,139.1135
3707.0,872.974,143.965
3707.25,894.9670000000001,146.9913
3707.5,912.769,155.6455
3707.75,881.056,142.9428
3708.0,915.5920000000001,153.6841
3708.25,905.599,151.19709999999998
3708.5,878.86,156.3593
3708.75,829.624,151.8831
3709.0,769.7470000000001,147.316
3709.25,766.317,140.6089
3709.5,685.682,126.2952
3709.75,700.677,131.8361
3710.0,694.318,127.5966
3710.25,684.7439999999999,128.8287
3710.5,651.874,125.869
3710.75,636.175,123.34779999999999
3711.0,581.7660000000001,122.12750000000001
3711.25,578.625,121.1172
3711.5,533.484,117.76350000000001
3711.75,571.419,121.5847
3712.0,644.0419999999999,132.047
3712.25,595.62,124.2705
3712.5,610.7130000000001,121.2899
3712.75,629.558,121.732
3713.0,620.472,130.8314
3713.25,647.0310000000001,129.7736
3713.5,624.719,122.76570000000001
3713.75,732.797,122.11009999999999
3714.0,703.648,115.989
3714.25,739.542,114.94200000000001
3714.5,699.021,112.55430000000001
3714.75,778.4259999999999,122.4904
3715.0,763.573,130.44740000000002
3715.25,735.67,129.9654
3715.5,781.893,125.96620000000001
3715.75,754.894,124.7869
3716.0,730.761,118.3064
3716.25,679.288,121.40549999999999
3716.5,729.157,124.678
3716.75,689.271,120.2937
3717.0,697.327,118.8133
3717.25,662.144,113.92760000000001
3717.5,651.15,114.3631
3717.75,669.7439999999999,116.36500000000001
3718.0,728.9480000000001,124.54369999999999
3718.25,669.809,116.8159
3718.5,663.074,114.19770000000001
3718.75,632.65,116.8429
3719.0,640.572,119.2949
3719.25,614.885,110.09730000000002
3719.5,602.828,111.7809
3719.75,545.5730000000001,107.8931
3720.0,542.969,112.9418
3720.25,553.4369999999999,115.5758
3720.5,506.71799999999996,113.48880000000001
3720.75,489.69000000000005,117.3682
3721.0,545.496,121.7758
3721.25,536.0830000000001,125.64609999999999
3721.5,504.85,131.8525
3721.75,485.81000000000006,135.1551
3722.0,466.681,131.8029
3722.25,430.577,130.29399999999998
3722.5,465.03200000000004,131.1814
3722.75,467.258,131.2831
3723.0,445.954,129.149
3723.25,439.00100000000003,128.3881
3723.5,410.744,128.4308
3723.75,404.3829999999999,134.9186
3724.0,417.211,140.8101
3724.25,422.972,137.029
3724.5,407.42900000000003,133.04410000000001
3724.75,430.55499999999995,135.843
3725.0,447.53999999999996,132.5807
3725.25,444.40100000000007,134.3612
3725.5,444.11300000000006,131.6966
3725.75,445.49,126.06970000000001
3726.0,465.922,128.9935
3726.25,501.673,133.1317
3726.5,524.548,130.88260000000002
3726.75,557.519,135.9823
3727.0,603.843,121.8008
3727.25,596.125,129.8355
3727.5,640.2660000000001,133.4158
3727.75,610.974,134.1574
3728.0,628.563,145.9305
3728.25,638.601,149.9405
3728.5,632.382,130.1005
3728.75,685.572,144.0412
3729.0,694.275,130.475
3729.25,762.594,132.4501
3729.5,734.517,129.68990000000002
3729.75,698.373,128.9775
3730.0,665.325,122.9845
3730.25,637.712,128.4186
3730.5,634.899,123.9863
3730.75,696.5360000000001,115.8211
3731.0,748.996,121.32920000000001
3731.25,786.241,134.62630000000001
3731.5,785.0070000000001,138.1413
3731.75,775.7549999999999,137.9119
3732.0,801.928,138.7627
3732.25,802.6030000000001,144.2352
3732.5,801.909,151.1414
3732.75,724.383,150.0684
3733.0,760.0899999999999,142.20080000000002
3733.25,768.931,141.5478
3733.5,668.195,140.0939
3733.75,630.4970000000001,138.4947
3734.0,644.9939999999999,138.7434
3734.25,655.4830000000001,129.2903
3734.5,622.881,122.8551
3734.75,618.263,127.3005
3735.0,614.7660000000001,130.30169999999998
3735.25,652.317,121.06199999999998
3735.5,632.494,119.468
3735.75,610.134,113.74260000000001
3736.0,610.196,122.4428
3736.25,647.928,121.54050000000001
3736.5,627.774,128.2653
3736.75,654.189,128.0657
3737.0,640.779,129.5114
3737.25,662.579,129.07170000000002
3737.5,703.588,125.71199999999999
3737.75,753.7159999999999,134.8147
3738.0,766.9590000000001,120.28829999999999
3738.25,739.963,122.0839
3738.5,804.5550000000001,122.23660000000001
3738.75,792.498,122.81049999999999
3739.0,828.581,125.8929
3739.25,806.27,129.41590000000002
3739.5,760.174,132.7635
3739.75,789.5780000000001,134.02640000000002
3740.0,732.0360000000001,127.4964
3740.25,675.4839999999999,128.0434
3740.5,722.374,125.6927
3740.75,703.323,119.96979999999999
3741.0,705.664,116.09909999999999
3741.25,667.961,111.79919999999998
3741.5,641.942,122.46379999999999
3741.75,570.9879999999999,117.8957
3742.0,639.212,120.61430000000001
3742.25,579.802,118.09049999999999
3742.5,590.0989999999999,119.52919999999999
3742.75,568.112,122.5452
3743.0,563.114,123.86420000000001
3743.25,510.728,117.5521
3743.5,509.669,114.0579
3743.75,510.818,118.6833
3744.0,476.312,110.66890000000001
3744.25,473.774,112.1178
3744.5,438.22900000000004,109.6166
3744.75,446.42600000000004,130.4758
3745.0,454.244,129.9968
3745.25,476.312,130.5728
3745.5,449.03700000000003,127.40030000000002
3745.75,424.60999999999996,126.894
3746.0,437.50700000000006,135.8619
3746.25,416.53000000000003,128.0533
3746.5,455.63,132.9478
3746.75,447.83799999999997,131.1302
3747.0,436.048,128.2542
3747.25,425.444,123.96090000000001
3747.5,414.749,122.70590000000001
3747.75,431.986,124.60069999999999
3748.0,419.43399999999997,120.2577
3748.25,422.828,121.3047
3748.5,408.962,123.83179999999999
3748.75,401.51300000000003,121.6129
3749.0,384.25700000000006,115.9524
3749.25,391.42600000000004,116.0578
3749.5,400.703,120.1342
3749.75,429.90999999999997,116.89429999999999
3750.0,474.85299999999995,123.9513
3750.25,529.845,136.74689999999998
3750.5,479.56399999999996,137.2165
3750.75,497.866,139.8326
3751.0,619.797,136.95499999999998
3751.25,658.5690000000001,134.85309999999998
3751.5,671.2620000000001,133.9881
3751.75,699.435,133.925
3752.0,682.002,138.027
3752.25,645.137,129.3675
3752.5,632.97,126.5077
3752.75,649.002,119.244
3753.0,679.1370000000001,118.9763
3753.25,717.19,116.5132
3753.5,713.317,123.68799999999999
3753.75,707.071,124.12599999999999
3754.0,657.399,121.55950000000001
3754.25,695.176,128.8298
3754.5,613.9359999999999,119.8867
3754.75,626.28,118.8518
3755.0,696.401,127.7714
3755.25,730.864,135.4803
3755.5,752.88,133.1338
3755.75,798.205,138.3762
3756.0,795.817,141.559
3756.25,807.9300000000001,142.1244
3756.5,766.548,135.2324
3756.75,768.818,140.8097
3757.0,732.1560000000001,139.9533
3757.25,678.177,134.7744
3757.5,623.881,129.4395
3757.75,620.09,133.22320000000002
3758.0,617.682,129.7732
3758.25,614.115,127.47040000000001
3758.5,580.4369999999999,122.22510000000001
3758.75,571.596,124.749
3759.0,576.651,123.0702
3759.25,566.616,118.3006
3759.5,576.99,117.71860000000001
3759.75,545.553,117.69369999999999
3760.0,558.731,111.9597
3760.25,576.5550000000001,116.01639999999999
3760.5,560.607,102.51219999999999
3760.75,570.428,112.1974
3761.0,580.17,110.6928
3761.25,566.3679999999999,106.9452
3761.5,626.8340000000001,119.7257
3761.75,631.427,122.8052
3762.0,692.814,128.0435
3762.25,697.095,130.4942
3762.5,675.8910000000001,130.4785
3762.75,720.985,129.8216
3763.0,701.115,123.74289999999999
3763.25,723.739,124.88410000000002
3763.5,715.462,124.5097
3763.75,696.215,122.62129999999999
3764.0,674.866,116.119
3764.25,664.158,118.58500000000001
3764.5,648.75,123.02600000000001
3764.75,612.0550000000001,126.9433
3765.0,599.96,117.21609999999998
3765.25,563.4590000000001,117.5606
3765.5,618.463,127.3186
3765.75,590.176,132.3367
3766.0,582.808,117.72229999999999
3766.25,585.307,115.3817
3766.5,534.4839999999999,116.08950000000002
3766.75,550.526,120.9018
3767.0,536.9830000000001,122.06640000000002
3767.25,502.016,121.7242
3767.5,496.183,110.7464
3767.75,485.86299999999994,107.7199
3768.0,496.244,108.43039999999999
3768.25,494.308,107.91550000000001
3768.5,470.458,101.1171
3768.75,423.56499999999994,100.52269999999999
3769.0,443.111,105.3045
3769.25,431.60200000000003,106.1172
3769.5,450.913,109.44749999999999
3769.75,447.38,114.8928
3770.0,425.6,112.7183
3770.25,421.919,109.74619999999999
3770.5,403.681,107.2301
3770.75,394.29999999999995,108.3664
3771.0,387.906,109.5336
3771.25,401.476,110.4338
3771.5,390.395,110.4514
3771.75,397.522,105.479
3772.0,376.659,105.31630000000001
3772.25,369.017,103.961
3772.5,361.553,104.98949999999999
3772.75,347.44100000000003,101.3277
3773.0,365.453,102.77350000000001
3773.25,382.178,106.1098
3773.5,383.884,106.66470000000001
3773.75,407.086,105.79220000000001
3774.0,393.76300000000003,99.0189
3774.25,403.17400000000004,101.40119999999999
3774.5,436.868,109.4708
3774.75,423.53599999999994,104.9059
3775.0,486.399,112.686
3775.25,456.904,108.9405
3775.5,470.83900000000006,109.009
3775.75,445.577,116.1108
3776.0,384.41499999999996,109.6437
3776.25,369.164,109.2341
3776.5,376.676,109.1687
3776.75,417.99199999999996,112.03400000000002
3777.0,436.226,108.02109999999999
3777.25,472.126,110.3538
3777.5,435.985,111.3803
3777.75,527.367,114.3091
3778.0,439.058,107.46710000000002
3778.25,446.33,105.37429999999999
3778.5,410.87500000000006,105.2167
3778.75,445.571,108.7092
3779.0,452.37800000000004,111.81960000000001
3779.25,469.951,118.77850000000001
3779.5,464.447,120.0082
3779.75,531.083,119.30640000000001
3780.0,567.957,121.8237
3780.25,572.7909999999999,125.2367
3780.5,600.383,127.19839999999999
3780.75,567.658,123.31830000000001
3781.0,503.953,117.95179999999999
3781.25,515.5619999999999,119.1997
3781.5,552.792,125.6892
3781.75,551.389,123.2868
3782.0,539.657,120.2793
3782.25,499.631,117.0664
3782.5,506.256,118.06970000000001
3782.75,489.27,113.08099999999999
3783.0,492.03200000000004,116.1163
3783.25,459.442,118.65780000000001
3783.5,465.47300000000007,114.207
3783.75,505.385,119.5526
3784.0,598.92,122.15509999999999
3784.25,632.5,121.4181
3784.5,574.779,111.0429
3784.75,616.582,109.59549999999999
3785.0,595.077,102.8462
3785.25,593.8499999999999,107.28020000000001
3785.5,575.558,109.56219999999999
3785.75,666.346,112.624
3786.0,651.117,110.8704
3786.25,669.792,106.92760000000001
3786.5,667.712,100.6997
3786.75,646.129,96.6536
3787.0,669.669,98.9101
3787.25,704.148,104.89489999999999
3787.5,611.358,101.86860000000001
3787.75,650.106,105.3932
3788.0,659.6279999999999,111.3819
3788.25,694.101,113.0205
3788.5,624.523,114.5872
3788.75,631.5360000000001,116.9417
3789.0,674.808,117.2173
3789.25,669.924,113.9566
3789.5,625.086,110.7622
3789.75,624.441,108.0634
3790.0,583.231,112.46459999999999
3790.25,591.568,110.9215
3790.5,581.926,108.27180000000001
3790.75,534.435,105.4563
3791.0,542.3309999999999,107.281
3791.25,563.1600000000001,104.99480000000001
3791.5,569.771,110.8142
3791.75,600.788,114.3776
3792.0,586.879,109.0469
3792.25,565.506,107.84119999999999
3792.5,527.581,104.65620000000001
3792.75,530.955,109.8747
3793.0,510.714,110.18879999999999
3793.25,485.12199999999996,112.05959999999999
3793.5,478.79699999999997,112.201
3793.75,486.5799999999999,109.7672
3794.0,472.955,108.0184
3794.25,452.923,104.0523
3794.5,484.419,109.13390000000001
3794.75,426.375,107.7703
3795.0,426.187,99.3324
3795.25,409.13,97.39580000000001
3795.5,399.379,96.5498
3795.75,398.837,99.79069999999999
3796.0,406.96999999999997,100.2924
3796.25,425.215,107.5075
3796.5,408.23,105.7122
3796.75,417.45799999999997,108.1092
3797.0,436.648,107.5018
3797.25,419.516,105.46809999999999
3797.5,436.12,107.0276
3797.75,443.603,102.08840000000001
3798.0,422.078,100.2903
3798.25,418.23699999999997,98.93039999999999
3798.5,421.23499999999996,102.0009
3798.75,440.23,108.0206
3799.0,452.39200000000005,108.24510000000001
3799.25,414.30100000000004,105.8741
3799.5,419.24800000000005,102.5735
3799.75,394.29999999999995,101.8001
3800.0,366.515,102.58529999999999
3800.25,390.206,103.189
3800.5,402.015,110.6234
3800.75,465.24699999999996,110.8183
3801.0,482.48199999999997,109.4538
3801.25,462.872,111.3551
3801.5,480.787,111.53820000000002
3801.75,469.23699999999997,112.91470000000001
3802.0,491.51800000000003,110.06650000000002
3802.25,430.132,107.5443
3802.5,422.953,107.0702
3802.75,422.26699999999994,106.58070000000001
3803.0,504.08899999999994,109.9108
3803.25,527.096,108.5314
3803.5,477.619,105.0233
3803.75,550.451,109.641
3804.0,584.058,115.53620000000001
3804.25,550.203,114.2103
3804.5,585.1329999999999,118.92410000000001
3804.75,593.811,125.48320000000001
3805.0,533.855,120.5146
3805.25,560.358,121.1888
3805.5,542.799,117.78909999999999
3805.75,502.25199999999995,115.32130000000001
3806.0,557.979,115.05560000000001
3806.25,533.929,112.93140000000001
3806.5,477.512,112.17519999999999
3806.75,518.085,111.84360000000001
3807.0,573.0690000000001,117.9333
3807.25,532.896,118.148
3807.5,516.519,112.27189999999999
3807.75,516.8710000000001,109.69640000000001
3808.0,529.7660000000001,107.943
3808.25,526.021,104.4366
3808.5,536.745,106.6164
3808.75,530.8299999999999,105.9706
3809.0,529.38,107.60889999999999
3809.25,588.807,113.1437
3809.5,602.352,111.0834
3809.75,626.2959999999999,112.42179999999999
3810.0,651.5699999999999,115.22479999999999
3810.25,728.534,120.6077
3810.5,716.7349999999999,117.80080000000001
3810.75,734.265,120.6201
3811.0,727.005,117.27260000000001
3811.25,762.5699999999999,108.1152
3811.5,757.218,107.19380000000001
3811.75,735.9449999999999,110.35040000000001
3812.0,666.315,105.3877
3812.25,710.8380000000001,111.8326
3812.5,703.125,108.90029999999999
3812.75,710.673,107.6717
3813.0,688.248,107.1215
3813.25,687.2909999999999,117.78209999999999
3813.5,733.239,129.40800000000002
3813.75,749.523,129.0374
3814.0,700.557,120.75
3814.25,676.755,116.29580000000001
3814.5,659.0699999999999,115.61630000000001
3814.75,682.1189999999999,115.1627
3815.0,654.443,116.1044
3815.25,636.4259999999999,114.7613
3815.5,641.295,108.33449999999999
3815.75,606.771,106.2783
3816.0,576.4440000000001,106.57499999999999
3816.25,558.136,104.8825
3816.5,547.62,107.88729999999998
3816.75,530.721,108.2354
3817.0,516.902,110.4325
3817.25,484.73199999999997,118.3751
3817.5,523.179,124.5281
3817.75,507.857,127.3015
3818.0,506.00199999999995,129.5998
3818.25,501.961,133.6759
3818.5,485.936,123.7073
3818.75,528.993,124.45110000000001
3819.0,516.09,121.9246
3819.25,504.293,120.2536
3819.5,487.881,116.4074
3819.75,478.04699999999997,118.36000000000001
3820.0,454.505,117.9072
3820.25,440.96599999999995,116.92170000000002
3820.5,417.94100000000003,114.30369999999999
3820.75,409.216,112.0565
3821.0,429.836,114.5479
3821.25,426.542,111.76660000000001
3821.5,421.889,110.2596
3821.75,449.71399999999994,112.28020000000001
3822.0,484.60999999999996,116.9456
3822.25,506.73800000000006,123.83850000000001
3822.5,502.15700000000004,120.0627
3822.75,524.684,118.9315
3823.0,652.023,118.8937
3823.25,710.58,126.56330000000001
3823.5,720.4590000000001,132.7586
3823.75,726.612,137.1121
3824.0,738.8969999999999,134.1594
3824.25,796.7249999999999,130.2507
3824.5,821.44,126.7544
3824.75,803.2489999999999,129.9918
3825.0,858.6220000000001,132.5607
3825.25,918.2740000000001,139.0729
3825.5,942.0880000000001,145.2858
3825.75,961.996,159.327
3826.0,949.519,143.0319
3826.25,956.962,157.8227
3826.5,961.691,144.7707
3826.75,979.231,153.36430000000001
3827.0,1019.8130000000001,151.8884
3827.25,991.2819999999999,158.7626
3827.5,1034.4189999999999,157.7383
3827.75,1143.818,164.9419
3828.0,1121.266,165.59890000000001
3828.25,1143.388,168.5343
3828.5,1105.129,161.1078
3828.75,1080.958,168.6287
3829.0,1015.48,160.2323
3829.25,964.309,158.525
3829.5,952.849,162.9871
3829.75,942.7090000000001,148.3435
3830.0,966.124,152.1795
3830.25,906.7749999999999,149.3388
3830.5,911.6560000000001,152.2137
3830.75,868.8460000000001,142.56390000000002
3831.0,847.852,144.4041
3831.25,865.1260000000001,152.99239999999998
3831.5,823.3539999999998,148.37709999999998
3831.75,853.404,153.58599999999998
3832.0,836.011,138.8767
3832.25,845.557,150.01839999999999
3832.5,837.8619999999999,136.4602
3832.75,792.7749999999999,139.4733
3833.0,781.533,135.3466
3833.25,780.609,143.7604
3833.5,823.8040000000001,146.7427
3833.75,859.518,148.8794
3834.0,895.421,160.40449999999998
3834.25,911.318,147.0565
3834.5,909.1969999999999,138.4789
3834.75,942.9390000000001,143.3906
3835.0,987.422,146.80059999999997
3835.25,949.478,142.23919999999998
3835.5,984.8810000000001,152.0171
3835.75,964.1959999999999,145.3995
3836.0,911.714,135.4728
3836.25,949.445,143.6901
3836.5,960.8899999999999,141.56560000000002
3836.75,924.4589999999998,146.2459
3837.0,939.3109999999999,147.1208
3837.25,967.7760000000001,144.8499
3837.5,995.507,147.6403
3837.75,967.269,139.72539999999998
3838.0,968.8799999999999,146.43040000000002
3838.25,954.9759999999999,149.88899999999998
3838.5,907.605,141.4416
3838.75,875.933,146.68040000000002
3839.0,817.116,127.04409999999999
3839.25,811.547,138.6787
3839.5,840.5329999999999,137.5892
3839.75,772.547,132.0067
3840.0,721.094,128.6577
3840.25,710.58,130.6458
3840.5,679.964,133.8752
3840.75,672.567,128.7372
3841.0,621.705,138.6311
3841.25,599.897,135.386
3841.5,615.395,139.9525
3841.75,602.482,140.8822
3842.0,586.1189999999999,137.2042
3842.25,587.787,141.5829
3842.5,556.719,133.4466
3842.75,588.1949999999999,136.2416
3843.0,579.966,131.7077
3843.25,558.0640000000001,139.201
3843.5,572.2470000000001,129.2816
3843.75,596.842,137.11169999999998
3844.0,588.288,129.9993
3844.25,576.972,131.2442
3844.5,548.2,128.93300000000002
3844.75,557.268,130.1935
3845.0,527.987,133.9391
3845.25,537.942,132.68619999999999
3845.5,548.001,131.38139999999999
3845.75,556.81,134.8168
3846.0,567.1560000000001,132.8659
3846.25,617.8380000000001,136.55700000000002
3846.5,627.258,136.7828
3846.75,673.6679999999999,130.93779999999998
3847.0,732.597,133.38549999999998
3847.25,767.106,129.2407
3847.5,874.2959999999999,136.9964
3847.75,879.265,135.1402
3848.0,944.935,144.3729
3848.25,992.3530000000001,151.19979999999998
3848.5,970.663,142.7047
3848.75,1079.732,147.4072
3849.0,1146.004,161.3731
3849.25,1189.4959999999999,148.7433
3849.5,1069.276,145.77949999999998
3849.75,1142.525,160.39
3850.0,1098.344,145.9787
3850.25,1114.02,144.1334
3850.5,1119.546,144.16129999999998
3850.75,1109.3,142.2122
3851.0,1160.585,147.7679
3851.25,1169.068,144.785
3851.5,1205.1970000000001,158.3123
3851.75,1189.696,155.1761
3852.0,1167.383,162.8635
3852.25,1137.172,149.6256
3852.5,1154.609,148.6234
3852.75,1128.701,161.0096
3853.0,1126.63,149.0325
3853.25,1064.1019999999999,144.2904
3853.5,1006.355,143.2004
3853.75,994.448,145.3809
3854.0,978.557,159.1578
3854.25,907.577,144.43720000000002
3854.5,915.6279999999999,153.8429
3854.75,863.96,138.9549
3855.0,869.5629999999999,153.25400000000002
3855.25,861.364,146.3367
3855.5,864.7810000000001,143.24960000000002
3855.75,893.428,149.3552
3856.0,891.2529999999999,146.05200000000002
3856.25,929.0920000000001,142.5519
3856.5,858.4330000000001,127.33160000000001
3856.75,843.496,132.2047
3857.0,835.3720000000001,133.6605
3857.25,897.955,142.2655
3857.5,932.3889999999999,149.6902
3857.75,908.2149999999999,138.6884
3858.0,972.691,153.39710000000002
3858.25,952.2349999999999,140.7328
3858.5,991.4839999999999,145.0579
3858.75,1064.162,151.15640000000002
3859.0,1052.378,149.08870000000002
3859.25,1070.147,156.5894
3859.5,1083.356,150.7803
3859.75,1093.173,147.8186
3860.0,1067.136,142.5177
3860.25,1020.251,141.9308
3860.5,1046.96,144.2475
3860.75,1122.189,145.8739
3861.0,1068.258,146.0626
3861.25,998.0159999999998,134.2859
3861.5,1020.3399999999999,139.609
3861.75,1034.6789999999999,143.3843
3862.0,1003.857,145.9719
3862.25,1030.338,152.6573
3862.5,980.602,153.7619
3862.75,915.0070000000001,142.102
3863.0,911.547,141.537
3863.25,883.4379999999999,144.5905
3863.5,844.029,141.1821
3863.75,831.4289999999999,134.52609999999999
3864.0,816.3429999999998,141.2131
3864.25,743.279,130.1989
3864.5,742.5120000000001,130.6817
3864.75,705.642,130.0007
3865.0,709.9590000000001,137.242
3865.25,711.876,137.1762
3865.5,644.112,129.40410000000003
3865.75,611.328,129.0418
3866.0,603.591,130.3944
3866.25,616.013,135.0052
3866.5,604.62,128.40370000000001
3866.75,588.894,124.0367
3867.0,577.676,124.67180000000002
3867.25,646.4369999999999,124.84620000000001
3867.5,626.73,117.6635
3867.75,652.371,136.8764
3868.0,637.095,147.6365
3868.25,622.1279999999999,147.3688
3868.5,588.75,141.7635
3868.75,569.382,130.5917
3869.0,598.491,128.53050000000002
3869.25,636.5540000000001,130.9685
3869.5,645.5550000000001,136.72220000000002
3869.75,603.626,129.4153
3870.0,654.423,130.8397
3870.25,685.1610000000001,127.5916
3870.5,658.77,123.61460000000001
3870.75,698.943,125.39749999999998
3871.0,802.6030000000001,124.62370000000001
3871.25,862.11,131.0066
3871.5,903.673,133.6686
3871.75,915.991,134.0384
3872.0,973.903,132.4934
3872.25,948.3969999999999,136.3325
3872.5,993.067,141.1041
3872.75,1046.92,144.8216
3873.0,1068.292,153.52550000000002
3873.25,1057.3020000000001,149.7072
3873.5,1084.481,151.2394
3873.75,1069.7060000000001,146.7004
3874.0,1016.435,150.9364
3874.25,978.854,149.0695
3874.5,938.1320000000001,144.9981
3874.75,982.0400000000001,146.2554
3875.0,1026.557,141.5959
3875.25,1097.81,154.2774
3875.5,1101.598,150.4577
3875.75,1112.0,151.2906
3876.0,1133.527,152.7252
3876.25,1114.42,150.8105
3876.5,1189.84,164.4634
3876.75,1173.157,158.8218
3877.0,1107.413,162.35649999999998
3877.25,1077.9520000000002,154.16670000000002
3877.5,998.3240000000001,147.881
3877.75,1011.8889999999999,146.9289
3878.0,961.3239999999998,139.65120000000002
3878.25,944.7560000000001,142.9459
3878.5,894.0070000000001,136.311
3878.75,920.167,144.5863
3879.0,917.7069999999999,135.7086
3879.25,929.917,138.01330000000002
3879.5,952.258,138.959
3879.75,976.684,137.49200000000002
3880.0,896.7639999999999,124.7592
3880.25,853.504,108.72979999999998
3880.5,856.216,112.0205
3880.75,838.81,113.4112
3881.0,810.086,112.1869
3881.25,814.586,116.3355
3881.5,859.229,121.49289999999999
3881.75,935.8519999999999,123.86670000000001
3882.0,983.891,120.9279
3882.25,976.979,119.4933
3882.5,982.579,120.42869999999999
3882.75,1005.0829999999999,123.82610000000001
3883.0,1004.947,122.4639
3883.25,1058.608,126.7672
3883.5,1047.427,128.7039
3883.75,1048.4720000000002,137.2099
3884.0,990.092,122.84120000000001
3884.25,984.3979999999999,115.33890000000001
3884.5,964.028,114.938
3884.75,960.437,119.6806
3885.0,985.662,118.3786
3885.25,1000.5519999999999,122.6798
3885.5,1016.1569999999999,125.5846
3885.75,952.167,120.24300000000001
3886.0,917.5160000000001,119.90289999999999
3886.25,879.815,118.888
3886.5,904.758,121.9262
3886.75,864.2180000000001,123.0711
3887.0,858.4869999999999,117.7633
3887.25,857.398,114.94030000000001
3887.5,798.102,115.6216
3887.75,761.0129999999999,115.9998
3888.0,734.0799999999999,116.36429999999999
3888.25,722.192,110.4452
3888.5,672.245,102.9446
3888.75,642.651,107.3854
3889.0,632.946,115.31129999999999
3889.25,624.246,117.3501
3889.5,624.12,118.14179999999999
3889.75,599.3910000000001,113.7671
3890.0,568.9970000000001,115.1935
3890.25,577.6210000000001,116.6772
3890.5,568.488,114.1534
3890.75,540.183,108.4922
3891.0,541.701,110.8819
3891.25,529.188,113.71789999999999
3891.5,526.075,109.65780000000001
3891.75,536.6940000000001,108.0548
3892.0,518.861,106.832
3892.25,518.009,109.09400000000001
3892.5,510.73299999999995,111.15200000000002
3892.75,515.192,112.4436
3893.0,504.192,104.376
3893.25,497.34499999999997,97.24889999999999
3893.5,497.7660000000001,95.9764
3893.75,522.3720000000001,97.36250000000001
3894.0,523.095,97.19749999999999
3894.25,596.529,99.21340000000001
3894.5,613.53,98.7912
3894.75,647.367,103.3011
3895.0,725.154,103.6407
3895.25,722.349,103.40520000000001
3895.5,739.114,106.48240000000001
3895.75,803.386,119.33330000000001
3896.0,821.932,112.6225
3896.25,875.3530000000001,119.057
3896.5,903.1,121.54419999999999
3896.75,976.431,120.1789
3897.0,1127.29,133.7615
3897.25,1212.917,150.5457
3897.5,1210.201,149.6698
3897.75,1194.005,141.00060000000002
3898.0,1132.087,139.6624
3898.25,1098.764,144.748
3898.5,1077.764,138.4544
3898.75,1095.583,141.2966
3899.0,933.913,132.91129999999998
3899.25,955.903,124.8589
3899.5,1156.48,143.8988
3899.75,1178.128,168.0097
3900.0,1240.747,161.0687
3900.25,1194.3220000000001,150.99689999999998
3900.5,1126.942,148.19500000000002
3900.75,1068.592,141.6465
3901.0,1021.0909999999999,136.6173
3901.25,985.483,133.99599999999998
3901.5,963.643,139.4308
3901.75,935.5540000000001,141.8104
3902.0,915.9069999999999,138.3288
3902.25,943.3239999999998,136.2018
3902.5,895.6569999999999,128.112
3902.75,876.4839999999999,127.11850000000001
3903.0,840.0010000000001,125.9636
3903.25,895.9299999999998,126.72489999999999
3903.5,902.5889999999999,137.6098
3903.75,864.4869999999999,130.27179999999998
3904.0,892.867,134.63709999999998
3904.25,900.625,137.0198
3904.5,910.1799999999998,130.9745
3904.75,934.1769999999999,129.28719999999998
3905.0,934.3389999999999,132.86810000000003
3905.25,998.6489999999999,133.6182
3905.5,1013.056,131.4703
3905.75,1047.427,140.12189999999998
3906.0,1036.229,146.397
3906.25,1054.862,143.38
3906.5,1044.6680000000001,141.03910000000002
3906.75,1016.1889999999999,141.56619999999998
3907.0,1040.313,144.19920000000002
3907.25,1026.926,146.05880000000002
3907.5,1068.128,138.4382
3907.75,1088.927,140.7017
3908.0,1070.267,143.5161
3908.25,1015.799,137.1838
3908.5,976.0550000000001,141.6167
3908.75,1012.5740000000001,138.9346
3909.0,903.8609999999999,121.9662
3909.25,781.2639999999999,115.77109999999999
3909.5,775.1830000000001,118.72210000000001
3909.75,770.83,126.23349999999999
3910.0,770.895,115.0313
3910.25,749.403,108.697
3910.5,751.827,110.1043
3910.75,692.337,106.9394
3911.0,724.701,109.9512
3911.25,752.624,112.62859999999999
3911.5,685.5229999999999,109.0512
3911.75,674.802,106.2038
3912.0,645.64,105.1799
3912.25,626.97,102.99799999999999
3912.5,625.409,105.6377
3912.75,658.585,116.6435
3913.0,635.733,120.7294
3913.25,615.3119999999999,121.16070000000002
3913.5,634.53,121.95530000000001
3913.75,657.015,126.90889999999999
3914.0,696.711,122.5703
3914.25,657.21,119.51989999999999
3914.5,653.076,122.6387
3914.75,646.2429999999999,119.13929999999999
3915.0,581.982,116.64329999999998
3915.25,574.864,116.75
3915.5,576.435,116.652
3915.75,585.924,118.3757
3916.0,612.907,118.71069999999999
3916.25,598.552,117.0866
3916.5,598.899,116.5658
3916.75,585.6519999999999,116.8394
3917.0,588.114,115.178
3917.25,577.818,116.9838
3917.5,589.5,118.9534
3917.75,585.741,118.5268
3918.0,610.251,117.8435
3918.25,618.108,119.3007
3918.5,640.902,121.1351
3918.75,656.325,121.0985
3919.0,746.946,124.23889999999999
3919.25,793.767,116.6776
3919.5,841.171,118.17940000000002
3919.75,889.7020000000001,120.27770000000001
3920.0,886.2700000000001,123.04749999999999
3920.25,864.8319999999999,124.4725
3920.5,840.421,122.191
3920.75,849.616,123.7624
3921.0,958.1499999999999,135.8679
3921.25,941.923,134.39409999999998
3921.5,924.409,135.1941
3921.75,1026.4180000000001,142.05919999999998
3922.0,1014.33,140.95
3922.25,1024.21,150.8639
3922.5,924.893,138.23149999999998
3922.75,888.1569999999999,135.9206
3923.0,923.269,135.1817
3923.25,946.0090000000001,141.5635
3923.5,970.06,146.54590000000002
3923.75,955.0120000000001,151.1055
3924.0,1140.2259999999999,157.262
3924.25,1270.069,174.2298
3924.5,1276.954,167.5116
3924.75,1012.36,143.48160000000001
3925.0,855.8820000000001,143.7135
3925.25,803.212,134.8701
3925.5,762.471,143.3459
3925.75,746.029,135.1763
3926.0,751.342,133.1864
3926.25,825.9580000000001,133.8245
3926.5,751.913,128.1089
3926.75,714.36,128.4121
3927.0,728.668,134.6212
3927.25,769.167,125.2568
3927.5,711.412,119.878
3927.75,679.797,116.53379999999999
3928.0,759.086,125.18299999999999
3928.25,769.9630000000001,121.0722
3928.5,784.0029999999999,122.41659999999999
3928.75,786.5429999999999,121.4448
3929.0,776.1700000000001,127.22209999999998
3929.25,777.6500000000001,121.2902
3929.5,821.325,121.347
3929.75,780.839,120.42690000000002
3930.0,812.754,127.01689999999999
3930.25,883.4269999999999,138.304
3930.5,827.25,132.3633
3930.75,832.751,136.40269999999998
3931.0,906.9230000000001,147.02159999999998
3931.25,805.446,141.0783
3931.5,788.6489999999999,136.8482
3931.75,823.721,133.56189999999998
3932.0,827.7359999999999,135.4365
3932.25,731.757,126.8191
3932.5,697.8430000000001,121.1451
3932.75,734.6080000000001,127.9067
3933.0,740.009,127.7722
3933.25,725.662,128.4871
3933.5,694.562,128.4534
3933.75,717.9480000000001,132.892
3934.0,690.727,130.3951
3934.25,679.743,112.21870000000001
3934.5,621.1,103.9916
3934.75,662.7520000000001,110.6246
3935.0,636.446,114.63329999999999
3935.25,640.109,118.28280000000001
3935.5,624.81,116.1111
3935.75,634.343,116.84190000000001
3936.0,578.711,114.5515
3936.25,572.394,115.775
3936.5,545.482,115.36120000000001
3936.75,570.618,113.13469999999998
3937.0,534.136,106.71719999999999
3937.25,517.665,105.3698
3937.5,489.188,106.7423
3937.75,473.85900000000004,108.85160000000002
3938.0,486.05499999999995,108.42410000000001
3938.25,479.43399999999997,108.6904
3938.5,466.361,107.68180000000001
3938.75,468.62300000000005,115.4439
3939.0,461.68399999999997,114.6952
3939.25,448.21000000000004,116.3429
3939.5,436.08399999999995,114.48259999999999
3939.75,461.93399999999997,114.22480000000002
3940.0,426.44,109.1018
3940.25,440.29900000000004,113.47730000000001
3940.5,438.501,109.1447
3940.75,431.85400000000004,108.24520000000001
3941.0,438.999,109.4069
3941.25,434.906,108.7166
3941.5,431.399,108.106
3941.75,431.182,108.81909999999999
3942.0,472.28100000000006,110.65450000000001
3942.25,476.837,108.5247
3942.5,474.91099999999994,110.70389999999999
3942.75,499.203,115.5511
3943.0,521.976,114.4056
3943.25,532.925,114.25980000000001
3943.5,563.889,119.62750000000001
3943.75,620.886,119.9823
3944.0,538.73,115.1722
3944.25,501.26500000000004,115.0224
3944.5,561.524,113.74430000000001
3944.75,642.957,115.4503
3945.0,622.9559999999999,117.72900000000001
3945.25,608.0530000000001,115.0919
3945.5,626.068,116.5329
3945.75,597.3689999999999,114.1138
3946.0,622.721,114.7568
3946.25,602.456,115.3236
3946.5,571.392,106.6922
3946.75,565.917,109.14290000000001
3947.0,650.652,113.1789
3947.25,654.465,114.6258
3947.5,631.671,121.9603
3947.75,670.548,125.465
3948.0,649.068,123.85230000000001
3948.25,677.73,121.4015
3948.5,683.881,125.6702
3948.75,661.4369999999999,122.74799999999999
3949.0,618.564,120.1827
3949.25,615.921,114.80789999999999
3949.5,631.943,117.49199999999999
3949.75,620.7660000000001,113.6867
3950.0,616.311,111.59979999999999
3950.25,627.3389999999999,111.2624
3950.5,606.327,110.6988
3950.75,651.855,116.72229999999999
3951.0,636.846,113.73349999999999
3951.25,694.0889999999999,117.1437
3951.5,651.539,116.5479
3951.75,731.595,119.7224
3952.0,769.678,118.7304
3952.25,815.717,130.5039
3952.5,1070.499,141.7995
3952.75,1091.07,141.3636
3953.0,1110.231,138.57580000000002
3953.25,1112.838,135.826
3953.5,1136.8120000000001,136.0012
3953.75,1122.368,137.5392
3954.0,1115.122,140.8523
3954.25,1072.407,140.5241
3954.5,1073.725,141.7763
3954.75,1087.357,147.6806
3955.0,1114.634,144.9091
3955.25,1103.7440000000001,140.999
3955.5,1135.58,144.3808
3955.75,1121.1970000000001,144.2421
3956.0,1104.8319999999999,149.5036
3956.25,1082.3090000000002,148.08100000000002
3956.5,1034.1779999999999,143.4817
3956.75,1062.3490000000002,142.5057
3957.0,1051.051,142.9685
3957.25,981.7810000000001,142.0582
3957.5,875.883,134.7571
3957.75,731.8050000000001,126.1573
3958.0,720.7850000000001,122.5141
3958.25,689.598,119.5791
3958.5,681.336,121.05669999999998
3958.75,614.1600000000001,113.43490000000001
3959.0,633.645,114.38480000000001
3959.25,652.17,115.4271
3959.5,618.642,120.3783
3959.75,608.668,122.77370000000002
3960.0,591.822,121.0979
3960.25,570.999,120.75299999999999
3960.5,572.067,121.5393
3960.75,559.925,125.11779999999999
3961.0,540.1099999999999,122.7556
3961.25,517.789,114.95
3961.5,534.1469999999999,111.18990000000001
3961.75,495.63599999999997,108.95859999999999
3962.0,485.40299999999996,108.4956
3962.25,477.887,109.4461
3962.5,456.91099999999994,106.58099999999999
3962.75,450.08500000000004,105.2285
3963.0,428.548,103.093
3963.25,431.06000000000006,105.93520000000001
3963.5,434.918,105.77720000000001
3963.75,408.808,106.90529999999998
3964.0,401.789,105.64189999999999
3964.25,409.03700000000003,108.3339
3964.5,395.303,110.89600000000002
3964.75,385.944,107.85329999999999
3965.0,386.689,109.8655
3965.25,387.371,112.4166
3965.5,400.501,114.9889
3965.75,405.224,109.4444
3966.0,395.453,100.8841
3966.25,382.558,100.43990000000001
3966.5,388.25300000000004,98.26739999999998
3966.75,396.141,101.7829
3967.0,387.70400000000006,102.8937
3967.25,385.16,100.72059999999999
3967.5,383.74899999999997,99.50380000000001
3967.75,396.03099999999995,108.15889999999999
3968.0,368.085,112.459
3968.25,398.20400000000006,115.7475
3968.5,495.224,125.95309999999999
3968.75,503.53000000000003,122.6104
3969.0,513.486,124.23989999999999
3969.25,518.101,125.4382
3969.5,587.325,127.9589
3969.75,591.514,129.5556
3970.0,584.0989999999999,126.7025
3970.25,582.9179999999999,122.4362
3970.5,518.411,112.65339999999999
3970.75,532.508,109.654
3971.0,550.9010000000001,113.21189999999999
3971.25,552.614,112.9695
3971.5,612.95,113.88229999999999
3971.75,606.223,112.0604
3972.0,586.196,110.1689
3972.25,606.402,113.156
3972.5,653.598,116.588
3972.75,660.2130000000001,118.9238
3973.0,618.2249999999999,118.91
3973.25,617.831,123.81949999999999
3973.5,612.8910000000001,126.75399999999999
3973.75,654.483,126.086
3974.0,674.076,128.5439
3974.25,634.689,125.9948
3974.5,645.384,120.6993
3974.75,659.495,117.9635
3975.0,690.357,118.7722
3975.25,671.874,114.8253
3975.5,619.563,114.1534
3975.75,633.5550000000001,116.66300000000001
3976.0,621.357,114.028
3976.25,634.6410000000001,114.815
3976.5,672.525,110.19
3976.75,671.802,120.5111
3977.0,682.4250000000001,125.0849
3977.25,683.082,124.8859
3977.5,732.45,126.6574
3977.75,728.9250000000001,122.11670000000001
3978.0,778.431,127.31030000000001
3978.25,797.466,129.927
3978.5,813.7230000000001,129.0063
3978.75,799.1830000000001,133.7584
3979.0,819.495,128.3577
3979.25,752.764,119.53550000000001
3979.5,767.496,127.30969999999999
3979.75,799.461,125.62989999999999
3980.0,754.323,112.62620000000001
3980.25,723.639,110.76910000000001
3980.5,719.5619999999999,114.43109999999999
3980.75,754.965,119.4982
3981.0,790.059,122.16560000000001
3981.25,747.843,122.30700000000002
3981.5,724.245,117.5993
3981.75,731.304,118.57820000000001
3982.0,689.652,118.5729
3982.25,686.946,121.4256
3982.5,656.1569999999999,125.8334
3982.75,656.8199999999999,115.66919999999999
3983.0,656.3829999999999,110.69399999999999
3983.25,668.691,112.9323
3983.5,673.463,117.76240000000001
3983.75,597.159,107.74770000000001
3984.0,556.693,100.5549
3984.25,570.8190000000001,102.59899999999999
3984.5,544.2810000000001,101.59150000000001
3984.75,533.6,103.4853
3985.0,529.976,106.37459999999999
3985.25,530.668,103.6053
3985.5,476.50800000000004,105.23039999999999
3985.75,477.905,106.9392
3986.0,467.96000000000004,108.612
3986.25,463.755,107.56309999999999
3986.5,488.389,116.1343
3986.75,494.789,122.8947
3987.0,485.193,122.6336
3987.25,489.749,123.0533
3987.5,480.70899999999995,117.1885
3987.75,475.609,117.0075
3988.0,445.501,118.023
3988.25,479.732,118.33330000000001
3988.5,463.645,118.9053
3988.75,462.41499999999996,119.84909999999999
3989.0,465.657,117.0556
3989.25,485.84000000000003,117.3488
3989.5,489.338,119.30949999999999
3989.75,443.44300000000004,116.8386
3990.0,497.81499999999994,124.8021
3990.25,506.726,122.95779999999999
3990.5,514.615,122.5102
3990.75,547.561,125.4921
3991.0,645.333,121.4593
3991.25,698.171,119.8861
3991.5,744.802,127.776
3991.75,768.883,128.8041
3992.0,763.135,123.80550000000001
3992.25,834.626,137.3667
3992.5,873.9580000000001,132.97129999999999
3992.75,836.494,134.13389999999998
3993.0,856.2400000000001,125.40699999999998
3993.25,913.96,140.2514
3993.5,954.2170000000001,148.4656
3993.75,930.9749999999999,145.2102
3994.0,888.73,139.99849999999998
3994.25,908.422,137.2098
3994.5,869.3319999999999,134.76889999999997
3994.75,930.778,136.87980000000002
3995.0,943.4109999999998,137.5124
3995.25,985.6989999999998,148.7685
3995.5,973.0120000000001,150.9988
3995.75,1008.955,155.0111
3996.0,1036.903,151.1941
3996.25,997.4440000000001,150.4966
3996.5,1002.0880000000001,149.61489999999998
3996.75,957.692,143.4862
3997.0,887.1940000000001,145.04149999999998
3997.25,833.206,128.52790000000002
3997.5,815.422,130.3185
3997.75,846.337,135.34640000000002
3998.0,798.46,133.68009999999998
3998.25,770.5120000000001,127.0788
3998.5,795.273,133.8675
3998.75,737.52,136.0299
3999.0,735.406,132.949
3999.25,702.299,128.1465
3999.5,720.383,121.97999999999999
3999.75,756.688,122.39000000000001
4000.0,709.284,119.4118
4000.25,753.6129999999999,131.76569999999998
4000.5,709.504,126.65559999999999
4000.75,737.813,127.3433
4001.0,699.623,126.18339999999999
4001.25,734.073,123.32589999999999
4001.5,733.038,119.852
4001.75,851.4179999999999,133.58769999999998
4002.0,837.7759999999998,132.3974
4002.25,889.3389999999999,130.178
4002.5,915.6920000000001,133.575
4002.75,904.085,129.2163
4003.0,902.399,129.3636
4003.25,934.425,134.5
4003.5,920.6990000000001,126.0892
4003.75,907.6730000000001,127.56240000000001
4004.0,869.5260000000001,123.44579999999999
4004.25,814.316,123.0871
4004.5,799.1,123.08539999999999
4004.75,816.671,123.0723
4005.0,819.776,130.8673
4005.25,813.402,131.686
4005.5,789.2620000000001,128.5412
4005.75,786.018,123.0632
4006.0,796.245,119.6582
4006.25,772.086,119.6522
4006.5,749.172,117.9614
4006.75,721.214,118.86200000000001
4007.0,681.153,117.77250000000001
4007.25,688.26,120.6722
4007.5,615.3679999999999,114.44550000000001
4007.75,654.8720000000001,114.0151
4008.0,619.7660000000001,114.45439999999999
4008.25,626.164,116.3689
4008.5,555.564,115.57239999999999
4008.75,568.095,118.65039999999999
4009.0,545.986,109.186
4009.25,533.863,109.1574
4009.5,499.385,107.06439999999999
4009.75,519.173,116.77440000000001
4010.0,531.4960000000001,117.39330000000001
4010.25,522.609,115.756
4010.5,540.752,116.47149999999999
4010.75,514.359,115.91929999999999
4011.0,508.90700000000004,118.39840000000001
4011.25,479.097,118.3715
4011.5,474.749,120.71799999999999
4011.75,446.603,121.8537
4012.0,446.73499999999996,125.1186
4012.25,436.66099999999994,120.84140000000001
4012.5,427.121,117.39070000000001
4012.75,412.547,113.345
4013.0,431.509,117.1583
4013.25,439.577,118.65079999999999
4013.5,445.45899999999995,121.95320000000001
4013.75,458.794,123.1869
4014.0,504.924,121.72899999999998
4014.25,530.177,122.6198
4014.5,546.299,123.9851
4014.75,570.201,122.36250000000001
4015.0,594.489,119.9899
4015.25,715.461,130.3128
4015.5,736.027,135.01409999999998
4015.75,763.752,133.0948
4016.0,741.13,134.07940000000002
4016.25,783.846,135.0618
4016.5,787.402,135.1925
4016.75,790.6689999999999,133.3176
4017.0,857.581,135.6855
4017.25,861.9100000000001,134.5337
4017.5,832.162,135.9321
4017.75,785.6410000000001,134.5492
4018.0,867.897,140.45780000000002
4018.25,849.682,141.0014
4018.5,779.224,129.68349999999998
4018.75,814.965,130.2586
4019.0,866.4459999999999,133.7292
4019.25,900.73,131.8691
4019.5,924.367,136.6019
4019.75,928.0540000000001,138.4691
4020.0,943.4649999999999,146.40699999999998
4020.25,983.2360000000001,146.50140000000002
4020.5,956.287,151.20229999999998
4020.75,911.7339999999999,137.9899
4021.0,876.068,140.9568
4021.25,834.328,141.767
4021.5,820.6419999999998,142.74099999999999
4021.75,812.3100000000001,145.4133
4022.0,788.95,136.6034
4022.25,754.42,128.0365
4022.5,735.519,122.2309
4022.75,708.3340000000001,126.71509999999999
4023.0,723.0550000000001,131.7792
4023.25,744.99,125.0278
4023.5,772.633,128.793
4023.75,758.268,123.51820000000001
4024.0,749.212,128.2447
4024.25,713.29,134.44050000000001
4024.5,711.755,120.19479999999999
4024.75,714.008,121.04070000000002
4025.0,748.677,125.646
4025.25,800.065,120.7107
4025.5,784.9289999999999,125.1223
4025.75,826.066,126.4214
4026.0,850.142,123.81370000000001
4026.25,849.2450000000001,125.9169
4026.5,799.9340000000001,124.16879999999999
4026.75,784.8589999999999,116.7871
4027.0,796.9770000000001,124.57130000000001
4027.25,838.1959999999999,124.40690000000001
4027.5,893.178,130.6375
4027.75,867.1099999999999,129.9851
4028.0,846.3299999999999,122.5051
4028.25,763.1610000000001,118.01670000000001
4028.5,756.9780000000001,117.3965
4028.75,762.873,119.2899
4029.0,811.4639999999999,123.25710000000001
4029.25,824.345,122.05760000000001
4029.5,779.124,123.5353
4029.75,742.688,122.35909999999998
4030.0,703.977,121.788
4030.25,703.625,119.7793
4030.5,684.416,124.00969999999998
4030.75,645.203,120.0812
4031.0,625.544,125.8585
4031.25,642.308,127.96220000000001
4031.5,584.651,124.2988
4031.75,581.156,117.7003
4032.0,586.3489999999999,119.2087
4032.25,555.1129999999999,113.5553
4032.5,514.665,112.2716
4032.75,541.799,115.97289999999998
4033.0,523.403,114.1948
4033.25,529.339,113.45750000000001
4033.5,529.7850000000001,115.8167
4033.75,512.014,112.9684
4034.0,496.486,112.53320000000001
4034.25,487.709,114.48949999999999
4034.5,497.606,119.8044
4034.75,499.942,118.14839999999998
4035.0,515.53,113.0672
4035.25,493.204,112.6591
4035.5,439.463,112.21640000000001
4035.75,426.67999999999995,111.77499999999999
4036.0,409.35799999999995,109.9204
4036.25,404.42900000000003,105.17920000000001
4036.5,401.65100000000007,106.7518
4036.75,405.658,109.5874
4037.0,402.659,112.15799999999999
4037.25,422.365,111.8471
4037.5,455.49199999999996,109.5678
4037.75,445.37899999999996,108.0701
4038.0,431.678,109.2969
4038.25,418.2660000000001,108.6996
4038.5,442.83399999999995,113.33760000000001
4038.75,474.255,121.67590000000001
4039.0,472.64200000000005,118.6101
4039.25,538.386,125.4231
4039.5,579.905,125.4365
4039.75,572.544,126.481
4040.0,560.0799999999999,126.5695
4040.25,564.142,130.91729999999998
4040.5,538.65,122.5317
4040.75,559.096,123.47149999999999
4041.0,567.463,123.7531
4041.25,599.886,125.1978
4041.5,592.212,127.7579
4041.75,636.137,121.5763
4042.0,647.204,125.16379999999998
4042.25,647.2529999999999,126.1033
4042.5,614.058,125.56410000000001
4042.75,593.5740000000001,121.95570000000001
4043.0,661.485,126.8254
4043.25,689.335,134.0365
4043.5,723.951,130.7867
4043.75,720.567,134.9837
4044.0,730.932,135.5609
4044.25,763.482,135.5765
4044.5,705.684,135.4282
4044.75,687.144,133.7883
4045.0,659.496,132.75549999999998
4045.25,641.547,123.1773
4045.5,671.5500000000001,131.84199999999998
4045.75,668.217,130.8296
4046.0,665.295,132.5426
4046.25,640.752,126.9111
4046.5,630.268,123.83940000000001
4046.75,598.995,126.71419999999999
4047.0,618.996,128.42469999999997
4047.25,610.332,128.37150000000003
4047.5,592.008,128.9779
4047.75,620.394,129.68689999999998
4048.0,627.264,125.9513
4048.25,607.893,128.1061
4048.5,643.902,130.51500000000001
4048.75,624.711,127.3598
4049.0,631.704,125.62440000000001
4049.25,641.298,125.2268
4049.5,676.7819999999999,129.9313
4049.75,703.34,129.857
4050.0,720.06,130.8734
4050.25,717.8770000000001,126.4811
4050.5,708.879,122.7477
4050.75,709.144,123.4351
4051.0,718.402,123.8459
4051.25,737.0310000000001,127.8747
4051.5,731.436,128.63809999999998
4051.75,756.967,133.6819
4052.0,736.329,128.3895
4052.25,761.425,130.98069999999998
4052.5,707.226,125.21640000000001
4052.75,695.409,125.27369999999999
4053.0,726.852,125.767
4053.25,700.4970000000001,118.26429999999999
4053.5,673.4110000000001,122.4699
4053.75,641.6030000000001,122.234
4054.0,629.915,118.8406
4054.25,575.5160000000001,118.8133
4054.5,574.742,118.81720000000001
4054.75,580.3340000000001,118.042
4055.0,618.881,114.62849999999999
4055.25,594.068,123.476
4055.5,568.943,124.80009999999999
4055.75,561.258,125.60000000000001
4056.0,521.895,119.4656
4056.25,503.841,118.09140000000001
4056.5,500.372,116.5333
4056.75,513.8879999999999,118.1219
4057.0,488.831,117.69890000000001
4057.25,456.246,113.9664
4057.5,451.261,113.8047
4057.75,450.63200000000006,114.1988
4058.0,454.428,113.184
4058.25,417.865,109.5183
4058.5,408.48800000000006,108.306
4058.75,400.475,107.0352
4059.0,427.13599999999997,109.5856
4059.25,413.16100000000006,109.6632
4059.5,396.236,110.0882
4059.75,392.0799999999999,113.17920000000001
4060.0,376.58799999999997,114.0954
4060.25,381.50699999999995,112.2445
4060.5,369.213,110.2951
4060.75,374.41200000000003,108.54409999999999
4061.0,374.134,111.0018
4061.25,364.89500000000004,111.2399
4061.5,363.96099999999996,109.18470000000002
4061.75,358.48900000000003,106.9667
4062.0,381.18399999999997,109.27820000000001
4062.25,378.428,108.62180000000001
4062.5,386.39200000000005,109.2279
4062.75,383.046,108.9272
4063.0,399.082,108.8302
4063.25,417.12800000000004,109.2008
4063.5,383.45,104.9023
4063.75,387.307,105.0941
4064.0,334.246,103.98649999999999
4064.25,338.349,104.6379
4064.5,364.649,105.68620000000001
4064.75,357.70099999999996,103.9288
4065.0,380.063,106.5898
4065.25,396.785,106.409
4065.5,403.778,105.6789
4065.75,401.23699999999997,101.4488
4066.0,410.36199999999997,99.2536
4066.25,396.847,98.5232
4066.5,369.304,97.8358
4066.75,370.48400000000004,93.87389999999999
4067.0,394.117,92.726
4067.25,403.132,92.023
4067.5,439.37500000000006,96.67259999999999
4067.75,465.542,99.01400000000001
4068.0,474.151,101.7041
4068.25,462.86199999999997,103.93869999999998
4068.5,453.53999999999996,101.5648
4068.75,481.418,102.29469999999999
4069.0,445.46799999999996,105.20150000000001
4069.25,421.452,104.363
4069.5,453.21,99.245
4069.75,481.44100000000003,97.6563
4070.0,467.68100000000004,95.8871
4070.25,482.226,96.6437
4070.5,494.85300000000007,96.91239999999999
4070.75,469.514,94.7034
4071.0,498.12699999999995,96.7627
4071.25,537.752,105.9884
4071.5,504.5079999999999,96.7535
4071.75,491.29200000000003,94.659
4072.0,504.064,95.44120000000001
4072.25,526.593,99.20599999999999
4072.5,500.918,94.44999999999999
4072.75,511.75800000000004,102.7858
4073.0,536.064,102.9657
4073.25,543.063,105.9613
4073.5,587.03,112.24029999999999
4073.75,575.808,107.36540000000001
4074.0,586.4250000000001,105.9675
4074.25,600.117,101.0113
4074.5,571.47,103.0969
4074.75,547.083,99.0613
4075.0,584.4179999999999,106.05770000000001
4075.25,604.545,108.1275
4075.5,637.233,110.5361
4075.75,641.439,109.175
4076.0,635.2239999999999,106.56049999999999
4076.25,635.6279999999999,108.4751
4076.5,646.227,113.8875
4076.75,640.998,111.4532
4077.0,646.047,115.3733
4077.25,638.409,116.3024
4077.5,637.5809999999999,116.3483
4077.75,605.292,112.46520000000001
4078.0,600.818,112.4164
4078.25,589.47,111.4378
4078.5,570.441,110.0443
4078.75,544.001,108.34209999999999
4079.0,516.27,108.7235
4079.25,518.985,111.9572
4079.5,506.979,113.0259
4079.75,532.339,112.6368
4080.0,502.36,110.2789
4080.25,500.321,113.8671
4080.5,497.055,115.7975
4080.75,515.077,118.3921
4081.0,479.678,115.8118
4081.25,468.85,116.11930000000001
4081.5,462.24199999999996,118.32669999999999
4081.75,478.537,117.0714
4082.0,448.61300000000006,118.1921
4082.25,444.389,117.50659999999999
4082.5,426.476,114.44980000000001
4082.75,410.822,113.51989999999999
4083.0,423.73299999999995,112.7372
4083.25,405.613,115.22969999999998
4083.5,391.775,114.5289
4083.75,396.14300000000003,113.7056
4084.0,378.764,113.7153
4084.25,374.462,114.93949999999998
4084.5,363.89300000000003,112.86169999999998
4084.75,371.56399999999996,111.84949999999998
4085.0,364.976,115.8449
4085.25,371.627,117.3029
4085.5,382.639,118.74270000000001
4085.75,373.057,115.81880000000001
4086.0,368.915,118.56109999999998
4086.25,367.88800000000003,116.48660000000001
4086.5,371.337,115.28080000000001
4086.75,382.178,118.7218
4087.0,370.103,109.54939999999999
4087.25,365.50699999999995,107.498
4087.5,372.646,102.888
4087.75,367.708,102.33349999999999
4088.0,354.116,98.9606
4088.25,360.202,98.3464
4088.5,377.575,99.6739
4088.75,359.68499999999995,98.49720000000002
4089.0,376.255,101.3488
4089.25,385.30899999999997,100.7733
4089.5,394.08399999999995,100.8651
4089.75,399.44,102.0197
4090.0,396.77600000000007,101.9397
4090.25,481.32899999999995,103.12899999999999
4090.5,462.70799999999997,104.60040000000001
4090.75,422.45000000000005,97.2593
4091.0,461.65900000000005,102.0441
4091.25,473.03700000000003,103.23219999999999
4091.5,500.438,100.36299999999999
4091.75,503.03599999999994,101.18889999999999
4092.0,535.476,103.56720000000001
4092.25,544.808,108.8338
4092.5,511.941,101.342
4092.75,522.0640000000001,102.6905
4093.0,502.332,103.89430000000002
4093.25,504.15999999999997,104.4655
4093.5,510.88199999999995,104.37950000000001
4093.75,543.634,105.24289999999999
4094.0,505.868,108.83769999999998
4094.25,518.931,111.25720000000001
4094.5,479.70599999999996,101.3753
4094.75,483.45900000000006,102.285
4095.0,509.14700000000005,98.1344
4095.25,549.946,103.0677
4095.5,464.805,96.54060000000001
4095.75,483.601,99.5343
4096.0,483.634,93.2064
4096.25,454.361,95.0786
4096.5,422.63599999999997,90.74249999999999
4096.75,443.188,90.2958
4097.0,476.745,95.7353
4097.25,503.113,101.96709999999999
4097.5,566.998,109.00719999999998
4097.75,595.2719999999999,107.5153
4098.0,586.541,107.5179
4098.25,620.733,109.2312
4098.5,603.579,111.6005
4098.75,660.395,116.49680000000001
4099.0,621.681,113.5814
4099.25,652.294,115.79759999999999
4099.5,610.479,116.9969
4099.75,672.237,123.3051
4100.0,660.9350000000001,124.14430000000002
4100.25,609.047,116.04740000000001
4100.5,631.727,117.2913
4100.75,653.6179999999999,123.03649999999999
4101.0,611.447,117.54480000000001
4101.25,590.044,107.3046
4101.5,615.793,109.5917
4101.75,603.133,113.0377
4102.0,575.6410000000001,112.5312
4102.25,556.214,111.0169
4102.5,562.8040000000001,115.4776
4102.75,564.227,115.1618
4103.0,569.857,112.30760000000001
4103.25,549.557,115.36240000000001
4103.5,540.232,122.6917
4103.75,516.06,122.4417
4104.0,501.967,118.5433
4104.25,505.83700000000005,117.8268
4104.5,478.677,110.726
4104.75,481.81199999999995,112.772
4105.0,453.947,114.28380000000001
4105.25,446.042,106.28550000000001
4105.5,455.647,107.2276
4105.75,428.833,103.29169999999999
4106.0,423.383,106.0891
4106.25,456.729,108.256
4106.5,439.37600000000003,106.91210000000001
4106.75,443.36799999999994,115.3001
4107.0,439.01800000000003,112.04239999999999
4107.25,437.534,114.7193
4107.5,409.69300000000004,112.5094
4107.75,405.69399999999996,112.686
4108.0,410.30499999999995,112.1858
4108.25,412.22799999999995,113.4204
4108.5,381.641,110.202
4108.75,354.815,105.1996
4109.0,363.374,105.906
4109.25,366.265,105.1386
4109.5,394.91600000000005,106.43780000000001
4109.75,397.465,100.0775
4110.0,395.116,103.0547
4110.25,394.09099999999995,105.0656
4110.5,396.383,103.7687
4110.75,409.673,101.1626
4111.0,430.144,101.95150000000001
4111.25,416.36300000000006,105.57910000000001
4111.5,367.003,104.20020000000001
4111.75,406.847,111.4379
4112.0,340.472,108.0692
4112.25,364.022,108.72210000000001
4112.5,442.12,112.2822
4112.75,429.583,112.8475
4113.0,453.967,113.7022
4113.25,427.937,111.5665
4113.5,461.35,115.1483
4113.75,471.988,115.0881
4114.0,453.526,110.5633
4114.25,443.366,109.35809999999998
4114.5,416.51199999999994,105.7313
4114.75,420.85600000000005,105.34879999999998
4115.0,452.119,109.8271
4115.25,469.71500000000003,114.30170000000001
4115.5,495.749,117.2296
4115.75,512.677,120.8894
4116.0,486.07399999999996,123.06339999999999
4116.25,507.78799999999995,118.83950000000002
4116.5,502.17400000000004,112.0821
4116.75,503.59400000000005,107.9237
4117.0,459.68699999999995,105.0084
4117.25,451.739,105.2473
4117.5,495.91499999999996,106.4965
4117.75,502.019,106.1683
4118.0,505.77699999999993,110.7767
4118.25,454.558,105.53290000000001
4118.5,447.19899999999996,106.7893
4118.75,422.866,108.31789999999998
4119.0,440.128,108.7884
4119.25,464.91700000000003,114.5903
4119.5,439.475,111.5292
4119.75,438.67199999999997,109.48519999999999
4120.0,447.12800000000004,107.55619999999999
4120.25,469.586,111.0752
4120.5,469.818,109.922
4120.75,469.84,105.17179999999999
4121.0,518.508,104.644
4121.25,523.367,107.07079999999999
4121.5,575.715,110.15350000000001
4121.75,589.0150000000001,109.91810000000001
4122.0,559.104,108.9005
4122.25,592.6679999999999,107.3642
4122.5,620.685,114.83769999999998
4122.75,646.884,114.1944
4123.0,583.806,105.7799
4123.25,573.099,103.84209999999999
4123.5,617.796,112.9744
4123.75,652.957,113.48310000000001
4124.0,634.809,114.1654
4124.25,650.165,120.24600000000001
4124.5,656.736,122.04939999999999
4124.75,566.828,116.04079999999999
4125.0,564.735,114.59840000000001
4125.25,583.221,113.34530000000001
4125.5,597.3530000000001,115.0735
4125.75,571.8979999999999,115.5068
4126.0,559.318,111.66069999999999
4126.25,559.877,114.86089999999999
4126.5,510.04499999999996,106.64510000000001
4126.75,541.49,111.67689999999999
4127.0,546.376,111.7189
4127.25,513.79,111.52279999999999
4127.5,514.807,111.8048
4127.75,506.76700000000005,116.5059
4128.0,477.60400000000004,110.22840000000002
4128.25,492.405,111.9935
4128.5,471.887,110.1251
4128.75,464.943,111.0349
4129.0,482.11699999999996,115.5895
4129.25,467.05300000000005,114.2563
4129.5,424.697,108.0823
4129.75,418.885,110.5873
4130.0,417.152,107.8296
4130.25,446.20500000000004,108.6908
4130.5,438.41,104.19809999999998
4130.75,388.991,105.3056
4131.0,380.363,103.8349
4131.25,383.404,102.8695
4131.5,378.958,95.89930000000001
4131.75,370.364,94.20660000000001
4132.0,361.48400000000004,97.1012
4132.25,360.72999999999996,97.3422
4132.5,364.877,97.88170000000001
4132.75,354.01300000000003,95.1779
4133.0,379.529,96.4143
4133.25,377.894,101.0787
4133.5,390.10999999999996,99.00940000000001
4133.75,381.36400000000003,94.602
4134.0,364.607,94.56620000000001
4134.25,372.128,97.3947
4134.5,367.089,99.74439999999998
4134.75,361.129,96.30720000000001
4135.0,377.979,98.2293
4135.25,416.726,101.6393
4135.5,405.541,103.22479999999999
4135.75,396.75199999999995,101.2178
4136.0,384.944,97.6309
4136.25,394.78600000000006,97.6095
4136.5,441.41,101.1528
4136.75,474.077,106.2218
4137.0,447.47300000000007,107.9388
4137.25,419.995,104.83759999999998
4137.5,446.42600000000004,103.9291
4137.75,487.86,107.38500000000002
4138.0,451.432,108.80260000000001
4138.25,418.19899999999996,102.54679999999999
4138.5,377.159,97.4999
4138.75,447.136,102.5779
4139.0,436.955,103.6362
4139.25,464.459,103.449
4139.5,480.822,102.49210000000001
4139.75,485.906,97.9453
4140.0,506.049,99.9605
4140.25,489.188,107.02800000000002
4140.5,496.36,108.34
4140.75,475.89199999999994,108.7277
4141.0,464.741,105.02170000000001
4141.25,477.972,107.16120000000001
4141.5,478.44399999999996,107.6012
4141.75,505.53999999999996,109.6387
4142.0,536.426,110.9271
4142.25,531.101,113.2623
4142.5,529.722,113.30069999999999
4142.75,558.111,116.42580000000001
4143.0,537.656,113.06360000000001
4143.25,553.044,111.92190000000001
4143.5,512.582,109.8278
4143.75,536.007,110.38860000000001
4144.0,568.186,106.2835
4144.25,571.5809999999999,105.4222
4144.5,582.45,108.6617
4144.75,618.3779999999999,109.45929999999998
4145.0,640.1189999999999,111.24249999999999
4145.25,659.3910000000001,107.64240000000001
4145.5,674.316,111.8842
4145.75,714.042,121.6662
4146.0,730.3199999999999,116.7175
4146.25,737.598,114.8968
4146.5,749.5210000000001,109.6996
4146.75,747.408,107.61550000000001
4147.0,790.4069999999999,111.47030000000001
4147.25,808.5630000000001,117.00719999999998
4147.5,796.9920000000001,118.2571
4147.75,816.9000000000001,117.91139999999999
4148.0,846.2170000000001,120.49159999999999
4148.25,780.5550000000001,118.3666
4148.5,795.2940000000001,122.8244
4148.75,769.9920000000001,125.03990000000002
4149.0,731.884,119.09140000000001
4149.25,732.299,118.863
4149.5,722.8050000000001,124.01480000000001
4149.75,699.9449999999999,123.88499999999999
4150.0,711.573,128.2511
4150.25,713.796,124.7311
4150.5,689.101,113.9745
4150.75,662.727,112.76140000000001
4151.0,655.4019999999999,110.6919
4151.25,639.966,109.5102
4151.5,623.901,110.07149999999999
4151.75,596.823,109.81179999999999
4152.0,616.71,105.52090000000001
4152.25,582.5530000000001,103.15950000000001
4152.5,520.5640000000001,101.08340000000001
4152.75,513.755,101.6539
4153.0,537.413,108.82829999999998
4153.25,534.182,108.8056
4153.5,503.823,114.1389
4153.75,501.63800000000003,119.0417
4154.0,484.939,116.06809999999999
4154.25,472.7850000000001,116.9845
4154.5,444.72700000000003,116.8305
4154.75,443.23400000000004,114.77350000000001
4155.0,453.92600000000004,114.0438
4155.25,417.542,110.30270000000002
4155.5,432.054,110.207
4155.75,432.14,112.79670000000002
4156.0,429.78999999999996,112.72980000000001
4156.25,428.16700000000003,111.4902
4156.5,461.424,109.5771
4156.75,455.732,106.1286
4157.0,449.95400000000006,108.00890000000001
4157.25,447.53599999999994,110.9928
4157.5,435.985,111.9334
4157.75,428.863,110.9512
4158.0,469.933,110.6746
4158.25,484.262,108.5988
4158.5,529.698,108.8832
4158.75,542.3190000000001,113.2283
4159.0,625.488,110.4644
4159.25,747.231,116.7505
4159.5,765.633,119.6583
4159.75,831.56,120.78110000000001
4160.0,808.243,122.38220000000001
4160.25,907.744,126.19819999999999
4160.5,914.725,127.4377
4160.75,874.4440000000001,127.71000000000001
4161.0,895.9849999999999,122.1679
4161.25,951.392,123.12560000000002
4161.5,909.7719999999999,119.5685
4161.75,899.3800000000001,120.0373
4162.0,914.4649999999999,123.8512
4162.25,913.135,127.79910000000001
4162.5,915.727,128.0545
4162.75,971.428,124.6061
4163.0,1027.248,128.9845
4163.25,1021.3870000000001,132.0074
4163.5,1093.967,137.72729999999999
4163.75,1137.938,139.6344
4164.0,1131.125,143.11020000000002
4164.25,1120.834,130.7954
4164.5,1065.964,140.0592
4164.75,1068.37,135.74810000000002
4165.0,1007.347,125.7049
4165.25,960.364,130.8046
4165.5,997.0240000000001,139.3084
4165.75,1008.829,133.0693
4166.0,1018.9449999999999,141.5485
4166.25,1021.89,142.4803
4166.5,987.467,136.1928
4166.75,957.298,128.9602
4167.0,982.885,130.1598
4167.25,998.855,131.8519
4167.5,993.3429999999998,129.6285
4167.75,978.184,129.61669999999998
4168.0,981.3760000000001,125.0441
4168.25,992.25,124.26490000000001
4168.5,984.9380000000001,123.77709999999999
4168.75,948.905,120.3521
4169.0,842.807,119.6745
4169.25,837.595,121.5805
4169.5,887.197,126.7703
4169.75,952.027,134.1766
4170.0,922.787,131.4882
4170.25,947.153,129.01479999999998
4170.5,932.516,128.2543
4170.75,942.127,122.9986
4171.0,980.183,120.4051
4171.25,994.655,122.1254
4171.5,1000.1680000000001,127.47389999999999
4171.75,1088.084,129.9655
4172.0,1065.71,128.346
4172.25,1019.0840000000001,126.9284
4172.5,1011.353,130.4435
4172.75,965.9860000000001,126.2305
4173.0,978.089,125.5123
4173.25,969.78,125.33959999999999
4173.5,962.662,124.9959
4173.75,960.3399999999999,128.3115
4174.0,942.6469999999999,125.98610000000001
4174.25,940.39,129.8807
4174.5,924.7220000000001,131.8103
4174.75,861.09,120.5376
4175.0,870.529,119.06030000000001
4175.25,847.4109999999998,124.03790000000001
4175.5,832.509,123.98320000000001
4175.75,797.9490000000001,115.70689999999999
4176.0,766.935,110.8195
4176.25,754.545,112.08279999999999
4176.5,713.947,112.4556
4176.75,706.064,112.9037
4177.0,685.14,116.68779999999998
4177.25,678.261,119.13780000000001
4177.5,699.374,114.4927
4177.75,719.37,115.729
4178.0,728.9639999999999,118.3943
4178.25,736.2,120.3181
4178.5,679.287,117.02449999999999
4178.75,661.071,121.98559999999999
4179.0,650.863,122.07229999999998
4179.25,675.564,123.29139999999998
4179.5,684.321,122.15320000000001
4179.75,646.071,118.3597
4180.0,600.99,116.3877
4180.25,627.27,115.281
4180.5,590.855,114.4741
4180.75,579.2909999999999,112.8903
4181.0,622.989,114.7209
4181.25,658.719,115.12729999999999
4181.5,677.313,116.0721
4181.75,673.302,113.78129999999999
4182.0,693.446,113.5432
4182.25,709.323,115.8535
4182.5,722.259,117.5575
4182.75,759.559,118.91890000000001
4183.0,857.599,117.1251
4183.25,887.95,111.1385
4183.5,965.8990000000001,122.71529999999998
4183.75,1026.745,124.95930000000001
4184.0,1030.609,124.79499999999999
4184.25,1066.8229999999999,128.29479999999998
4184.5,1019.8840000000001,128.3111
4184.75,1044.824,133.339
4185.0,1094.826,140.798
4185.25,1129.732,142.14339999999999
4185.5,1136.9180000000001,150.1951
4185.75,1180.906,146.7855
4186.0,1174.346,143.8049
4186.25,1175.024,147.26170000000002
4186.5,1089.864,143.2934
4186.75,1120.743,139.5109
4187.0,1180.101,144.4361
4187.25,1257.356,150.3681
4187.5,1278.449,148.7603
4187.75,1264.373,155.2944
4188.0,1263.723,155.58100000000002
4188.25,1269.004,146.999
4188.5,1271.714,143.0531
4188.75,1273.487,147.6764
4189.0,1263.9560000000001,147.3638
4189.25,1241.1950000000002,147.62630000000001
4189.5,1173.8490000000002,146.91969999999998
4189.75,1159.834,146.6226
4190.0,1106.399,129.9033
4190.25,1113.887,130.11270000000002
4190.5,1122.401,132.08350000000002
4190.75,1067.776,125.5185
4191.0,1040.37,119.5903
4191.25,1036.666,123.9211
4191.5,1084.429,128.67770000000002
4191.75,1143.539,138.0777
4192.0,1106.005,136.4749
4192.25,1065.77,126.8812
4192.5,987.733,119.56869999999999
4192.75,962.585,123.4871
4193.0,953.1940000000001,122.9242
4193.25,984.538,113.7473
4193.5,1029.685,123.0815
4193.75,1017.1310000000001,125.9006
4194.0,1032.275,130.35379999999998
4194.25,1090.144,132.4222
4194.5,1070.671,132.7757
4194.75,1120.4180000000001,128.5632
4195.0,1140.0300000000002,127.1529
4195.25,1108.31,130.4304
4195.5,1103.069,135.7666
4195.75,1093.7060000000001,134.3129
4196.0,1119.7469999999998,126.1575
4196.25,1067.207,119.7407
4196.5,1091.574,124.76159999999999
4196.75,1015.001,124.3994
4197.0,1036.279,120.3053
4197.25,984.51,117.6373
4197.5,969.588,119.11030000000001
4197.75,1015.5600000000001,125.9844
4198.0,990.5820000000001,123.70700000000001
4198.25,959.3619999999999,121.98960000000001
4198.5,910.764,123.3468
4198.75,844.633,114.0281
4199.0,857.9860000000001,108.98759999999999
4199.25,818.1869999999999,110.21029999999999
4199.5,806.6030000000001,109.5334
4199.75,782.7919999999999,105.4113
4200.0,784.374,108.042
4200.25,730.758,106.12819999999999
4200.5,688.439,105.72979999999998
4200.75,670.167,109.4052
4201.0,679.683,110.14999999999999
4201.25,696.681,107.2029
4201.5,696.015,109.20329999999998
4201.75,688.344,109.7389
4202.0,634.188,108.33659999999999
4202.25,613.326,107.282
4202.5,582.7860000000001,107.48610000000001
4202.75,561.276,107.1736
4203.0,583.995,111.49119999999999
4203.25,594.2909999999999,111.4891
4203.5,550.473,109.02779999999998
4203.75,541.446,110.4236
4204.0,531.039,110.15010000000001
4204.25,573.33,110.2278
4204.5,555.561,105.89949999999999
4204.75,530.673,106.6089
4205.0,538.0,108.96260000000001
4205.25,550.473,112.7842
4205.5,555.7620000000001,111.70139999999999
4205.75,556.242,109.52339999999998
4206.0,611.1030000000001,109.1328
4206.25,632.191,112.38449999999999
4206.5,667.8389999999999,113.286
4206.75,670.479,113.0655
4207.0,778.029,110.97319999999999
4207.25,855.522,113.13379999999998
4207.5,904.5430000000001,113.39500000000001
4207.75,955.9330000000001,113.0001
4208.0,1048.282,122.9811
4208.25,1087.796,130.40109999999999
4208.5,1031.806,128.10950000000003
4208.75,1036.226,131.0362
4209.0,1086.745,133.8622
4209.25,1135.9099999999999,142.6515
4209.5,1158.385,146.6097
4209.75,1120.966,148.6954
4210.0,1140.502,146.351
4210.25,1150.37,151.2435
4210.5,1103.278,146.03859999999997
4210.75,1142.258,145.9685
4211.0,1203.399,154.1193
4211.25,1177.1599999999999,153.6179
4211.5,1141.724,157.4459
4211.75,1155.8519999999999,156.5351
4212.0,1179.505,167.5633
4212.25,1180.252,149.8569
4212.5,1161.9759999999999,147.7545
4212.75,1163.6260000000002,147.9596
4213.0,1064.501,146.89870000000002
4213.25,1029.205,147.588
4213.5,1030.893,144.1185
4213.75,1069.939,153.629
4214.0,1015.7750000000001,147.0308
4214.25,947.434,142.52679999999998
4214.5,1036.57,144.56820000000002
4214.75,987.154,143.3864
4215.0,934.858,135.93720000000002
4215.25,905.954,132.9024
4215.5,894.7570000000001,132.2015
4215.75,901.0029999999999,132.48590000000002
4216.0,863.8140000000001,120.9187
4216.25,865.792,114.8498
4216.5,893.2810000000001,123.93710000000002
4216.75,860.977,120.7856
4217.0,799.567,124.45770000000002
4217.25,798.442,119.25630000000001
4217.5,878.8519999999999,129.0679
4217.75,953.578,135.0169
4218.0,993.728,130.6743
4218.25,961.202,134.7871
4218.5,963.581,131.3388
4218.75,1027.144,141.5695
4219.0,1016.6970000000001,137.3385
4219.25,1079.553,142.4694
4219.5,1022.492,136.11380000000003
4219.75,952.364,128.5821
4220.0,986.711,130.9702
4220.25,984.8,133.06189999999998
4220.5,943.6669999999999,131.756
4220.75,977.566,134.90570000000002
4221.0,1011.474,130.2387
4221.25,978.5790000000001,126.3289
4221.5,960.4100000000001,134.052
4221.75,925.654,135.4492
4222.0,936.9530000000001,134.0738
4222.25,903.4680000000001,124.3191
4222.5,913.4440000000001,124.9866
4222.75,885.845,121.7862
4223.0,868.2090000000001,120.56479999999999
4223.25,861.33,124.4945
4223.5,829.101,117.0172
4223.75,834.2320000000001,108.5472
4224.0,844.116,111.72559999999999
4224.25,858.927,111.9648
4224.5,811.5730000000001,109.07509999999999
4224.75,786.6299999999999,106.4896
4225.0,803.481,113.70169999999999
4225.25,755.1750000000001,113.34609999999999
4225.5,719.664,120.8499
4225.75,721.749,126.5669
4226.0,726.198,119.4778
4226.25,680.8050000000001,118.41210000000001
4226.5,712.8000000000001,118.3197
4226.75,730.803,120.01169999999999
4227.0,679.602,121.58089999999999
4227.25,657.651,119.17000000000002
4227.5,666.591,118.62
4227.75,636.198,116.03890000000001
4228.0,588.9300000000001,112.51480000000001
4228.25,603.472,112.34810000000002
4228.5,588.849,111.09309999999999
4228.75,585.0690000000001,112.62859999999999
4229.0,565.019,110.86640000000001
4229.25,580.12,109.71359999999999
4229.5,604.905,112.05260000000001
4229.75,623.991,115.8063
4230.0,638.5450000000001,115.2832
4230.25,630.867,114.46860000000001
4230.5,679.199,113.42229999999999
4230.75,699.492,112.4358
4231.0,777.738,109.6874
4231.25,795.972,112.3509
4231.5,786.7940000000001,123.07650000000001
4231.75,802.548,118.9178
4232.0,805.51,119.75720000000001
4232.25,757.381,117.15709999999999
4232.5,757.208,114.0991
4232.75,780.033,113.34979999999999
4233.0,805.5310000000001,114.8324
4233.25,850.008,120.62959999999998
4233.5,868.8729999999998,124.314
4233.75,952.3420000000001,122.12929999999999
4234.0,882.367,125.54140000000001
4234.25,902.0329999999999,126.38499999999999
4234.5,834.742,117.8792
4234.75,853.042,114.04920000000001
4235.0,923.1080000000001,111.43380000000002
4235.25,996.078,127.1639
4235.5,1023.512,128.3934
4235.75,1073.228,139.4635
4236.0,1081.375,143.4413
4236.25,1058.426,139.16039999999998
4236.5,1001.923,132.7009
4236.75,1016.206,139.8754
4237.0,1008.2289999999998,129.7694
4237.25,934.6870000000001,124.25229999999999
4237.5,908.337,130.9746
4237.75,930.6490000000001,138.768
4238.0,878.614,127.3288
4238.25,912.292,125.2233
4238.5,927.4780000000001,131.4571
4238.75,881.344,130.5986
4239.0,869.6949999999999,128.8263
4239.25,861.499,136.4118
4239.5,849.178,133.8648
4239.75,856.6089999999999,131.4433
4240.0,842.8120000000001,130.1889
4240.25,879.3820000000001,124.6831
4240.5,887.859,126.5056
4240.75,910.885,125.3945
4241.0,894.644,132.31279999999998
4241.25,830.059,124.9117
4241.5,872.44,130.20499999999998
4241.75,934.4979999999998,133.08350000000002
4242.0,935.837,127.76510000000002
4242.25,900.335,119.2168
4242.5,960.79,112.69380000000001
4242.75,1008.662,114.9914
4243.0,1013.5059999999999,123.2621
4243.25,989.363,128.6444
4243.5,967.8709999999999,130.3951
4243.75,939.0590000000001,131.0525
4244.0,951.1010000000001,128.25959999999998
4244.25,945.98,124.9414
4244.5,901.9380000000001,123.6046
4244.75,926.067,125.95410000000001
4245.0,906.3340000000001,118.72049999999999
4245.25,886.2180000000001,118.9816
4245.5,880.602,121.14789999999999
4245.75,935.1990000000001,131.1063
4246.0,915.9290000000001,134.7142
4246.25,906.048,126.66810000000001
4246.5,864.663,121.4246
4246.75,803.5889999999999,112.7079
4247.0,795.8100000000001,110.23400000000001
4247.25,801.883,112.7353
4247.5,781.162,107.4263
4247.75,754.716,107.98989999999999
4248.0,734.7359999999999,110.7123
4248.25,705.421,110.31700000000001
4248.5,697.848,109.4341
4248.75,736.617,110.48219999999999
4249.0,684.672,113.5079
4249.25,676.947,114.857
4249.5,666.723,115.11330000000001
4249.75,647.484,115.5187
4250.0,625.8240000000001,115.1124
4250.25,601.377,113.00110000000001
4250.5,605.931,115.0283
4250.75,585.162,105.08170000000001
4251.0,592.369,106.8144
4251.25,567.462,106.7579
4251.5,541.783,106.29310000000001
4251.75,540.297,104.8588
4252.0,557.68,107.10139999999998
4252.25,567.576,111.95500000000001
4252.5,556.392,110.79440000000001
4252.75,535.54,107.0832
4253.0,532.149,108.68619999999999
4253.25,562.779,111.7676
4253.5,561.507,112.0589
4253.75,571.131,108.2074
4254.0,603.027,111.48049999999999
4254.25,624.252,111.6681
4254.5,628.383,113.11860000000001
4254.75,649.47,111.4803
4255.0,751.428,113.8657
4255.25,851.581,111.5
4255.5,861.234,114.8455
4255.75,939.3760000000001,113.4385
4256.0,1028.03,117.07920000000001
4256.25,992.575,114.69989999999999
4256.5,1067.4489999999998,124.94789999999999
4256.75,1121.779,131.0513
4257.0,1121.233,132.8742
4257.25,1167.2600000000002,145.5031
4257.5,1254.571,137.6522
4257.75,1442.472,152.2903
4258.0,1449.9360000000001,152.9566
4258.25,1461.038,155.9105
4258.5,1341.12,152.9199
4258.75,1338.357,154.0958
4259.0,1389.627,161.49450000000002
4259.25,1490.204,165.5513
4259.5,1453.799,157.8667
4259.75,1332.705,156.1299
4260.0,1368.629,147.82229999999998
4260.25,1343.863,148.3176
4260.5,1308.4180000000001,153.6728
4260.75,1359.971,155.37329999999997
4261.0,1250.183,153.2827
4261.25,1276.295,159.4567
4261.5,1231.909,157.0239
4261.75,1231.7020000000002,152.4152
4262.0,1149.768,152.6336
4262.25,1155.478,152.9589
4262.5,1170.386,148.924
4262.75,1101.8719999999998,142.8778
4263.0,1112.746,146.86679999999998
4263.25,1025.294,148.031
4263.5,1070.306,149.1164
4263.75,1096.927,145.3295
4264.0,1125.451,151.31619999999998
4264.25,1134.82,141.5651
4264.5,1026.0610000000001,126.9873
4264.75,961.303,129.7028
4265.0,944.923,125.55109999999999
4265.25,932.56,126.3408
4265.5,956.269,131.8811
4265.75,1083.9189999999999,131.4586
4266.0,1051.827,131.6154
4266.25,1040.453,126.19460000000001
4266.5,1040.975,129.0059
4266.75,1078.697,133.9502
4267.0,1036.384,130.1153
4267.25,1017.539,127.5152
4267.5,942.671,115.90010000000001
4267.75,854.9669999999999,110.75319999999999
4268.0,952.7090000000001,118.06360000000001
4268.25,988.1110000000001,125.1125
4268.5,948.5899999999999,121.9143
4268.75,920.5029999999999,115.71270000000001
4269.0,868.6979999999999,114.838
4269.25,849.061,116.4525
4269.5,854.7929999999999,112.75039999999998
4269.75,814.5559999999999,113.14920000000001
4270.0,813.576,115.87440000000001
4270.25,754.5360000000001,111.2913
4270.5,780.462,114.2214
4270.75,754.3580000000001,109.30420000000001
4271.0,717.042,109.9147
4271.25,717.5,109.33109999999999
4271.5,749.9820000000001,116.13459999999999
4271.75,732.154,110.5805
4272.0,713.069,111.1218
4272.25,658.46,103.8079
4272.5,625.595,97.3211
4272.75,628.5840000000001,91.5037
4273.0,616.5690000000001,92.81700000000001
4273.25,578.862,91.5469
4273.5,579.7840000000001,94.156
4273.75,567.9060000000001,93.1182
4274.0,568.582,99.1937
4274.25,546.006,97.36840000000001
4274.5,569.47,102.49339999999998
4274.75,551.631,100.5151
4275.0,536.875,102.7395
4275.25,520.866,102.2645
4275.5,512.4300000000001,101.02520000000001
4275.75,508.565,100.8486
4276.0,494.67400000000004,98.8437
4276.25,484.16700000000003,93.1253
4276.5,463.89099999999996,91.5051
4276.75,463.463,91.99539999999999
4277.0,485.558,95.6562
4277.25,509.084,95.0949
4277.5,508.42600000000004,95.7748
4277.75,533.425,99.29010000000001
4278.0,541.629,99.6688
4278.25,536.5269999999999,102.41669999999999
4278.5,545.9490000000001,100.38069999999999
4278.75,520.116,101.90370000000001
4279.0,535.5509999999999,102.44730000000001
4279.25,569.174,99.23490000000001
4279.5,561.837,96.53040000000001
4279.75,581.764,97.705
4280.0,530.586,100.58869999999999
4280.25,569.058,108.2658
4280.5,572.928,102.78659999999999
4280.75,601.743,106.85040000000001
4281.0,577.5120000000001,102.67349999999999
4281.25,556.593,100.0308
4281.5,620.448,102.59889999999999
4281.75,707.25,105.6447
4282.0,660.435,108.0394
4282.25,609.252,104.957
4282.5,579.246,101.5027
4282.75,590.962,102.37049999999999
4283.0,633.5310000000001,106.5137
4283.25,681.885,114.1916
4283.5,711.561,117.17830000000001
4283.75,780.0300000000001,123.5414
4284.0,777.567,123.99889999999999
4284.25,811.8389999999999,128.1853
4284.5,817.0980000000001,128.9174
4284.75,782.1579999999999,117.7331
4285.0,716.583,101.3921
4285.25,705.84,105.62950000000001
4285.5,698.19,109.79740000000001
4285.75,740.0429999999999,117.3495
4286.0,806.1080000000001,115.9445
4286.25,802.1700000000001,115.12020000000001
4286.5,786.245,118.5116
4286.75,788.0260000000001,118.6665
4287.0,813.576,114.2875
4287.25,815.1360000000001,113.3843
4287.5,739.0409999999999,109.55510000000001
4287.75,742.377,108.296
4288.0,788.1279999999999,113.29939999999999
4288.25,829.6989999999998,113.8158
4288.5,833.01,114.56790000000001
4288.75,831.441,119.8651
4289.0,819.22,118.69930000000001
4289.25,849.4200000000001,113.71279999999999
4289.5,929.818,111.7736
4289.75,910.171,114.0437
4290.0,878.3199999999999,115.66659999999999
4290.25,823.716,110.8677
4290.5,829.008,111.74589999999999
4290.75,848.575,110.54990000000001
4291.0,894.962,120.379
4291.25,882.547,117.04299999999998
4291.5,867.177,114.86519999999999
4291.75,865.335,117.384
4292.0,921.291,118.775
4292.25,960.3190000000001,121.97890000000001
4292.5,893.8389999999999,118.2578
4292.75,887.5540000000001,119.3911
4293.0,892.845,128.85770000000002
4293.25,878.953,125.1781
4293.5,855.673,122.99510000000001
4293.75,864.384,122.51610000000001
4294.0,824.3520000000001,118.0505
4294.25,794.4250000000001,111.2176
4294.5,764.644,110.6435
4294.75,739.4300000000001,107.17939999999999
4295.0,750.498,113.456
4295.25,765.1800000000001,115.36019999999999
4295.5,715.365,111.5932
4295.75,696.651,115.46039999999999
4296.0,710.193,114.8922
4296.25,712.167,114.89769999999999
4296.5,679.002,113.00719999999998
4296.75,630.16,113.9939
4297.0,634.162,119.24440000000001
4297.25,624.852,121.245
4297.5,601.998,112.00840000000001
4297.75,590.473,107.4773
4298.0,562.491,106.37930000000001
4298.25,529.3050000000001,105.435
4298.5,510.61499999999995,106.9331
4298.75,530.409,108.29010000000001
4299.0,513.578,104.38230000000001
4299.25,496.692,104.82469999999999
4299.5,493.355,103.02449999999999
4299.75,488.246,98.2496
4300.0,478.046,99.44570000000002
4300.25,476.903,104.94640000000001
4300.5,467.26699999999994,106.2718
4300.75,460.118,106.2885
4301.0,474.85999999999996,109.20850000000002
4301.25,482.685,109.10940000000001
4301.5,491.85799999999995,112.18010000000001
4301.75,491.904,111.4982
4302.0,511.506,107.8532
4302.25,500.139,105.0746
4302.5,478.19,104.626
4302.75,469.09899999999993,102.59729999999999
4303.0,497.24800000000005,106.8896
4303.25,517.299,108.16069999999999
4303.5,494.00699999999995,107.75450000000001
4303.75,502.839,105.93669999999999
4304.0,477.746,99.4417
4304.25,505.191,103.7097
4304.5,548.682,108.7728
4304.75,554.523,106.0964
4305.0,561.249,104.65469999999999
4305.25,592.4480000000001,111.6294
4305.5,601.174,110.2962
4305.75,612.79,109.0256
4306.0,613.164,105.0439
4306.25,595.515,103.1579
4306.5,515.085,95.7475
4306.75,550.543,97.8542
4307.0,613.773,100.67930000000001
4307.25,595.605,97.36019999999999
4307.5,611.2570000000001,96.70779999999999
4307.75,664.1759999999999,101.0585
4308.0,688.608,99.84389999999999
4308.25,724.611,102.2301
4308.5,671.952,101.4804
4308.75,670.1279999999999,107.1532
4309.0,654.993,109.6773
4309.25,618.9300000000001,108.4897
4309.5,635.61,109.2551
4309.75,715.044,112.7934
4310.0,700.392,105.94149999999999
4310.25,657.501,105.6045
4310.5,654.447,103.1028
4310.75,661.8409999999999,103.1377
4311.0,699.09,114.76110000000001
4311.25,700.571,116.8971
4311.5,691.605,115.0837
4311.75,691.572,112.97730000000001
4312.0,724.893,110.2365
4312.25,743.625,104.1739
4312.5,741.5880000000001,102.4623
4312.75,769.2359999999999,106.66669999999999
4313.0,772.59,110.9341
4313.25,737.852,106.99170000000001
4313.5,798.845,108.13680000000001
4313.75,793.5809999999999,109.2421
4314.0,818.46,112.51889999999999
4314.25,829.269,108.27030000000002
4314.5,880.0509999999999,111.22760000000001
4314.75,898.432,108.0708
4315.0,888.9250000000001,110.68109999999999
4315.25,848.6949999999999,105.744
4315.5,882.4289999999999,105.48649999999999
4315.75,935.716,108.8813
4316.0,931.2760000000001,111.8018
4316.25,844.203,107.39410000000001
4316.5,838.626,107.4926
4316.75,863.848,113.79360000000001
4317.0,867.6309999999999,115.2924
4317.25,863.601,117.1645
4317.5,874.6979999999999,120.39009999999999
4317.75,859.509,123.3327
4318.0,857.373,123.0512
4318.25,828.6210000000001,116.4261
4318.5,783.2259999999999,107.97460000000001
4318.75,775.9770000000001,112.371
4319.0,760.143,117.3843
4319.25,784.2740000000001,115.0336
4319.5,770.1299999999999,112.2696
4319.75,736.827,114.1495
4320.0,709.488,110.271
4320.25,719.4300000000001,108.6883
4320.5,680.346,105.45400000000001
4320.75,666.981,107.0624
4321.0,649.113,112.94630000000001
4321.25,633.738,131.8777
4321.5,618.798,135.302
4321.75,614.3710000000001,130.8004
4322.0,597.049,122.11090000000002
4322.25,577.1320000000001,122.23769999999999
4322.5,564.45,124.4226
4322.75,531.7270000000001,123.16059999999999
4323.0,539.22,124.42410000000001
4323.25,530.522,121.4711
4323.5,529.208,120.2487
4323.75,511.75700000000006,115.4708
4324.0,500.56600000000003,114.5531
4324.25,491.023,112.52869999999999
4324.5,479.269,110.17150000000001
4324.75,469.781,109.4222
4325.0,481.578,107.121
4325.25,493.804,111.99770000000001
4325.5,522.99,113.173
4325.75,512.007,114.548
4326.0,550.4639999999999,119.19340000000001
4326.25,587.638,117.1489
4326.5,616.486,119.6599
4326.75,640.1610000000001,122.19099999999999
4327.0,719.205,125.34
4327.25,838.6500000000001,136.027
4327.5,850.694,140.09019999999998
4327.75,947.2090000000001,137.60469999999998
4328.0,1008.178,140.2874
4328.25,1015.21,136.9119
4328.5,1091.35,136.5
4328.75,1076.1009999999999,141.3126
4329.0,1093.547,136.92079999999999
4329.25,1118.639,135.3759
4329.5,1124.9180000000001,146.9154
4329.75,1139.175,148.9513
4330.0,1189.988,146.5588
4330.25,1250.033,150.1726
4330.5,1176.2269999999999,145.4265
4330.75,1201.235,155.82420000000002
4331.0,1258.412,159.50820000000002
4331.25,1258.562,163.1437
4331.5,1275.7269999999999,162.084
4331.75,1271.517,158.7064
4332.0,1276.0120000000002,163.8283
4332.25,1259.702,162.477
4332.5,1303.9279999999999,155.5478
4332.75,1273.436,139.4451
4333.0,1195.508,138.1977
4333.25,1148.821,144.1447
4333.5,1088.288,146.1003
4333.75,1149.245,139.1396
4334.0,1194.545,145.1942
4334.25,1183.862,152.9826
4334.5,1160.262,152.05370000000002
4334.75,1127.464,149.8245
4335.0,1140.121,151.2187
4335.25,1129.4180000000001,152.1593
4335.5,1078.655,150.5699
4335.75,1058.269,139.76069999999999
4336.0,1093.8999999999999,137.3286
4336.25,1070.284,138.9373
4336.5,998.6510000000001,129.9462
4336.75,990.4680000000001,122.8333
4337.0,1023.046,127.8638
4337.25,973.597,124.5764
4337.5,949.192,117.61189999999999
4337.75,953.6469999999999,123.2894
4338.0,1012.203,118.3373
4338.25,1065.3129999999999,116.35910000000001
4338.5,1083.415,116.6435
4338.75,1096.835,122.11079999999998
4339.0,1078.058,122.17249999999999
4339.25,1084.536,126.9032
4339.5,1060.201,123.0101
4339.75,1054.224,124.2432
4340.0,1090.781,125.1354
4340.25,1099.7930000000001,126.0137
4340.5,1024.061,127.14659999999999
4340.75,1040.267,126.4969
4341.0,1028.2469999999998,121.18030000000002
4341.25,947.292,118.05860000000001
4341.5,935.6700000000001,113.0998
4341.75,949.722,108.3544
4342.0,881.034,104.1412
4342.25,878.7529999999999,101.7251
4342.5,932.835,111.2458
4342.75,893.319,115.358
4343.0,795.4859999999999,106.05780000000001
4343.25,807.387,108.11679999999998
4343.5,793.392,110.70989999999999
4343.75,782.97,114.20779999999999
4344.0,751.27,109.89189999999999
4344.25,705.3240000000001,105.7774
4344.5,693.492,103.09540000000001
4344.75,680.877,105.73150000000001
4345.0,634.116,108.103
4345.25,618.1560000000001,105.8873
4345.5,617.607,103.5917
4345.75,612.192,107.2106
4346.0,610.846,106.14329999999998
4346.25,601.323,106.8736
4346.5,576.037,104.21969999999999
4346.75,577.047,100.2779
4347.0,561.591,104.55030000000001
4347.25,573.46,109.1541
4347.5,547.717,106.69669999999999
4347.75,534.903,104.3852
4348.0,498.576,105.0368
4348.25,512.136,109.69569999999999
4348.5,485.241,108.4428
4348.75,486.97900000000004,108.131
4349.0,504.17900000000003,109.99859999999998
4349.25,522.606,110.49949999999998
4349.5,511.279,109.4946
4349.75,523.751,107.58940000000001
4350.0,557.9250000000001,109.3623
4350.25,604.071,114.9134
4350.5,632.886,115.68610000000001
4350.75,646.815,115.1788
4351.0,725.149,105.17339999999999
4351.25,815.9190000000001,109.39880000000001
4351.5,870.655,113.13550000000001
4351.75,905.864,119.8402
4352.0,1005.0249999999999,124.9896
4352.25,1026.4630000000002,135.9991
4352.5,1069.238,144.12439999999998
4352.75,1102.246,155.2241
4353.0,1167.1419999999998,145.7134
4353.25,1215.399,158.6134
4353.5,1204.769,159.2542
4353.75,1203.188,156.76319999999998
4354.0,1209.476,151.0587
4354.25,1196.393,142.4937
4354.5,1128.104,143.3311
4354.75,1202.043,142.4658
4355.0,1277.4769999999999,140.5705
4355.25,1307.574,144.8985
4355.5,1287.807,146.9471
4355.75,1324.28,158.496
4356.0,1306.55,146.0891
4356.25,1277.146,154.4359
4356.5,1311.4070000000002,149.4887
4356.75,1305.3719999999998,152.8905
4357.0,1248.317,145.947
4357.25,1220.082,140.4003
4357.5,1121.351,136.34210000000002
4357.75,1175.0149999999999,136.5884
4358.0,1164.045,136.8558
4358.25,1167.702,133.2853
4358.5,1145.345,143.2808
4358.75,1159.272,142.2587
4359.0,1119.386,138.62800000000001
4359.25,1223.474,138.2439
4359.5,1123.596,130.362
4359.75,1141.8229999999999,137.2509
4360.0,1113.545,130.78179999999998
4360.25,1079.384,141.839
4360.5,1084.078,140.6196
4360.75,1138.3580000000002,149.9873
4361.0,1122.889,157.8132
4361.25,1069.606,143.4372
4361.5,1035.2020000000002,141.86610000000002
4361.75,1113.1150000000002,143.1656
4362.0,1126.056,140.4035
4362.25,1153.249,132.03590000000003
4362.5,1145.471,126.60480000000001
4362.75,1140.351,134.77
4363.0,1116.0140000000001,137.0037
4363.25,1121.7980000000002,132.5514
4363.5,1117.388,130.7836
4363.75,1170.476,137.80720000000002
4364.0,1147.97,128.1692
4364.25,1173.551,129.5797
4364.5,1153.061,128.8226
4364.75,1116.197,129.52530000000002
4365.0,1119.159,131.6783
4365.25,1092.132,133.36610000000002
4365.5,1058.9279999999999,126.90390000000001
4365.75,1008.912,116.23070000000001
4366.0,990.4200000000001,120.5954
4366.25,962.208,117.95970000000001
4366.5,989.1120000000001,116.3358
4366.75,917.028,117.1953
4367.0,909.156,118.5658
4367.25,893.5260000000001,118.3444
4367.5,878.386,115.12209999999999
4367.75,864.36,112.4564
4368.0,826.8399999999999,110.96360000000001
4368.25,798.241,111.93889999999999
4368.5,723.942,97.9605
4368.75,708.99,100.7388
4369.0,709.1370000000001,102.8289
4369.25,676.8689999999999,98.7309
4369.5,664.4590000000001,96.885
4369.75,648.095,96.98389999999999
4370.0,634.11,99.55349999999999
4370.25,610.1370000000001,98.9675
4370.5,601.716,102.5668
4370.75,585.441,103.0428
4371.0,592.146,103.9678
4371.25,584.961,102.815
4371.5,577.4639999999999,105.9099
4371.75,596.919,109.0897
4372.0,642.104,104.1861
4372.25,632.2620000000001,103.6704
4372.5,655.826,103.52029999999999
4372.75,621.504,100.27669999999999
4373.0,599.521,97.6155
4373.25,592.516,95.7928
4373.5,560.859,97.35640000000001
4373.75,569.649,96.9243
4374.0,610.6089999999999,99.7075
4374.25,664.317,101.2171
4374.5,667.941,102.10029999999999
4374.75,709.419,101.23319999999998
4375.0,810.6370000000001,102.23580000000001
4375.25,880.6150000000001,102.8571
4375.5,930.3040000000001,110.64700000000002
4375.75,1048.315,119.9736
4376.0,1091.376,118.1891
4376.25,1128.7,124.3521
4376.5,1178.354,134.30200000000002
4376.75,1217.8110000000001,136.66649999999998
4377.0,1278.644,138.6679
4377.25,1306.1599999999999,141.0226
4377.5,1249.7359999999999,132.1382
4377.75,1227.164,136.8068
4378.0,1196.924,134.4998
4378.25,1169.054,137.30599999999998
4378.5,1147.281,136.7449
4378.75,1248.4070000000002,140.0374
4379.0,1325.509,141.6977
4379.25,1341.623,149.3794
4379.5,1318.547,148.3637
4379.75,1324.101,147.4439
4380.0,1296.578,143.0054
4380.25,1348.798,149.7049
4380.5,1337.0810000000001,150.79070000000002
4380.75,1357.2420000000002,149.9445
4381.0,1264.193,145.4619
4381.25,1173.026,132.3968
4381.5,1103.6779999999999,131.1549
4381.75,1200.2330000000002,135.4721
4382.0,1224.9769999999999,129.487
4382.25,1176.089,129.3709
4382.5,1147.827,131.3031
4382.75,1117.4,125.61610000000002
4383.0,1188.422,127.54139999999998
4383.25,1126.856,130.8095
4383.5,1363.598,143.34109999999998
4383.75,1359.9560000000001,140.784
4384.0,1391.536,146.839
4384.25,1363.583,140.8812
4384.5,1374.1460000000002,149.3083
4384.75,1321.708,149.38729999999998
4385.0,1239.385,148.05190000000002
4385.25,1261.816,149.1307
4385.5,1328.5149999999999,143.25220000000002
4385.75,1362.091,146.7525
4386.0,1384.5539999999999,145.0725
4386.25,1381.566,147.5613
4386.5,1358.109,149.41809999999998
4386.75,1378.6799999999998,157.9032
4387.0,1395.99,168.3486
4387.25,1396.571,188.74439999999998
4387.5,1475.223,168.2336
4387.75,1441.821,159.6419
4388.0,1461.597,156.5602
4388.25,1430.6550000000002,161.8282
4388.5,1329.83,153.0962
4388.75,1462.9389999999999,172.7739
4389.0,1472.1390000000001,170.239
4389.25,1439.729,162.1043
4389.5,1378.205,145.8587
4389.75,1312.938,140.8852
4390.0,1023.546,122.66269999999999
4390.25,1001.7669999999998,121.4639
4390.5,967.693,120.0325
4390.75,939.5550000000001,112.60069999999999
4391.0,987.4289999999999,122.9768
4391.25,920.29,118.8612
4391.5,885.1409999999998,112.04759999999999
4391.75,892.656,105.9999
4392.0,869.985,105.1028
4392.25,809.402,100.81959999999998
4392.5,807.9759999999999,103.6669
4392.75,755.932,104.6595
4393.0,753.135,111.7158
4393.25,769.05,112.99620000000002
4393.5,700.5360000000001,113.2278
4393.75,696.738,116.36959999999999
4394.0,677.759,118.0804
4394.25,718.6800000000001,125.79240000000001
4394.5,682.968,123.41229999999999
4394.75,728.403,125.0137
4395.0,694.53,121.3733
4395.25,642.126,119.122
4395.5,614.158,117.90890000000002
4395.75,602.5319999999999,115.0848
4396.0,589.065,109.8469
4396.25,586.395,105.0627
4396.5,594.445,106.3913
4396.75,581.8499999999999,106.7083
4397.0,584.0310000000001,107.6777
4397.25,597.639,109.65090000000001
4397.5,617.889,110.711
4397.75,632.2439999999999,106.2723
4398.0,684.414,108.08550000000001
4398.25,715.071,111.6504
4398.5,732.48,107.3879
4398.75,804.034,111.72370000000001
4399.0,853.8810000000001,113.3015
4399.25,911.473,114.8577
4399.5,931.226,111.9369
4399.75,1159.7259999999999,139.6072
4400.0,1028.025,125.17439999999999
4400.25,1062.929,115.8026
4400.5,1064.463,120.1564
4400.75,1047.047,122.6471
4401.0,1098.324,134.4632
4401.25,1151.708,136.1875
4401.5,1152.476,140.73489999999998
4401.75,1188.893,132.8587
4402.0,1227.203,141.3703
4402.25,1178.8580000000002,136.98770000000002
4402.5,1087.8600000000001,132.4509
4402.75,1115.438,139.3701
4403.0,1230.329,143.6634
4403.25,1258.652,141.1363
4403.5,1291.301,145.785
4403.75,1237.0810000000001,154.8047
4404.0,1177.427,136.50920000000002
4404.25,1160.681,134.0422
4404.5,1176.641,144.4672
4404.75,1116.917,135.2324
4405.0,1099.343,135.3464
4405.25,1072.7930000000001,130.6196
4405.5,1051.4160000000002,138.7783
4405.75,1072.264,139.3868
4406.0,1074.638,143.1513
4406.25,1065.2060000000001,133.7106
4406.5,1064.087,132.8514
4406.75,1076.163,140.0953
4407.0,1083.31,134.15390000000002
4407.25,967.864,134.02710000000002
4407.5,973.7890000000001,128.2066
4407.75,996.868,136.981
4408.0,1004.486,132.93189999999998
4408.25,954.8889999999999,127.202
4408.5,909.7370000000001,124.41390000000001
4408.75,917.0830000000001,126.256
4409.0,886.9569999999999,121.549
4409.25,864.9489999999998,120.6685
4409.5,887.2719999999999,117.59639999999999
4409.75,951.931,125.0729
4410.0,975.5169999999998,117.9459
4410.25,970.922,117.85990000000001
4410.5,1022.123,118.191
4410.75,999.353,120.9438
4411.0,974.3589999999999,121.9131
4411.25,1057.73,117.5895
4411.5,1009.28,113.09939999999999
4411.75,1005.1579999999999,110.4454
4412.0,1027.154,114.4568
4412.25,1000.8139999999999,115.16380000000001
4412.5,995.1019999999999,116.08870000000002
4412.75,922.433,114.95919999999998
4413.0,939.508,114.9821
4413.25,937.4069999999999,116.3759
4413.5,916.7529999999999,115.5915
4413.75,886.8129999999999,114.01840000000001
4414.0,932.1070000000001,116.08269999999999
4414.25,911.657,110.7406
4414.5,858.147,106.7308
4414.75,846.183,109.3815
4415.0,884.5550000000001,114.2613
4415.25,829.526,114.91579999999999
4415.5,765.858,108.63
4415.75,768.693,107.42219999999999
4416.0,723.162,108.7246
4416.25,748.06,112.55510000000001
4416.5,712.226,106.26330000000002
4416.75,679.986,110.11399999999999
4417.0,677.928,110.65650000000001
4417.25,643.974,106.1062
4417.5,655.422,97.89829999999999
4417.75,643.8000000000001,97.94959999999999
4418.0,645.414,98.83699999999999
4418.25,620.745,94.9714
4418.5,607.9960000000001,94.4681
4418.75,605.0550000000001,95.77499999999999
4419.0,595.4490000000001,95.27850000000001
4419.25,594.528,100.475
4419.5,557.112,100.7653
4419.75,561.87,104.0159
4420.0,564.139,102.95930000000001
4420.25,559.72,101.8606
4420.5,548.4060000000001,100.37709999999998
4420.75,558.921,104.643
4421.0,549.952,105.1522
4421.25,595.9590000000001,105.1037
4421.5,574.935,103.3749
4421.75,574.356,103.40480000000001
4422.0,620.407,109.2952
4422.25,616.884,107.987
4422.5,618.78,102.53739999999999
4422.75,664.2929999999999,103.905
4423.0,762.288,101.9316
4423.25,843.0819999999999,104.97369999999998
4423.5,851.9679999999998,110.22149999999999
4423.75,960.667,132.8281
4424.0,927.133,121.322
4424.25,967.8190000000001,118.95270000000001
4424.5,1024.979,131.2514
4424.75,1046.701,140.8707
4425.0,1148.639,144.3568
4425.25,1193.9569999999999,142.9916
4425.5,1182.9360000000001,152.9813
4425.75,1214.912,157.0438
4426.0,1210.067,147.5395
4426.25,1202.791,151.74509999999998
4426.5,1150.9630000000002,151.0211
4426.75,1189.923,147.50979999999998
4427.0,1288.221,147.8441
4427.25,1210.077,142.035
4427.5,1228.7839999999999,149.3462
4427.75,1182.488,147.5718
4428.0,1155.4940000000001,140.4946
4428.25,1129.211,137.8423
4428.5,1072.913,130.5536
4428.75,1042.3000000000002,135.0146
4429.0,953.721,129.62720000000002
4429.25,913.03,132.22109999999998
4429.5,908.3619999999999,135.6447
4429.75,908.0319999999999,133.1601
4430.0,916.102,129.6774
4430.25,910.96,127.1721
4430.5,878.658,131.9389
4430.75,847.5070000000001,123.6044
4431.0,812.443,118.4288
4431.25,842.719,116.1056
4431.5,785.094,112.0562
4431.75,789.7210000000001,112.4327
4432.0,817.0339999999999,119.4219
4432.25,836.2159999999999,117.66130000000001
4432.5,808.528,112.2652
4432.75,778.056,111.38810000000001
4433.0,730.672,115.1429
4433.25,816.667,125.4039
4433.5,812.6469999999999,126.4187
4433.75,809.98,111.57829999999998
4434.0,830.891,110.66159999999999
4434.25,874.164,109.1654
4434.5,883.0100000000001,109.13380000000001
4434.75,860.717,107.5176
4435.0,850.461,108.1272
4435.25,852.2249999999999,105.41840000000002
4435.5,897.4259999999999,109.3022
4435.75,866.6610000000001,110.8632
4436.0,829.7249999999999,107.0627
4436.25,821.9359999999999,110.2622
4436.5,784.1270000000001,107.8538
4436.75,796.219,112.53810000000001
4437.0,826.5450000000001,108.25250000000001
4437.25,802.2919999999999,103.8673
4437.5,813.729,104.18439999999998
4437.75,748.335,102.7389
4438.0,728.739,99.2183
4438.25,721.673,102.0297
4438.5,676.589,103.37530000000001
4438.75,636.6600000000001,102.454
4439.0,651.551,102.9485
4439.25,666.56,109.14440000000002
4439.5,676.976,110.6554
4439.75,681.813,104.8108
4440.0,661.001,104.35929999999999
4440.25,684.38,109.51689999999999
4440.5,633.33,106.1651
4440.75,552.4259999999999,107.07579999999999
4441.0,550.446,108.831
4441.25,566.1750000000001,106.0127
4441.5,547.134,103.3288
4441.75,545.352,102.99029999999999
4442.0,556.4110000000001,105.31479999999999
4442.25,517.632,103.6705
4442.5,516.425,102.7105
4442.75,495.85999999999996,105.29520000000001
4443.0,509.076,102.80170000000001
4443.25,525.047,106.08539999999999
4443.5,482.293,101.0983
4443.75,477.85400000000004,104.6629
4444.0,459.005,101.20259999999999
4444.25,487.736,102.5316
4444.5,456.425,100.548
4444.75,471.685,100.8048
4445.0,472.84400000000005,98.3547
4445.25,483.569,94.1559
4445.5,479.347,88.8573
4445.75,467.60699999999997,89.5262
4446.0,498.34799999999996,89.9055
4446.25,509.325,89.0926
4446.5,515.38,89.91159999999999
4446.75,509.956,91.7563
4447.0,501.19300000000004,88.7762
4447.25,529.597,86.6772
4447.5,528.885,88.6876
4447.75,526.4770000000001,89.1094
4448.0,453.961,87.7668
4448.25,471.04200000000003,86.648
4448.5,485.28099999999995,86.43350000000001
4448.75,533.539,92.944
4449.0,514.644,95.8404
4449.25,591.61,98.8963
4449.5,577.162,97.73679999999999
4449.75,575.146,98.44809999999998
4450.0,581.155,99.6454
4450.25,607.783,97.1293
4450.5,507.84900000000005,94.56219999999999
4450.75,526.671,95.0309
4451.0,542.403,93.4809
4451.25,566.56,95.5467
4451.5,587.115,99.7346
4451.75,650.967,108.94239999999999
4452.0,675.669,108.6651
4452.25,713.514,110.55160000000001
4452.5,703.683,112.6059
4452.75,686.511,111.1969
4453.0,579.075,112.4673
4453.25,562.049,113.33840000000001
4453.5,575.2439999999999,109.7895
4453.75,621.042,110.30380000000001
4454.0,618.717,119.20830000000001
4454.25,587.101,114.3991
4454.5,600.564,115.61760000000001
4454.75,562.233,117.44479999999999
4455.0,686.652,130.6613
4455.25,940.4580000000001,142.0893
4455.5,908.3130000000001,141.2503
4455.75,869.364,140.4672
4456.0,915.675,142.7254
4456.25,899.617,131.4357
4456.5,834.2470000000001,126.9248
4456.75,807.899,123.7406
4457.0,914.96,127.03219999999999
4457.25,930.7739999999999,132.4556
4457.5,961.692,129.8087
4457.75,1003.0889999999999,136.8458
4458.0,1062.868,140.7142
4458.25,1143.657,139.7913
4458.5,1086.1699999999998,132.0886
4458.75,1044.188,135.5367
4459.0,1142.694,142.38039999999998
4459.25,1096.984,138.678
4459.5,1178.509,140.1877
4459.75,1169.842,137.4873
4460.0,1111.597,137.0695
4460.25,1048.896,135.01409999999998
4460.5,1100.666,140.7609
4460.75,1103.487,146.5543
4461.0,1155.6009999999999,149.8192
4461.25,1055.905,144.0111
4461.5,1034.129,142.4641
4461.75,1060.856,142.43290000000002
4462.0,1073.856,142.7659
4462.25,1040.6799999999998,134.0266
4462.5,788.373,114.0152
4462.75,710.7929999999999,109.2967
4463.0,732.096,111.75800000000001
4463.25,682.736,110.1035
4463.5,669.797,108.47649999999999
4463.75,632.007,103.9058
4464.0,618.292,105.68530000000001
4464.25,593.775,105.8541
4464.5,569.183,107.4359
4464.75,574.572,108.1095
4465.0,568.134,112.46000000000001
4465.25,555.7439999999999,107.3638
4465.5,559.56,107.57119999999999
4465.75,554.67,106.93390000000001
4466.0,508.626,108.8217
4466.25,481.45099999999996,102.9151
4466.5,468.735,99.23179999999999
4466.75,451.919,100.4804
4467.0,444.572,99.97210000000001
4467.25,454.067,101.6105
4467.5,459.339,102.431
4467.75,463.895,105.84899999999999
4468.0,442.825,102.37150000000001
4468.25,462.514,102.33930000000001
4468.5,424.25300000000004,101.6703
4468.75,433.25,102.3375
4469.0,445.074,106.118
4469.25,456.04599999999994,103.9053
4469.5,460.25699999999995,105.1995
4469.75,457.37300000000005,107.46809999999999
4470.0,455.336,104.7045
4470.25,465.595,107.3085
4470.5,475.14199999999994,106.53399999999999
4470.75,465.22900000000004,100.01989999999999
4471.0,468.682,97.26859999999999
4471.25,476.98900000000003,96.9075
4471.5,472.485,95.7317
4471.75,472.591,92.6916
4472.0,437.005,89.4744
4472.25,461.197,90.49
4472.5,535.53,93.82300000000001
4472.75,552.15,92.84110000000001
4473.0,583.457,98.5957
4473.25,566.493,97.1475
4473.5,588.1179999999999,99.05189999999999
4473.75,585.45,100.7476
4474.0,600.057,100.6954
4474.25,592.404,100.2971
4474.5,532.2349999999999,98.527
4474.75,577.575,101.10759999999999
4475.0,633.7860000000001,98.8604
4475.25,645.97,100.1455
4475.5,669.87,105.9695
4475.75,728.514,114.0969
4476.0,679.3499999999999,111.477
4476.25,660.705,111.4623
4476.5,640.143,108.7561
4476.75,624.741,108.3827
4477.0,563.697,108.66799999999998
4477.25,535.405,107.41470000000001
4477.5,553.278,111.322
4477.75,572.34,107.3536
4478.0,580.108,108.9879
4478.25,600.662,110.7861
4478.5,627.567,105.46470000000001
4478.75,599.634,104.4038
4479.0,638.649,108.1193
4479.25,664.614,108.7657
4479.5,645.468,112.69890000000001
4479.75,657.534,114.0211
4480.0,625.935,109.2353
4480.25,643.873,106.9933
4480.5,636.063,107.1125
4480.75,631.554,104.1264
4481.0,591.669,98.7704
4481.25,629.052,100.41520000000001
4481.5,668.119,105.78869999999999
4481.75,669.783,103.255
4482.0,698.061,111.05879999999999
4482.25,764.349,109.7215
4482.5,777.5640000000001,107.2086
4482.75,811.659,109.5818
4483.0,791.961,107.8531
4483.25,820.7429999999999,110.6081
4483.5,801.2559999999999,108.75139999999999
4483.75,832.5630000000001,113.6776
4484.0,781.578,108.257
4484.25,794.5740000000001,110.02420000000001
4484.5,812.061,111.872
4484.75,809.942,110.43290000000002
4485.0,783.8080000000001,113.12549999999999
4485.25,794.289,114.731
4485.5,764.259,114.33200000000001
4485.75,769.3779999999999,111.02969999999999
4486.0,774.798,110.6241
4486.25,763.51,105.44839999999999
4486.5,738.045,108.1844
4486.75,707.655,105.73679999999999
4487.0,678.936,102.77829999999999
4487.25,676.221,106.68759999999999
4487.5,716.565,108.4299
4487.75,707.4449999999999,110.33550000000001
4488.0,673.2719999999999,108.2062
4488.25,664.842,110.6846
4488.5,611.7629999999999,103.67869999999999
4488.75,573.9549999999999,101.1104
4489.0,575.082,103.4653
4489.25,578.454,107.0263
4489.5,600.642,115.4567
4489.75,550.527,112.641
4490.0,550.45,113.5609
4490.25,543.4259999999999,113.9861
4490.5,540.159,115.4914
4490.75,531.173,115.8783
4491.0,529.217,116.58630000000001
4491.25,523.3499999999999,119.78229999999999
4491.5,521.975,121.8305
4491.75,492.79599999999994,116.27359999999999
4492.0,485.099,113.31709999999998
4492.25,481.76500000000004,112.40480000000001
4492.5,490.866,112.37300000000002
4492.75,470.144,112.0875
4493.0,502.449,118.5375
4493.25,504.11400000000003,115.45919999999998
4493.5,499.01,109.8592
4493.75,501.30000000000007,107.9076
4494.0,518.293,108.1461
4494.25,552.3000000000001,105.13389999999998
4494.5,532.527,102.81540000000001
4494.75,592.74,115.7233
4495.0,685.0909999999999,118.8075
4495.25,739.774,123.6702
4495.5,754.386,124.47630000000001
4495.75,817.59,123.5892
4496.0,871.078,126.77950000000001
4496.25,941.7270000000001,144.9297
4496.5,1002.4569999999999,157.9839
4496.75,1001.788,151.6465
4497.0,1020.251,148.5454
4497.25,1064.44,146.879
4497.5,1063.846,145.4029
4497.75,1092.145,136.7378
4498.0,1099.9180000000001,142.76330000000002
4498.25,1092.883,147.5887
4498.5,1064.857,139.6949
4498.75,1083.797,147.4139
4499.0,1172.716,142.7216
4499.25,1197.2330000000002,141.928
4499.5,1232.297,149.2086
4499.75,1223.1950000000002,153.3093
4500.0,1258.1840000000002,151.41230000000002
4500.25,1196.123,138.9573
4500.5,1184.675,140.7147
4500.75,1196.7939999999999,131.5222
4501.0,1081.43,140.12310000000002
4501.25,1071.1750000000002,139.8352
4501.5,1094.4370000000001,135.0667
4501.75,1067.531,139.4905
4502.0,1052.239,136.8924
4502.25,1034.288,135.9804
4502.5,953.3589999999999,137.6881
4502.75,963.2740000000001,130.5711
4503.0,962.896,126.5526
4503.25,964.648,132.0269
4503.5,915.0070000000001,128.7057
4503.75,911.9949999999999,131.8657
4504.0,930.0430000000001,128.6054
4504.25,928.561,128.9341
4504.5,889.9180000000001,123.6023
4504.75,870.784,124.04419999999999
4505.0,865.6870000000001,126.8629
4505.25,806.224,116.3005
4505.5,852.2590000000001,110.6799
4505.75,906.4390000000001,117.9708
4506.0,948.221,117.8116
4506.25,942.3709999999999,116.93189999999998
4506.5,938.057,112.1687
4506.75,952.8470000000001,109.8752
4507.0,933.95,114.02799999999999
4507.25,953.5909999999999,116.1599
4507.5,982.777,119.2321
4507.75,1018.042,121.25370000000001
4508.0,969.929,124.40290000000002
4508.25,916.1120000000001,122.5378
4508.5,898.461,120.89450000000001
4508.75,905.3009999999999,120.2392
4509.0,923.5840000000001,123.5053
4509.25,889.4669999999999,124.69040000000001
4509.5,875.167,121.39250000000001
4509.75,844.845,122.9366
4510.0,857.844,121.3794
4510.25,841.521,120.92070000000001
4510.5,788.076,115.7921
4510.75,771.9449999999999,115.7663
4511.0,811.1610000000001,115.9084
4511.25,775.08,116.5641
4511.5,765.48,113.40640000000002
4511.75,721.8230000000001,111.1928
4512.0,718.0419999999999,116.9717
4512.25,673.385,116.52340000000001
4512.5,591.031,105.4846
4512.75,606.3689999999999,113.06269999999999
4513.0,604.395,114.644
4513.25,598.033,114.8258
4513.5,580.107,119.13650000000001
4513.75,562.183,118.4741
4514.0,550.665,119.283
4514.25,512.666,108.6482
4514.5,502.933,108.1626
4514.75,499.629,107.37190000000001
4515.0,487.96000000000004,105.59649999999999
4515.25,510.879,105.88220000000001
4515.5,495.73,107.225
4515.75,490.54100000000005,109.27010000000001
4516.0,492.90600000000006,109.4375
4516.25,505.248,105.90690000000001
4516.5,503.111,107.602
4516.75,466.687,104.6019
4517.0,475.302,104.4808
4517.25,485.042,102.9931
4517.5,479.139,103.8449
4517.75,476.39200000000005,102.4787
4518.0,516.5530000000001,106.84410000000001
4518.25,518.2850000000001,108.4896
4518.5,562.387,107.36839999999998
4518.75,591.708,110.95419999999999
4519.0,686.415,115.70409999999998
4519.25,763.9929999999999,109.48910000000001
4519.5,783.753,110.7267
4519.75,825.8049999999998,119.06530000000001
4520.0,840.1030000000001,116.0167
4520.25,895.435,125.6685
4520.5,845.35,124.1965
4520.75,889.1560000000001,137.49360000000001
4521.0,951.409,139.40800000000002
4521.25,958.627,139.11759999999998
4521.5,1001.406,142.9105
4521.75,961.3420000000001,143.0214
4522.0,944.6990000000001,133.2648
4522.25,878.932,130.29160000000002
4522.5,838.972,130.0333
4522.75,858.2620000000001,125.4939
4523.0,976.193,138.9031
4523.25,987.2090000000001,130.8585
4523.5,1079.093,142.81419999999997
4523.75,1098.439,138.0331
4524.0,1023.322,146.2705
4524.25,982.5129999999999,145.4348
4524.5,972.3910000000001,145.45850000000002
4524.75,992.4370000000001,137.986
4525.0,860.068,130.1215
4525.25,844.816,120.30359999999999
4525.5,849.655,126.9668
4525.75,787.915,118.166
4526.0,785.7560000000001,117.4508
4526.25,768.0219999999999,107.1954
4526.5,773.6949999999999,109.4704
4526.75,737.8910000000001,113.53979999999999
4527.0,723.3910000000001,113.7321
4527.25,710.057,115.3337
4527.5,664.532,109.1545
4527.75,682.772,108.3719
4528.0,715.991,113.8561
4528.25,730.312,108.98
4528.5,738.6750000000001,111.9108
4528.75,731.2180000000001,108.0618
4529.0,718.303,110.70490000000001
4529.25,739.941,113.41460000000001
4529.5,789.8670000000001,126.5508
4529.75,816.048,130.85909999999998
4530.0,862.766,126.8456
4530.25,946.289,132.8504
4530.5,962.801,139.3404
4530.75,935.8799999999999,135.6772
4531.0,962.538,135.2737
4531.25,943.1540000000001,131.3475
4531.5,950.387,126.2088
4531.75,889.686,119.77080000000001
4532.0,891.1730000000001,119.6876
4532.25,778.512,113.36869999999999
4532.5,798.557,116.7935
4532.75,799.406,115.1078
4533.0,779.4390000000001,115.3998
4533.25,781.849,118.1589
4533.5,772.8340000000001,118.5479
4533.75,796.9859999999999,118.315
4534.0,813.0529999999999,124.1677
4534.25,746.3760000000001,117.16699999999999
4534.5,741.47,114.8611
4534.75,717.3240000000001,115.17439999999999
4535.0,713.375,109.55120000000001
4535.25,763.027,111.1579
4535.5,659.973,112.9794
4535.75,589.526,108.0688
4536.0,633.6859999999999,110.0221
4536.25,568.763,105.85289999999999
4536.5,544.152,104.99680000000001
4536.75,478.12,102.2569
4537.0,485.26800000000003,105.70309999999999
4537.25,517.367,114.65129999999999
4537.5,554.484,114.9105
4537.75,514.831,109.2967
4538.0,532.671,112.40780000000001
4538.25,519.015,110.64189999999999
4538.5,522.0690000000001,112.0686
4538.75,529.88,120.03330000000001
4539.0,495.48499999999996,118.6738
4539.25,502.795,117.86580000000001
4539.5,498.668,118.96009999999998
4539.75,489.888,119.5583
4540.0,511.42199999999997,121.9136
4540.25,503.833,119.8887
4540.5,480.00899999999996,119.1545
4540.75,491.87,118.6603
4541.0,480.46000000000004,118.39399999999999
4541.25,474.614,115.2269
4541.5,492.101,117.2293
4541.75,481.81500000000005,107.9786
4542.0,535.355,113.0031
4542.25,548.251,113.52690000000001
4542.5,560.8499999999999,115.4612
4542.75,638.0999999999999,118.0821
4543.0,730.377,113.10170000000001
4543.25,756.771,119.2742
4543.5,830.1700000000001,120.75030000000001
4543.75,919.258,129.7945
4544.0,878.1179999999999,127.17160000000001
4544.25,885.345,125.2012
4544.5,935.566,135.1104
4544.75,959.9440000000001,135.34980000000002
4545.0,1041.991,133.04149999999998
4545.25,1062.017,133.921
4545.5,1108.105,141.7532
4545.75,1076.429,135.0298
4546.0,1106.7400000000002,132.3469
4546.25,1130.605,141.0747
4546.5,1115.132,148.4741
4546.75,1138.576,148.1042
4547.0,1214.845,154.1969
4547.25,1217.8029999999999,143.2861
4547.5,1240.916,148.4141
4547.75,1247.845,147.4984
4548.0,1213.344,150.1106
4548.25,1196.983,159.8906
4548.5,1168.681,148.9847
4548.75,1158.6019999999999,152.6207
4549.0,1064.176,143.9441
4549.25,1123.861,149.36599999999999
4549.5,1090.805,141.5385
4549.75,1111.319,138.3337
4550.0,1107.333,143.0565
4550.25,1133.884,142.4494
4550.5,1090.6150000000002,146.6846
4550.75,1048.3809999999999,143.5575
4551.0,1019.1469999999999,147.536
4551.25,1005.529,146.61010000000002
4551.5,1034.381,141.502
4551.75,1014.854,144.6318
4552.0,1023.22,139.36249999999998
4552.25,998.397,132.9359
4552.5,991.1270000000001,131.7454
4552.75,933.0129999999999,123.9151
4553.0,951.85,133.7278
4553.25,922.231,129.938
4553.5,897.379,127.5024
4553.75,967.528,137.6744
4554.0,913.763,129.1285
4554.25,939.844,123.6648
4554.5,908.8820000000001,118.92609999999999
4554.75,975.887,124.196
4555.0,967.259,125.5777
4555.25,888.8520000000001,129.1003
4555.5,879.641,130.2354
4555.75,893.538,129.8464
4556.0,940.5799999999999,132.5679
4556.25,910.7460000000001,130.2276
4556.5,881.5519999999999,125.5642
4556.75,919.088,130.30089999999998
4557.0,938.1360000000001,131.2295
4557.25,891.644,125.95160000000001
4557.5,897.883,124.84110000000001
4557.75,864.654,121.82900000000001
4558.0,882.648,126.74690000000001
4558.25,916.943,129.38920000000002
4558.5,838.5559999999999,124.28549999999998
4558.75,789.545,117.9135
4559.0,795.6640000000001,120.6886
4559.25,803.197,120.7027
4559.5,767.4830000000001,123.0521
4559.75,761.616,121.6334
4560.0,734.258,114.72410000000002
4560.25,702.248,111.58510000000001
4560.5,673.322,108.38069999999999
4560.75,647.9939999999999,113.7827
4561.0,637.6949999999999,115.7732
4561.25,608.112,108.12950000000001
4561.5,602.8199999999999,106.03200000000001
4561.75,589.572,107.1686
4562.0,619.557,108.9212
4562.25,634.818,112.79240000000001
4562.5,659.895,111.6979
4562.75,701.81,113.59019999999998
4563.0,680.655,112.3478
4563.25,633.045,109.76150000000001
4563.5,602.769,109.37390000000002
4563.75,586.611,111.2028
4564.0,587.0160000000001,109.3594
4564.25,567.664,110.54569999999998
4564.5,552.39,105.451
4564.75,581.498,107.0478
4565.0,583.606,104.7116
4565.25,650.697,107.3289
4565.5,611.928,108.2786
4565.75,608.173,109.7526
4566.0,655.566,109.5147
4566.25,642.375,108.6845
4566.5,634.74,113.2194
4566.75,685.11,118.6547
4567.0,762.352,118.9387
4567.25,770.905,114.6592
4567.5,784.5150000000001,121.4628
4567.75,849.106,126.64500000000001
4568.0,838.5010000000001,115.2959
4568.25,898.633,129.7921
4568.5,978.7639999999999,141.1607
4568.75,1071.052,142.7954
4569.0,1096.151,144.9545
4569.25,1183.754,153.9177
4569.5,1157.122,147.2212
4569.75,1119.441,144.1229
4570.0,1181.651,141.6711
4570.25,1165.909,140.1499
4570.5,1046.192,136.7558
4570.75,1069.0430000000001,138.4031
4571.0,1094.5929999999998,143.3401
4571.25,1103.875,141.8539
4571.5,1113.08,140.63739999999999
4571.75,1139.312,151.8183
4572.0,1228.0339999999999,171.9429
4572.25,1201.0700000000002,160.8795
4572.5,1132.643,158.0852
4572.75,1167.19,160.4818
4573.0,1109.72,161.81199999999998
4573.25,1055.318,157.23499999999999
4573.5,990.1150000000001,161.35829999999999
4573.75,1029.3999999999999,148.1611
4574.0,997.765,142.77800000000002
4574.25,990.079,143.9114
4574.5,943.996,143.4413
4574.75,848.3049999999998,137.9327
4575.0,824.671,132.05440000000002
4575.25,784.621,124.8391
4575.5,835.996,132.2298
4575.75,867.2170000000001,134.3198
4576.0,876.8950000000001,151.6282
4576.25,880.924,142.8624
4576.5,833.69,123.58189999999999
4576.75,833.9710000000001,125.5027
4577.0,858.5139999999999,121.86789999999999
4577.25,836.715,118.6676
4577.5,857.935,124.5103
4577.75,893.893,125.78229999999999
4578.0,920.415,129.2385
4578.25,899.5250000000001,125.5668
4578.5,902.3,125.4973
4578.75,935.903,124.2293
4579.0,901.3399999999999,122.7447
4579.25,930.2450000000001,131.5737
4579.5,883.085,127.0196
4579.75,916.857,128.15109999999999
4580.0,951.8240000000001,133.8592
4580.25,908.268,128.9303
4580.5,847.7030000000001,128.632
4580.75,854.354,129.0425
4581.0,800.8330000000001,127.29780000000001
4581.25,818.3230000000001,127.04169999999999
4581.5,789.8599999999999,127.2664
4581.75,813.553,124.09740000000001
4582.0,778.015,119.6301
4582.25,731.681,110.9087
4582.5,696.4879999999999,106.41890000000001
4582.75,654.604,109.83840000000001
4583.0,662.1790000000001,109.94839999999999
4583.25,669.077,115.5635
4583.5,675.821,113.9911
4583.75,665.357,110.3441
4584.0,628.201,109.79820000000001
4584.25,647.63,106.83429999999998
4584.5,620.0160000000001,108.53949999999999
4584.75,579.176,107.1618
4585.0,557.692,108.2756
4585.25,563.8499999999999,111.2492
4585.5,553.27,111.9896
4585.75,533.484,113.75640000000001
4586.0,553.1940000000001,114.2706
4586.25,562.87,118.1257
4586.5,539.232,117.36259999999999
4586.75,539.357,110.1765
4587.0,505.331,107.78820000000002
4587.25,601.518,106.7038
4587.5,613.7130000000001,107.2662
4587.75,589.318,106.6325
4588.0,587.117,106.4442
4588.25,548.1569999999999,105.6817
4588.5,478.578,107.59649999999999
4588.75,503.42800000000005,108.6879
4589.0,503.20899999999995,104.9125
4589.25,542.052,104.54010000000001
4589.5,600.732,103.9738
4589.75,590.448,101.7191
4590.0,574.163,102.55720000000001
4590.25,560.472,100.8991
4590.5,584.668,104.7713
4590.75,603.099,112.44409999999999
4591.0,653.76,113.6599
4591.25,659.298,110.47720000000001
4591.5,704.8040000000001,115.24959999999999
4591.75,827.3879999999999,118.02439999999999
4592.0,888.1740000000001,130.5433
4592.25,939.6029999999998,138.5147
4592.5,954.9459999999999,149.3153
4592.75,1036.3809999999999,155.8058
4593.0,1030.282,153.09879999999998
4593.25,1032.253,152.3681
4593.5,952.904,141.21640000000002
4593.75,1022.443,150.2902
4594.0,977.2749999999999,147.2194
4594.25,976.2369999999999,137.4785
4594.5,958.596,132.9907
4594.75,920.3299999999999,129.0971
4595.0,982.108,130.6682
4595.25,1062.382,138.6885
4595.5,1052.458,144.5652
4595.75,1044.886,148.001
4596.0,1039.972,153.39600000000002
4596.25,1014.472,147.4426
4596.5,982.171,142.339
4596.75,959.0500000000001,143.2599
4597.0,941.53,143.5445
4597.25,923.4970000000001,138.3152
4597.5,835.1980000000001,137.8517
4597.75,775.7139999999999,128.3169
4598.0,806.443,123.00410000000002
4598.25,786.3969999999999,125.2456
4598.5,816.004,124.9143
4598.75,740.325,122.1945
4599.0,711.139,118.8517
4599.25,748.12,116.8477
4599.5,713.354,119.75650000000002
4599.75,667.3,112.8049
4600.0,667.671,117.0664
4600.25,701.8960000000001,116.9559
4600.5,665.0219999999999,118.2481
4600.75,695.201,120.4579
4601.0,650.9250000000001,126.10820000000001
4601.25,639.216,120.2142
4601.5,632.6279999999999,119.4173
4601.75,635.5740000000001,106.1692
4602.0,692.484,116.0558
4602.25,675.492,107.0205
4602.5,677.134,108.16210000000001
4602.75,673.538,110.44959999999999
4603.0,686.386,109.28570000000002
4603.25,676.56,111.06459999999998
4603.5,697.065,112.4665
4603.75,702.383,111.6995
4604.0,681.239,107.1957
4604.25,614.97,104.7394
4604.5,645.553,109.651
4604.75,673.8870000000001,114.571
4605.0,616.599,105.9627
4605.25,582.817,105.56439999999999
4605.5,583.651,109.21630000000002
4605.75,575.003,112.75570000000002
4606.0,581.165,117.8768
4606.25,582.9290000000001,108.92439999999999
4606.5,568.844,104.29849999999999
4606.75,573.176,108.13240000000002
4607.0,585.4549999999999,107.88929999999999
4607.25,582.6220000000001,110.32300000000001
4607.5,599.384,112.8539
4607.75,588.995,105.45179999999999
4608.0,561.858,105.79129999999999
4608.25,563.934,106.32679999999999
4608.5,556.965,101.3485
4608.75,540.093,101.7535
4609.0,512.832,101.0102
4609.25,534.376,103.89
4609.5,526.62,106.1996
4609.75,533.457,110.87700000000001
4610.0,511.72,108.6182
4610.25,462.33299999999997,106.06730000000002
4610.5,438.46000000000004,98.2941
4610.75,441.04900000000004,96.98400000000001
4611.0,440.7660000000001,98.6926
4611.25,450.147,96.1627
4611.5,449.957,95.6979
4611.75,446.88,91.5018
4612.0,423.52,88.5455
4612.25,429.83,88.6748
4612.5,408.382,87.6846
4612.75,424.78700000000003,87.54039999999999
4613.0,420.56600000000003,90.0034
4613.25,421.55499999999995,89.1505
4613.5,449.215,87.5914
4613.75,443.878,95.6043
4614.0,434.918,96.29989999999998
4614.25,433.40199999999993,92.93299999999999
4614.5,446.231,91.6542
4614.75,430.118,90.4805
4615.0,452.062,90.82409999999999
4615.25,475.292,88.6906
4615.5,484.775,90.8605
4615.75,454.475,93.7899
4616.0,459.25399999999996,102.27600000000001
4616.25,498.93399999999997,104.18430000000001
4616.5,492.194,105.0511
4616.75,512.434,105.1685
4617.0,499.929,102.63040000000001
4617.25,530.7660000000001,102.34469999999999
4617.5,544.072,109.64529999999999
4617.75,615.46,114.72999999999999
4618.0,613.2090000000001,112.37020000000001
4618.25,569.841,111.5692
4618.5,546.039,106.6423
4618.75,568.204,111.57900000000001
4619.0,554.2439999999999,111.3642
4619.25,582.597,113.04740000000001
4619.5,614.9359999999999,117.3125
4619.75,671.577,118.36970000000001
4620.0,620.292,109.75380000000001
4620.25,629.914,106.4633
4620.5,616.1940000000001,98.2902
4620.75,645.528,103.15550000000002
4621.0,551.876,103.5688
4621.25,527.952,99.7472
4621.5,547.756,105.4492
4621.75,622.149,125.70150000000001
4622.0,645.823,129.2762
4622.25,611.062,122.73169999999999
4622.5,617.901,120.618
4622.75,593.8050000000001,111.4428
4623.0,570.674,111.1994
4623.25,609.498,118.1231
4623.5,599.384,121.8039
4623.75,613.726,119.09609999999999
4624.0,581.748,115.8546
4624.25,610.257,109.0416
4624.5,575.517,108.77010000000001
4624.75,548.242,103.4719
4625.0,572.9490000000001,107.47149999999999
4625.25,630.373,119.246
4625.5,660.366,114.36
4625.75,679.867,115.5365
4626.0,689.733,118.18880000000001
4626.25,739.806,116.4108
4626.5,754.311,113.33500000000001
4626.75,721.4970000000001,110.6105
4627.0,747.333,116.39609999999999
4627.25,718.271,120.1285
4627.5,649.62,116.76859999999999
4627.75,627.2130000000001,95.3285
4628.0,586.722,95.9686
4628.25,575.7629999999999,96.61449999999999
4628.5,611.323,101.7369
4628.75,600.9159999999999,103.0648
4629.0,581.583,98.4873
4629.25,556.15,97.4429
4629.5,558.059,96.6416
4629.75,569.546,98.23769999999999
4630.0,549.739,97.3058
4630.25,570.008,99.1817
4630.5,558.189,103.0341
4630.75,572.293,104.6956
4631.0,593.139,101.2124
4631.25,591.931,102.3887
4631.5,553.539,103.2202
4631.75,554.135,102.64869999999999
4632.0,520.0450000000001,99.2801
4632.25,515.7470000000001,102.01169999999999
4632.5,508.187,104.67429999999999
4632.75,502.461,99.58099999999999
4633.0,498.726,100.41930000000002
4633.25,486.137,98.34270000000001
4633.5,489.749,99.72300000000001
4633.75,488.328,99.0222
4634.0,481.19500000000005,98.57490000000001
4634.25,454.334,99.6653
4634.5,448.277,100.24879999999999
4634.75,459.801,105.1725
4635.0,449.82399999999996,104.7278
4635.25,461.471,108.2985
4635.5,447.533,104.6225
4635.75,431.63,101.5429
4636.0,420.686,102.4161
4636.25,428.631,101.8649
4636.5,409.79200000000003,99.7716
4636.75,408.116,100.4573
4637.0,411.628,102.46449999999999
4637.25,427.795,100.71009999999998
4637.5,428.525,102.83019999999999
4637.75,427.40199999999993,102.2665
4638.0,428.131,98.8697
4638.25,417.325,97.2009
4638.5,415.23800000000006,98.055
4638.75,412.08500000000004,98.4331
4639.0,419.73699999999997,98.4002
4639.25,426.04599999999994,95.4308
4639.5,432.037,99.137
4639.75,445.42500000000007,105.6687
4640.0,397.991,99.88069999999999
4640.25,432.124,95.6895
4640.5,465.071,100.1515
4640.75,457.442,96.05980000000001
4641.0,488.69,101.06620000000001
4641.25,523.6800000000001,100.89590000000001
4641.5,514.552,103.54589999999999
4641.75,566.046,104.0641
4642.0,523.866,105.5828
4642.25,514.5980000000001,106.8699
4642.5,493.793,101.91179999999999
4642.75,494.707,99.43260000000001
4643.0,511.294,101.2148
4643.25,588.924,105.1682
4643.5,583.906,105.7616
4643.75,556.458,102.51909999999998
4644.0,567.768,102.2614
4644.25,591.563,104.1677
4644.5,577.473,105.5869
4644.75,596.076,110.81970000000001
4645.0,564.651,105.8705
4645.25,521.809,99.63310000000001
4645.5,537.533,100.39249999999998
4645.75,540.2909999999999,101.8071
4646.0,564.188,107.3955
4646.25,566.6419999999999,110.60810000000001
4646.5,553.429,111.33670000000001
4646.75,535.366,113.36850000000001
4647.0,576.402,117.811
4647.25,567.593,118.22220000000002
4647.5,523.026,108.85419999999999
4647.75,556.835,110.3138
4648.0,590.226,108.824
4648.25,586.059,107.5913
4648.5,536.1990000000001,103.5015
4648.75,535.37,104.78280000000001
4649.0,561.7669999999999,102.8754
4649.25,572.431,103.5763
4649.5,577.83,104.33470000000001
4649.75,578.677,101.09109999999998
4650.0,624.75,103.8964
4650.25,615.318,103.525
4650.5,653.823,108.0234
4650.75,677.522,112.88470000000001
4651.0,709.134,116.2992
4651.25,723.1469999999999,113.219
4651.5,748.287,117.70769999999999
4651.75,714.183,112.41399999999999
4652.0,680.398,108.36690000000002
4652.25,738.639,114.20830000000001
4652.5,722.499,113.6041
4652.75,705.393,117.4666
4653.0,669.8009999999999,118.4691
4653.25,670.332,115.594
4653.5,668.3340000000001,117.7053
4653.75,695.519,113.275
4654.0,679.5,114.66230000000002
4654.25,636.708,109.5857
4654.5,615.396,113.72770000000001
4654.75,667.764,118.6828
4655.0,659.3910000000001,109.5291
4655.25,589.084,101.4443
4655.5,592.875,104.43019999999999
4655.75,599.598,104.8739
4656.0,529.056,99.7547
4656.25,514.747,100.3603
4656.5,535.671,100.3697
4656.75,519.487,101.03059999999999
4657.0,500.048,103.7245
4657.25,506.798,110.15520000000001
4657.5,495.538,106.23339999999999
4657.75,472.399,105.8537
4658.0,440.37100000000004,106.31699999999998
4658.25,436.98100000000005,104.29520000000001
4658.5,442.291,105.6364
4658.75,433.058,106.36030000000001
4659.0,420.203,106.11580000000001
4659.25,419.488,103.8999
4659.5,424.73199999999997,106.48360000000001
4659.75,432.793,112.7105
4660.0,413.081,107.8205
4660.25,403.543,104.76329999999999
4660.5,383.09000000000003,101.92060000000001
4660.75,393.422,102.7558
4661.0,401.759,103.0002
4661.25,424.952,101.84909999999999
4661.5,428.005,106.2535
4661.75,449.15500000000003,110.1657
4662.0,432.86300000000006,113.59729999999999
4662.25,448.904,111.4639
4662.5,449.05300000000005,104.4245
4662.75,438.962,100.18270000000001
4663.0,544.9730000000001,106.063
4663.25,605.337,112.1149
4663.5,668.241,116.35740000000001
4663.75,745.7280000000001,128.0502
4664.0,718.946,122.9341
4664.25,717.794,118.8814
4664.5,797.097,128.92680000000001
4664.75,869.935,134.901
4665.0,884.818,127.29069999999999
4665.25,924.1569999999999,125.6201
4665.5,946.0450000000001,133.0589
4665.75,990.1089999999999,135.7812
4666.0,965.233,132.5793
4666.25,960.454,133.5516
4666.5,894.265,129.3663
4666.75,902.5390000000001,134.4654
4667.0,936.191,133.614
4667.25,1026.0880000000002,137.9501
4667.5,1055.78,144.9404
4667.75,1074.682,150.7771
4668.0,1045.145,142.9244
4668.25,1034.1609999999998,137.8297
4668.5,998.351,128.11970000000002
4668.75,985.9869999999999,139.7911
4669.0,908.185,135.28740000000002
4669.25,882.691,130.2566
4669.5,904.102,131.9209
4669.75,919.5070000000001,133.1912
4670.0,921.1109999999999,124.7187
4670.25,929.752,125.0823
4670.5,912.9489999999998,120.9939
4670.75,861.2559999999999,123.2014
4671.0,863.4459999999999,121.3826
4671.25,862.7549999999999,127.11759999999998
4671.5,886.5819999999999,139.27249999999998
4671.75,821.0319999999999,142.8451
4672.0,829.2550000000001,137.4
4672.25,810.913,116.614
4672.5,793.8610000000001,121.7829
4672.75,753.511,121.2831
4673.0,712.231,131.49759999999998
4673.25,695.404,114.70420000000001
4673.5,683.601,116.1122
4673.75,718.578,119.52099999999999
4674.0,752.928,115.42670000000001
4674.25,715.0340000000001,117.12129999999999
4674.5,756.264,124.4161
4674.75,824.379,124.22399999999999
4675.0,825.7810000000001,123.90090000000001
4675.25,811.521,122.389
4675.5,750.924,113.5916
4675.75,784.158,110.5421
4676.0,781.315,113.5666
4676.25,700.264,114.0775
4676.5,643.405,112.15700000000001
4676.75,744.351,121.13309999999998
4677.0,733.628,116.01499999999999
4677.25,710.3979999999999,115.3664
4677.5,719.4110000000001,113.3255
4677.75,715.559,110.77449999999999
4678.0,738.02,111.80340000000001
4678.25,721.4290000000001,107.5775
4678.5,681.082,109.1738
4678.75,634.752,107.74719999999999
4679.0,641.578,108.9464
4679.25,619.057,108.24270000000001
4679.5,614.537,113.2784
4679.75,633.653,113.2491
4680.0,599.5550000000001,110.5063
4680.25,552.0340000000001,108.7002
4680.5,553.257,109.63080000000001
4680.75,531.3399999999999,111.1679
4681.0,503.913,107.04990000000001
4681.25,487.16,104.44829999999999
4681.5,523.98,109.6173
4681.75,488.215,108.35810000000001
4682.0,494.534,108.75189999999999
4682.25,465.70500000000004,105.99029999999999
4682.5,450.62899999999996,106.28899999999999
4682.75,448.486,104.99090000000001
4683.0,437.06499999999994,105.8461
4683.25,421.413,106.6041
4683.5,425.20899999999995,106.53370000000001
4683.75,416.08900000000006,107.36670000000001
4684.0,408.84499999999997,103.424
4684.25,416.97399999999993,104.8093
4684.5,405.472,104.6368
4684.75,409.789,104.61419999999998
4685.0,429.08,106.0807
4685.25,435.10999999999996,107.4364
4685.5,434.91700000000003,103.89219999999999
4685.75,428.85400000000004,103.57480000000001
4686.0,447.55899999999997,102.6053
4686.25,509.745,100.74010000000001
4686.5,493.64599999999996,102.82320000000001
4686.75,540.414,115.92669999999998
4687.0,592.98,112.606
4687.25,614.751,116.76850000000002
4687.5,623.1659999999999,112.08279999999999
4687.75,678.3720000000001,107.53469999999999
4688.0,671.777,112.375
4688.25,682.78,114.8981
4688.5,697.965,135.4992
4688.75,732.108,129.0857
4689.0,734.713,122.2894
4689.25,755.518,125.37480000000001
4689.5,732.082,127.49270000000001
4689.75,732.3969999999999,120.4667
4690.0,775.936,125.3798
4690.25,763.08,123.3882
4690.5,766.981,129.5583
4690.75,808.2280000000001,131.8967
4691.0,838.685,129.55
4691.25,858.712,133.6207
4691.5,908.4459999999999,137.5638
4691.75,904.6959999999999,145.4224
4692.0,852.913,137.8153
4692.25,788.566,136.9862
4692.5,767.664,140.7899
4692.75,746.614,125.06660000000001
4693.0,684.222,119.357
4693.25,649.399,115.73580000000001
4693.5,674.169,122.12460000000002
4693.75,639.677,117.6935
4694.0,642.756,114.9416
4694.25,653.2090000000001,120.3093
4694.5,639.8340000000001,117.00810000000001
4694.75,607.392,114.50670000000001
4695.0,634.0889999999999,113.42160000000001
4695.25,605.9480000000001,115.2538
4695.5,588.327,115.28240000000001
4695.75,602.19,117.2828
4696.0,630.246,123.1855
4696.25,636.357,120.06819999999999
4696.5,619.784,120.2417
4696.75,624.063,129.8446
4697.0,649.287,136.4419
4697.25,615.621,138.2391
4697.5,596.3710000000001,140.8175
4697.75,623.194,141.11380000000003
4698.0,612.948,134.2717
4698.25,649.25,130.0202
4698.5,662.403,122.2875
4698.75,689.3340000000001,122.23740000000001
4699.0,715.357,117.36519999999999
4699.25,702.651,116.6301
4699.5,690.2249999999999,114.84110000000001
4699.75,718.615,119.8529
4700.0,674.567,120.0941
4700.25,668.077,122.15639999999999
4700.5,639.033,119.0542
4700.75,640.7280000000001,123.4006
4701.0,624.386,118.9468
4701.25,605.762,115.00970000000001
4701.5,627.002,113.97219999999999
4701.75,651.688,118.0832
4702.0,654.417,115.5022
4702.25,701.381,119.8045
4702.5,620.316,105.74510000000001
4702.75,602.5029999999999,108.25280000000001
4703.0,566.565,107.6834
4703.25,541.2729999999999,105.01060000000001
4703.5,541.085,104.4537
4703.75,535.943,108.63730000000001
4704.0,499.89799999999997,108.2384
4704.25,480.38599999999997,111.52510000000001
4704.5,448.052,110.40040000000002
4704.75,450.731,107.3322
4705.0,431.799,106.0291
4705.25,445.537,108.87379999999999
4705.5,451.927,109.0907
4705.75,426.881,111.6481
4706.0,412.73299999999995,107.24130000000001
4706.25,412.162,104.3643
4706.5,410.245,106.6454
4706.75,396.379,104.7791
4707.0,389.64099999999996,107.0122
4707.25,378.374,104.6746
4707.5,390.97200000000004,108.04390000000001
4707.75,386.849,107.2088
4708.0,379.652,105.1258
4708.25,375.353,103.84980000000002
4708.5,359.776,103.3486
4708.75,360.21500000000003,105.68750000000001
4709.0,364.247,102.0052
4709.25,378.16200000000003,104.9288
4709.5,400.478,104.90209999999999
4709.75,402.028,103.03219999999999
4710.0,387.86300000000006,100.9484
4710.25,388.9,97.26939999999999
4710.5,421.453,103.0791
4710.75,451.59499999999997,105.4229
4711.0,497.95899999999995,102.53450000000001
4711.25,528.025,112.3672
4711.5,590.9369999999999,114.6105
4711.75,587.608,114.58280000000002
4712.0,570.087,104.28629999999998
4712.25,530.883,105.7101
4712.5,558.739,115.2312
4712.75,607.8230000000001,121.49870000000001
4713.0,601.736,116.8084
4713.25,607.377,122.90120000000002
4713.5,606.9780000000001,117.7886
4713.75,601.28,113.1723
4714.0,626.2529999999999,115.6147
4714.25,596.202,109.9217
4714.5,614.652,122.81119999999999
4714.75,677.992,126.6395
4715.0,682.683,124.12639999999999
4715.25,712.056,127.8706
4715.5,703.731,130.6754
4715.75,738.8599999999999,133.3744
4716.0,756.428,127.805
4716.25,703.033,122.14780000000002
4716.5,647.219,121.9812
4716.75,661.2660000000001,115.9693
4717.0,581.664,120.4048
4717.25,566.745,117.4839
4717.5,582.384,126.8921
4717.75,562.752,117.7409
4718.0,542.1569999999999,116.8087
4718.25,553.605,120.29750000000001
4718.5,514.4639999999999,118.0513
4718.75,503.4549999999999,111.1791
4719.0,512.385,112.16129999999998
4719.25,518.283,111.44630000000001
4719.5,584.943,113.4873
4719.75,837.144,141.3751
4720.0,844.434,146.27249999999998
4720.25,877.4939999999999,145.60660000000001
4720.5,830.8700000000001,150.88029999999998
4720.75,822.3190000000001,153.1564
4721.0,851.076,158.8992
4721.25,865.394,166.0728
4721.5,855.4180000000001,162.81959999999998
4721.75,889.735,157.877
4722.0,942.74,160.7817
4722.25,941.7059999999999,149.94469999999998
4722.5,948.9199999999998,146.3775
4722.75,922.5259999999998,154.7769
4723.0,849.811,153.6933
4723.25,854.397,151.57410000000002
4723.5,891.153,157.1157
4723.75,886.428,151.2369
4724.0,834.1880000000001,146.25529999999998
4724.25,811.377,148.0248
4724.5,813.5419999999999,151.7666
4724.75,825.2429999999999,149.4013
4725.0,824.733,150.2573
4725.25,840.3770000000001,153.4729
4725.5,885.8720000000001,145.9968
4725.75,835.3389999999999,142.7541
4726.0,659.843,130.8891
4726.25,613.157,124.2723
4726.5,609.572,123.48329999999999
4726.75,591.689,127.15460000000002
4727.0,571.682,126.9535
4727.25,558.089,125.13329999999999
4727.5,546.503,125.5864
4727.75,536.423,126.84890000000001
4728.0,532.978,121.3351
4728.25,503.581,118.95639999999999
4728.5,478.72900000000004,118.8894
4728.75,443.693,110.86250000000001
4729.0,452.471,114.9906
4729.25,447.582,110.92930000000001
4729.5,482.05699999999996,112.76249999999999
4729.75,479.869,112.35000000000002
4730.0,481.27799999999996,115.8072
4730.25,464.72300000000007,114.13380000000001
4730.5,438.98299999999995,115.3714
4730.75,433.798,113.40050000000001
4731.0,430.00100000000003,116.2019
4731.25,417.209,116.82910000000001
4731.5,408.235,117.47160000000001
4731.75,412.289,114.4059
4732.0,397.804,114.83350000000002
4732.25,394.74699999999996,115.47919999999999
4732.5,397.697,113.154
4732.75,392.57300000000004,112.1532
4733.0,408.96500000000003,112.7541
4733.25,404.081,113.4048
4733.5,415.15700000000004,114.4271
4733.75,411.269,110.4648
4734.0,409.26800000000003,111.22980000000001
4734.25,433.274,110.69470000000001
4734.5,465.14,110.7789
4734.75,496.88,113.66230000000002
4735.0,541.468,108.8877
4735.25,638.415,119.05229999999999
4735.5,654.528,120.9481
4735.75,703.905,130.7295
4736.0,695.0219999999999,134.9244
4736.25,709.086,137.1327
4736.5,745.755,139.0325
4736.75,771.0590000000001,143.2584
4737.0,818.3309999999999,143.5299
4737.25,806.83,132.4618
4737.5,797.154,136.26839999999999
4737.75,803.723,129.7116
4738.0,801.97,138.1368
4738.25,837.2080000000001,128.7002
4738.5,802.503,128.4674
4738.75,819.355,128.7969
4739.0,834.097,123.71119999999999
4739.25,898.777,126.2619
4739.5,909.844,128.25539999999998
4739.75,899.241,135.6164
4740.0,939.6070000000001,146.513
4740.25,897.3399999999999,147.63889999999998
4740.5,840.5640000000001,141.161
4740.75,864.45,140.43959999999998
4741.0,856.39,135.3131
4741.25,869.3049999999998,127.4766
4741.5,847.483,133.2456
4741.75,847.7859999999998,127.21279999999999
4742.0,852.3989999999999,117.04250000000002
4742.25,836.2449999999999,119.16650000000001
4742.5,865.9839999999999,120.3664
4742.75,828.9159999999999,124.2659
4743.0,816.432,122.0847
4743.25,867.2750000000001,120.24949999999998
4743.5,792.265,121.414
4743.75,808.2369999999999,118.2178
4744.0,792.784,116.92660000000001
4744.25,804.9670000000001,129.2804
4744.5,809.0920000000001,117.43730000000001
4744.75,795.0640000000001,124.7619
4745.0,755.1600000000001,124.3029
4745.25,687.6279999999999,109.48579999999998
4745.5,687.1790000000001,103.96369999999999
4745.75,683.1869999999999,105.55590000000001
4746.0,698.4,110.247
4746.25,713.895,107.4839
4746.5,753.573,115.9799
4746.75,769.932,111.58200000000001
4747.0,765.386,119.8434
4747.25,747.407,119.89460000000001
4747.5,732.735,115.83640000000001
4747.75,739.75,119.44839999999999
4748.0,744.265,122.0159
4748.25,692.41,113.70490000000001
4748.5,691.854,115.25840000000001
4748.75,689.316,111.64580000000001
4749.0,661.0419999999999,100.6813
4749.25,661.3950000000001,105.16300000000001
4749.5,641.621,100.69380000000001
4749.75,620.11,99.0647
4750.0,608.132,104.90289999999999
4750.25,582.914,103.8065
4750.5,601.712,104.5855
4750.75,625.0350000000001,108.5158
4751.0,670.082,117.49700000000001
4751.25,633.6129999999999,125.5629
4751.5,673.586,127.3401
4751.75,596.462,110.60050000000001
4752.0,569.832,101.2707
4752.25,539.356,104.0949
4752.5,503.978,104.827
4752.75,496.899,104.0007
4753.0,496.29999999999995,103.3148
4753.25,476.791,101.3609
4753.5,469.217,107.5829
4753.75,475.36199999999997,110.96379999999999
4754.0,473.73699999999997,106.95490000000001
4754.25,462.5880000000001,99.7295
4754.5,461.22399999999993,96.6523
4754.75,458.071,96.29769999999999
4755.0,449.318,96.16
4755.25,422.35299999999995,96.82649999999998
4755.5,419.935,98.5032
4755.75,435.498,99.0261
4756.0,407.581,98.4016
4756.25,412.64300000000003,100.6803
4756.5,420.74800000000005,103.1112
4756.75,430.68999999999994,111.0415
4757.0,430.154,107.87079999999999
4757.25,440.375,112.6593
4757.5,456.1,112.2693
4757.75,450.674,108.2846
4758.0,456.919,106.5724
4758.25,515.357,104.07579999999999
4758.5,520.123,107.8337
4758.75,519.567,109.4072
4759.0,559.093,103.5248
4759.25,622.114,112.98859999999999
4759.5,594.954,120.01689999999999
4759.75,714.751,117.47619999999999
4760.0,656.769,123.24289999999999
4760.25,691.772,124.0489
4760.5,786.0539999999999,136.68130000000002
4760.75,781.8399999999999,144.2517
4761.0,851.8720000000001,128.2073
4761.25,717.288,117.1214
4761.5,740.5500000000001,129.244
4761.75,726.3340000000001,130.00369999999998
4762.0,751.957,122.4071
4762.25,733.923,121.3502
4762.5,686.86,114.69039999999998
4762.75,775.672,123.246
4763.0,751.658,115.51570000000001
4763.25,789.205,116.2225
4763.5,813.425,128.5029
4763.75,1050.607,141.46589999999998
4764.0,925.0,140.1738
4764.25,917.7669999999998,148.5833
4764.5,1024.894,193.92969999999997
4764.75,801.079,136.1825
4765.0,766.1080000000001,137.9737
4765.25,752.347,129.9254
4765.5,756.991,138.7029
4765.75,721.125,140.62630000000001
4766.0,691.827,139.9592
4766.25,650.898,121.7093
4766.5,620.067,124.173
4766.75,635.58,127.9853
4767.0,600.42,133.5065
4767.25,688.011,130.4587
4767.5,620.543,120.79239999999999
4767.75,637.4159999999999,123.74440000000001
4768.0,563.024,110.8195
4768.25,602.811,114.3763
4768.5,549.198,100.56009999999999
4768.75,549.3119999999999,105.8656
4769.0,603.5550000000001,116.1513
4769.25,631.539,115.7834
4769.5,605.822,102.5962
4769.75,602.868,112.1961
4770.0,613.2520000000001,110.1599
4770.25,605.7470000000001,103.8304
4770.5,590.3,100.8372
4770.75,598.582,99.3457
4771.0,624.943,102.57239999999999
4771.25,622.65,108.047
4771.5,622.884,103.56020000000001
4771.75,598.556,105.7038
4772.0,518.582,101.92859999999999
4772.25,563.1410000000001,105.14800000000001
4772.5,558.005,107.5668
4772.75,560.6179999999999,114.1045
4773.0,530.291,108.51339999999999
4773.25,498.667,105.59679999999999
4773.5,546.356,109.5086
4773.75,564.842,109.19030000000001
4774.0,547.348,106.21289999999999
4774.25,555.181,106.8247
4774.5,508.91,104.3824
4774.75,519.476,113.46019999999999
4775.0,539.933,113.14419999999998
4775.25,529.313,114.8815
4775.5,532.67,104.106
4775.75,499.42600000000004,103.3432
4776.0,488.844,105.3579
4776.25,468.9630000000001,106.15559999999999
4776.5,482.83900000000006,105.7764
4776.75,404.39599999999996,104.27380000000001
4777.0,416.279,101.7384
4777.25,395.635,103.30160000000001
4777.5,412.64599999999996,106.34279999999998
4777.75,427.104,108.0256
4778.0,425.846,109.4629
4778.25,385.624,105.38829999999999
4778.5,382.65999999999997,112.5771
4778.75,412.21299999999997,107.2947
4779.0,394.544,99.142
4779.25,365.153,100.21449999999999
4779.5,326.93399999999997,98.33279999999999
4779.75,344.418,97.7811
4780.0,342.383,103.13819999999998
4780.25,340.659,110.3351
4780.5,327.374,101.2949
4780.75,346.06899999999996,101.32499999999999
4781.0,348.01099999999997,101.02430000000001
4781.25,362.972,102.1067
4781.5,375.92900000000003,103.7062
4781.75,370.204,100.11510000000001
4782.0,347.20099999999996,96.60140000000001
4782.25,362.047,95.4015
4782.5,368.54,95.5098
4782.75,369.683,101.47630000000001
4783.0,366.547,102.18410000000002
4783.25,423.991,107.9008
4783.5,406.90900000000005,101.67869999999999
4783.75,406.75700000000006,96.46260000000001
4784.0,339.72999999999996,100.66239999999999
4784.25,438.212,100.3935
4784.5,432.255,100.23830000000001
4784.75,426.80600000000004,97.70779999999999
4785.0,478.356,101.20289999999999
4785.25,447.12699999999995,102.8506
4785.5,444.87800000000004,111.5855
4785.75,462.58900000000006,116.5044
4786.0,466.976,117.8093
4786.25,470.357,119.9059
4786.5,379.028,107.7822
4786.75,402.299,104.5106
4787.0,446.78200000000004,106.3486
4787.25,464.9100000000001,112.0103
4787.5,499.188,115.6576
4787.75,492.1329999999999,108.6328
4788.0,500.05100000000004,120.1023
4788.25,552.5880000000001,123.2667
4788.5,817.268,132.98680000000002
4788.75,822.021,127.21000000000001
4789.0,806.4749999999999,129.1941
4789.25,767.682,132.69400000000002
4789.5,744.702,143.423
4789.75,787.8419999999999,146.3133
4790.0,662.688,137.0044
4790.25,671.958,129.7314
4790.5,511.409,117.65360000000001
4790.75,620.255,128.4935
4791.0,569.529,127.3528
4791.25,605.181,121.64330000000001
4791.5,523.4490000000001,115.00730000000001
4791.75,550.394,125.7979
4792.0,701.164,130.7053
4792.25,719.28,124.84129999999999
4792.5,682.809,123.48029999999999
4792.75,658.149,125.26650000000001
4793.0,686.337,128.85379999999998
4793.25,662.28,121.27870000000001
4793.5,739.971,132.9794
4793.75,561.417,119.4665
4794.0,752.46,136.7675
4794.25,709.096,145.761
4794.5,727.651,124.282
4794.75,648.763,112.9295
4795.0,674.526,127.33930000000001
4795.25,804.519,165.5192
4795.5,816.6510000000001,154.6001
4795.75,717.9449999999999,124.05959999999999
4796.0,696.435,128.04670000000002
4796.25,687.711,127.91300000000001
4796.5,688.974,125.82230000000001
4796.75,688.8779999999999,118.30349999999999
4797.0,776.2810000000001,126.5595
4797.25,783.5159999999998,129.65699999999998
4797.5,719.082,120.47710000000001
4797.75,675.609,110.20899999999999
4798.0,582.437,110.3793
4798.25,470.525,104.98939999999999
4798.5,446.456,101.9606
4798.75,426.89,100.1667
4799.0,435.707,98.6389
4799.25,450.281,98.92269999999999
4799.5,438.87800000000004,101.6105
4799.75,448.09299999999996,102.08840000000001
4800.0,434.8299999999999,101.57579999999999
4800.25,449.144,101.61439999999999
4800.5,419.303,99.5025
4800.75,411.037,99.9483
4801.0,407.255,101.1464
4801.25,410.53999999999996,107.27009999999999
4801.5,425.12500000000006,110.23419999999999
4801.75,388.082,100.1422
4802.0,365.94800000000004,98.5684
4802.25,366.313,100.0285
4802.5,364.88599999999997,96.86009999999999
4802.75,397.21299999999997,104.516
4803.0,362.975,99.3183
4803.25,400.1,105.01400000000001
4803.5,375.533,100.93609999999998
4803.75,364.77700000000004,99.85499999999999
4804.0,343.078,98.3418
4804.25,363.288,102.22319999999999
4804.5,367.634,101.2071
4804.75,334.093,100.08170000000001
4805.0,342.746,99.6306
4805.25,354.77299999999997,106.4803
4805.5,369.275,106.73
4805.75,371.407,96.2811
4806.0,373.097,103.1104
4806.25,411.628,101.54400000000001
4806.5,396.1329999999999,102.5654
4806.75,397.625,97.434
4807.0,406.162,98.47559999999999
4807.25,373.831,96.1491
4807.5,338.843,101.86350000000002
4807.75,359.509,101.0438
4808.0,350.357,100.38799999999999
4808.25,335.881,96.344
4808.5,376.73,89.1054
4808.75,384.562,86.7905
4809.0,363.641,88.6901
4809.25,364.91400000000004,90.0094
4809.5,380.665,90.17439999999999
4809.75,359.811,85.8304
4810.0,389.12600000000003,86.26310000000001
4810.25,364.427,91.03099999999999
4810.5,329.68100000000004,89.3349
4810.75,314.621,84.3536
4811.0,402.656,87.9855
4811.25,398.63800000000003,87.9477
4811.5,413.293,89.3965
4811.75,416.20099999999996,92.778
4812.0,438.491,92.3055
4812.25,449.38,97.3534
4812.5,431.59299999999996,92.6816
4812.75,395.606,96.9246
4813.0,409.967,101.21199999999999
4813.25,365.923,96.54220000000001
4813.5,414.21500000000003,101.48169999999999
4813.75,390.31600000000003,100.1925
4814.0,393.44500000000005,100.33590000000001
4814.25,366.97,97.1428
4814.5,357.722,104.0435
4814.75,342.824,98.83330000000001
4815.0,363.259,98.41899999999998
4815.25,335.399,94.5634
4815.5,329.372,101.001
4815.75,329.866,97.9512
4816.0,292.29249999999996,89.45020000000001
4816.25,302.214,90.1679
4816.5,285.9722,87.6759
4816.75,299.94800000000004,89.572
4817.0,337.354,93.553
4817.25,387.68899999999996,91.1844
4817.5,396.869,89.2401
4817.75,418.147,89.0359
4818.0,466.38699999999994,93.6702
4818.25,471.572,96.57039999999999
4818.5,481.72900000000004,98.78219999999999
4818.75,502.66799999999995,99.358
4819.0,539.754,106.7595
4819.25,500.50100000000003,100.54299999999999
4819.5,550.145,108.39339999999999
4819.75,531.813,99.7716
4820.0,531.7429999999999,98.8813
4820.25,510.722,106.5241
4820.5,510.798,106.30099999999999
4820.75,514.861,109.9055
4821.0,505.60299999999995,106.68159999999999
4821.25,509.49199999999996,108.3347
4821.5,541.236,106.28450000000001
4821.75,534.712,106.9581
4822.0,543.8309999999999,104.7671
4822.25,542.261,120.567
4822.5,488.4630000000001,109.4534
4822.75,515.4300000000001,110.0909
4823.0,499.01,109.3048
4823.25,465.266,108.4016
4823.5,501.374,110.496
4823.75,503.142,104.644
4824.0,475.759,106.1374
4824.25,458.111,104.87219999999999
4824.5,418.288,98.2416
4824.75,432.756,99.7487
4825.0,413.71299999999997,106.4856
4825.25,388.133,106.7092
4825.5,413.13699999999994,108.2352
4825.75,376.82,101.881
4826.0,354.035,99.7988
4826.25,355.579,102.37809999999999
4826.5,356.864,101.19039999999998
4826.75,346.562,100.88940000000001
4827.0,383.82899999999995,109.2621
4827.25,353.15099999999995,101.8135
4827.5,350.776,110.7238
4827.75,341.96000000000004,106.9878
4828.0,361.003,103.4806
4828.25,346.884,101.5262
4828.5,326.262,99.2042
4828.75,325.491,101.45779999999999
4829.0,349.019,104.6396
4829.25,381.756,108.0575
4829.5,382.652,106.9342
4829.75,359.60900000000004,100.3049
4830.0,381.457,104.83529999999999
4830.25,377.256,99.417
4830.5,402.38,106.4628
4830.75,485.73900000000003,112.7669
4831.0,520.969,111.8872
4831.25,621.2130000000001,115.91159999999999
4831.5,690.546,121.3751
4831.75,712.8000000000001,129.9814
4832.0,706.8720000000001,128.42829999999998
4832.25,728.106,126.6279
4832.5,754.095,130.9269
4832.75,765.597,132.63600000000002
4833.0,771.835,132.6062
4833.25,758.261,126.5229
4833.5,716.941,125.2204
4833.75,725.469,130.7072
4834.0,737.527,121.1413
4834.25,733.015,123.93400000000001
4834.5,742.339,127.92830000000001
4834.75,760.882,122.7334
4835.0,730.4250000000001,123.7826
4835.25,740.892,130.8784
4835.5,741.085,133.45569999999998
4835.75,732.663,134.3407
4836.0,723.7860000000001,140.2451
4836.25,603.635,123.63510000000001
4836.5,682.8389999999999,129.9786
4836.75,575.897,115.48670000000001
4837.0,511.608,109.39099999999999
4837.25,574.227,121.04510000000002
4837.5,532.188,112.1561
4837.75,567.957,121.541
4838.0,601.308,120.47489999999999
4838.25,623.127,116.736
4838.5,624.7470000000001,116.65559999999999
4838.75,528.258,109.33869999999999
4839.0,541.141,108.5155
4839.25,534.318,109.2495
4839.5,467.702,106.9408
4839.75,479.93399999999997,115.0771
4840.0,450.43600000000004,118.6537
4840.25,483.33299999999997,113.61019999999999
4840.5,427.47299999999996,108.0009
4840.75,434.943,104.47990000000001
4841.0,535.444,121.80709999999999
4841.25,509.009,121.9991
4841.5,500.91100000000006,125.388
4841.75,536.223,130.635
4842.0,511.766,130.3142
4842.25,528.383,127.5684
4842.5,517.799,125.8163
4842.75,562.763,127.6444
4843.0,511.586,122.5724
4843.25,514.665,112.2438
4843.5,518.069,117.42599999999999
4843.75,515.384,116.3079
4844.0,573.932,124.7557
4844.25,585.5540000000001,123.9645
4844.5,553.388,122.4465
4844.75,576.504,126.11690000000002
4845.0,515.739,119.7039
4845.25,535.087,116.74279999999999
4845.5,494.936,115.3127
4845.75,442.553,106.1955
4846.0,503.279,113.8663
4846.25,509.231,109.7474
4846.5,503.53999999999996,102.0539
4846.75,470.236,100.9212
4847.0,442.16999999999996,106.8001
4847.25,476.21000000000004,113.2699
4847.5,480.69800000000004,112.0507
4847.75,456.443,115.5099
4848.0,434.988,109.7498
4848.25,417.60400000000004,108.8348
4848.5,403.54900000000004,107.8536
4848.75,401.588,100.6876
4849.0,391.09899999999993,104.5146
4849.25,421.83700000000005,101.3233
4849.5,370.286,100.3007
4849.75,361.731,101.1406
4850.0,376.261,109.42999999999998
4850.25,380.30600000000004,104.3026
4850.5,364.313,105.5125
4850.75,358.51,107.0832
4851.0,357.572,104.4052
4851.25,345.578,105.70530000000001
4851.5,349.731,102.7797
4851.75,335.977,104.8574
4852.0,323.78499999999997,96.81
4852.25,338.473,99.9744
4852.5,325.313,101.01569999999998
4852.75,315.62199999999996,98.5423
4853.0,327.017,102.90379999999999
4853.25,352.687,96.87799999999999
4853.5,380.635,95.18629999999999
4853.75,374.868,89.3272
4854.0,358.67499999999995,93.9533
4854.25,382.59200000000004,93.9308
4854.5,391.331,90.1912
4854.75,384.23,95.451
4855.0,466.48699999999997,105.3822
4855.25,564.7529999999999,111.7928
4855.5,585.0809999999999,113.33680000000001
4855.75,620.007,118.7446
4856.0,598.105,126.743
4856.25,525.721,111.56279999999998
4856.5,566.259,108.2328
4856.75,711.979,121.6162
4857.0,506.78999999999996,103.73179999999999
4857.25,527.238,103.28880000000001
4857.5,567.048,114.934
4857.75,585.354,116.51599999999999
4858.0,539.625,111.3858
4858.25,548.012,107.09
4858.5,528.297,105.5653
4858.75,504.46799999999996,104.9026
4859.0,553.7090000000001,111.1084
4859.25,612.7470000000001,111.67689999999999
4859.5,654.222,122.517
4859.75,659.829,127.9438
4860.0,626.027,117.5171
4860.25,754.674,114.7537
4860.5,673.308,109.52289999999999
4860.75,575.929,112.65169999999999
4861.0,542.131,116.6996
4861.25,555.96,118.7927
4861.5,600.336,125.7518
4861.75,634.434,116.1105
4862.0,610.524,107.6355
4862.25,607.97,107.6173
4862.5,611.73,106.6269
4862.75,604.154,107.53960000000001
4863.0,523.9259999999999,109.14020000000001
4863.25,505.43100000000004,98.45680000000002
4863.5,512.943,94.7847
4863.75,521.554,100.9476
4864.0,484.37899999999996,99.946
4864.25,478.58,96.291
4864.5,463.08399999999995,96.82939999999999
4864.75,451.12300000000005,101.17430000000002
4865.0,450.37300000000005,102.2192
4865.25,522.869,103.1132
4865.5,482.287,103.78829999999999
4865.75,445.26700000000005,99.6302
4866.0,534.866,106.5839
4866.25,482.471,98.7784
4866.5,492.533,100.9948
4866.75,496.02200000000005,101.62859999999999
4867.0,508.029,103.197
4867.25,522.492,103.1763
4867.5,481.57399999999996,102.7448
4867.75,467.84000000000003,103.1128
4868.0,478.247,98.9898
4868.25,491.79499999999996,103.20360000000001
4868.5,509.502,106.26319999999998
4868.75,484.796,109.27340000000001
4869.0,488.153,103.7114
4869.25,503.953,105.2722
4869.5,552.563,102.1662
4869.75,512.564,93.1587
4870.0,500.004,90.9153
4870.25,502.48,90.6402
4870.5,446.71999999999997,87.444
4870.75,433.678,92.0155
4871.0,445.251,92.2809
4871.25,444.422,92.5122
4871.5,413.869,88.0323
4871.75,426.30499999999995,92.1735
4872.0,420.38599999999997,95.4457
4872.25,382.072,93.6963
4872.5,375.661,93.3648
4872.75,375.46000000000004,97.1019
4873.0,345.219,95.0064
4873.25,369.01800000000003,96.6053
4873.5,364.964,95.8884
4873.75,383.741,93.80179999999999
4874.0,368.249,91.1525
4874.25,347.568,97.6817
4874.5,368.291,96.339
4874.75,345.824,98.4542
4875.0,358.021,91.8234
4875.25,370.739,92.8241
4875.5,335.509,86.6154
4875.75,330.869,89.26310000000001
4876.0,315.51800000000003,88.40780000000001
4876.25,326.98400000000004,93.89309999999999
4876.5,322.781,89.2544
4876.75,299.6142,91.3732
4877.0,310.491,92.4289
4877.25,334.38199999999995,93.14840000000001
4877.5,333.08299999999997,102.5878
4877.75,389.561,108.4838
4878.0,399.187,102.81729999999999
4878.25,402.959,108.65390000000001
4878.5,418.13,106.84030000000001
4878.75,418.67499999999995,106.1166
4879.0,527.288,111.67080000000001
4879.25,607.629,116.2382
4879.5,569.067,109.77269999999999
4879.75,556.65,110.6365
4880.0,524.422,115.9992
4880.25,566.724,124.88919999999999
4880.5,565.875,123.867
4880.75,575.6759999999999,122.57119999999999
4881.0,583.8240000000001,122.7075
4881.25,598.151,115.66250000000001
4881.5,572.883,109.2724
4881.75,575.217,115.5189
4882.0,693.201,153.6866
4882.25,674.583,123.12100000000001
4882.5,608.1659999999999,123.4274
4882.75,618.912,116.4787
4883.0,634.492,116.40950000000001
4883.25,702.9630000000001,112.3146
4883.5,640.894,119.09559999999999
4883.75,636.181,134.6241
4884.0,658.845,125.27000000000001
4884.25,659.963,125.3528
4884.5,688.098,129.6377
4884.75,660.215,123.2851
4885.0,613.398,117.90740000000001
4885.25,622.026,111.61269999999999
4885.5,625.502,111.6493
4885.75,619.2629999999999,116.3314
4886.0,611.5619999999999,111.9159
4886.25,762.135,129.9433
4886.5,580.014,109.35330000000002
4886.75,539.283,105.9261
4887.0,523.608,98.6592
4887.25,532.087,108.43780000000001
4887.5,640.937,118.61529999999999
4887.75,702.723,131.0322
4888.0,680.742,132.0347
4888.25,699.75,129.93030000000002
4888.5,608.0310000000001,117.8517
4888.75,509.58000000000004,106.10739999999998
4889.0,536.7660000000001,104.8174
4889.25,504.327,102.28039999999999
4889.5,518.04,103.6722
4889.75,534.0690000000001,99.3622
4890.0,555.611,103.0262
4890.25,516.6289999999999,99.94030000000001
4890.5,487.778,96.20850000000002
4890.75,513.908,99.03439999999999
4891.0,510.41999999999996,107.6302
4891.25,751.1600000000001,177.0576
4891.5,575.279,112.24260000000001
4891.75,502.67600000000004,117.3739
4892.0,508.991,114.9949
4892.25,580.547,119.79159999999999
4892.5,599.6419999999999,118.8107
4892.75,569.081,112.8996
4893.0,550.528,106.6518
4893.25,539.89,106.268
4893.5,548.5,110.2826
4893.75,517.687,106.97460000000001
4894.0,508.06500000000005,105.9456
4894.25,479.957,105.50110000000001
4894.5,503.834,106.3964
4894.75,504.395,114.65270000000001
4895.0,502.31600000000003,106.8869
4895.25,486.587,112.5199
4895.5,478.811,106.34750000000001
4895.75,458.206,102.8544
4896.0,445.09400000000005,111.3947
4896.25,438.70500000000004,112.28989999999999
4896.5,444.93600000000004,107.9185
4896.75,436.61300000000006,106.2743
4897.0,418.75399999999996,111.4622
4897.25,421.337,107.8055
4897.5,422.14300000000003,113.26940000000002
4897.75,415.984,108.89680000000001
4898.0,390.764,102.1623
4898.25,378.397,99.868
4898.5,395.326,103.1696
4898.75,388.294,98.99680000000001
4899.0,378.05899999999997,99.3732
4899.25,372.231,99.7448
4899.5,374.014,100.44150000000002
4899.75,374.36800000000005,100.4127
4900.0,361.37199999999996,101.38569999999999
4900.25,356.90799999999996,99.64160000000001
4900.5,349.831,99.2723
4900.75,352.415,100.39429999999999
4901.0,361.246,104.8883
4901.25,358.76,104.58099999999999
4901.5,377.95099999999996,105.2736
4901.75,364.175,99.80859999999998
4902.0,363.5,98.2312
4902.25,397.88599999999997,99.57230000000001
4902.5,417.005,99.0702
4902.75,461.042,104.2476
4903.0,449.186,96.4469
4903.25,491.03200000000004,100.61410000000001
4903.5,525.9280000000001,108.62449999999998
4903.75,548.5619999999999,115.6832
4904.0,616.664,139.5008
4904.25,612.366,128.81990000000002
4904.5,774.556,177.8898
4904.75,753.3399999999999,142.71460000000002
4905.0,652.854,143.8126
4905.25,590.162,123.9159
4905.5,592.578,116.30269999999999
4905.75,636.4259999999999,128.5586
4906.0,623.079,119.43639999999999
4906.25,654.874,126.4168
4906.5,573.768,125.8486
4906.75,572.985,116.6446
4907.0,547.233,110.29249999999999
4907.25,610.1189999999999,116.6306
4907.5,624.732,120.8749
4907.75,645.249,119.3811
4908.0,677.883,125.9847
4908.25,767.274,160.51569999999998
4908.5,590.3,107.4187
4908.75,683.004,126.42229999999999
4909.0,595.883,106.8263
4909.25,524.1080000000001,103.5107
4909.5,559.626,99.8929
4909.75,555.805,107.9063
4910.0,533.236,104.8758
4910.25,565.365,94.36439999999999
4910.5,596.352,97.4885
4910.75,620.961,101.8298
4911.0,613.62,100.91460000000001
4911.25,530.721,102.48580000000001
4911.5,470.294,98.56729999999999
4911.75,472.032,97.01899999999999
4912.0,507.154,99.1924
4912.25,482.98900000000003,94.744
4912.5,431.013,94.6721
4912.75,444.873,92.8536
4913.0,410.618,97.5341
4913.25,439.533,99.30960000000002
4913.5,484.74699999999996,99.5506
4913.75,495.98400000000004,95.3576
4914.0,525.6949999999999,104.6181
4914.25,549.413,100.9488
4914.5,542.672,99.0781
4914.75,528.422,105.505
4915.0,505.55,109.2046
4915.25,489.692,109.3014
4915.5,531.885,112.1755
4915.75,510.054,112.33350000000002
4916.0,544.169,108.63499999999999
4916.25,504.749,112.9096
4916.5,521.681,118.19749999999999
4916.75,524.939,116.1503
4917.0,531.926,105.6944
4917.25,464.084,108.39659999999999
4917.5,523.145,117.6499
4917.75,500.414,103.7954
4918.0,472.71400000000006,96.87900000000002
4918.25,498.69500000000005,100.62100000000001
4918.5,510.302,104.6314
4918.75,480.26,101.7856
4919.0,510.26,105.64920000000001
4919.25,487.62800000000004,100.6015
4919.5,444.131,102.356
4919.75,454.55600000000004,106.14710000000001
4920.0,430.46900000000005,102.52869999999999
4920.25,438.71900000000005,101.28980000000001
4920.5,430.2579999999999,100.34379999999999
4920.75,398.20099999999996,105.2278
4921.0,400.15,101.8574
4921.25,403.139,101.98159999999999
4921.5,386.423,103.91760000000001
4921.75,396.40599999999995,107.944
4922.0,400.16499999999996,108.2833
4922.25,391.177,109.95179999999999
4922.5,406.26800000000003,108.401
4922.75,369.755,100.2378
4923.0,362.92,98.38569999999999
4923.25,372.29,99.81389999999999
4923.5,362.16700000000003,104.18860000000001
4923.75,356.962,101.8678
4924.0,354.472,100.7687
4924.25,347.418,102.1824
4924.5,328.172,104.3924
4924.75,356.756,104.73849999999999
4925.0,368.318,106.33850000000001
4925.25,366.14300000000003,102.7518
4925.5,375.112,98.59989999999999
4925.75,362.998,101.71260000000001
4926.0,362.64500000000004,103.77969999999999
4926.25,359.70799999999997,106.78960000000001
4926.5,372.299,100.4474
4926.75,408.206,108.31790000000001
4927.0,449.632,102.4421
4927.25,501.259,99.9142
4927.5,517.2760000000001,102.3747
4927.75,591.1679999999999,105.1374
4928.0,558.582,107.7293
4928.25,708.345,115.051
4928.5,627.132,116.82749999999999
4928.75,533.085,101.77439999999999
4929.0,564.691,112.6729
4929.25,537.356,110.3501
4929.5,628.467,120.43230000000001
4929.75,584.424,121.16199999999998
4930.0,573.907,123.97989999999999
4930.25,582.009,128.5364
4930.5,557.874,118.97659999999999
4930.75,568.821,114.6244
4931.0,570.783,114.43639999999999
4931.25,634.854,115.7373
4931.5,702.78,135.38690000000003
4931.75,631.743,128.3919
4932.0,734.524,137.8995
4932.25,655.3530000000001,124.98659999999998
4932.5,609.183,125.2706
4932.75,577.827,116.8339
4933.0,547.311,117.30420000000001
4933.25,481.839,117.98010000000001
4933.5,505.198,106.8485
4933.75,551.389,110.9454
4934.0,527.971,107.8924
4934.25,478.075,102.1361
4934.5,513.3870000000001,107.6235
4934.75,462.24699999999996,101.8966
4935.0,500.763,103.4981
4935.25,509.502,103.76310000000001
4935.5,489.8,96.31379999999999
4935.75,462.136,101.7132
4936.0,553.164,106.74510000000001
4936.25,440.94800000000004,102.9416
4936.5,416.27700000000004,102.7341
4936.75,447.24699999999996,100.4533
4937.0,446.952,99.18149999999999
4937.25,507.895,112.2678
4937.5,479.17199999999997,108.15729999999999
4937.75,510.794,107.3058
4938.0,408.68899999999996,97.3922
4938.25,465.10400000000004,104.5189
4938.5,485.447,100.9091
4938.75,459.93500000000006,99.3762
4939.0,501.296,102.9881
4939.25,462.00199999999995,115.5591
4939.5,499.82900000000006,112.6696
4939.75,586.0039999999999,121.7755
4940.0,478.334,112.8569
4940.25,486.389,115.6848
4940.5,549.437,117.4818
4940.75,456.374,118.50030000000001
4941.0,483.607,122.9505
4941.25,456.293,114.0412
4941.5,400.96400000000006,113.37729999999999
4941.75,377.522,112.6073
4942.0,374.355,109.1403
4942.25,363.581,112.5661
4942.5,355.427,109.7806
4942.75,368.936,113.5198
4943.0,394.58,119.82220000000001
4943.25,430.505,111.0721
4943.5,384.885,101.91040000000001
4943.75,368.54,116.1696
4944.0,355.097,111.53710000000001
4944.25,360.125,107.8537
4944.5,353.078,106.61330000000001
4944.75,318.356,109.4937
4945.0,383.23900000000003,105.16149999999999
4945.25,326.43499999999995,103.8038
4945.5,298.3999,101.90729999999999
4945.75,311.847,106.07170000000002
4946.0,348.07500000000005,110.0635
4946.25,322.569,104.3765
4946.5,312.924,110.11599999999999
4946.75,340.909,109.833
4947.0,305.567,106.85679999999999
4947.25,319.195,101.56299999999999
4947.5,311.34200000000004,103.28110000000001
4947.75,303.284,106.8967
4948.0,302.229,107.0351
4948.25,331.14500000000004,108.89479999999999
4948.5,311.30999999999995,101.37819999999999
4948.75,270.4916,99.3741
4949.0,301.821,102.89979999999998
4949.25,319.476,107.7956
4949.5,322.839,109.71409999999999
4949.75,293.32320000000004,104.37429999999999
4950.0,299.05139999999994,106.5756
4950.25,286.7391,105.35589999999999
4950.5,292.22249999999997,102.21360000000001
4950.75,323.37399999999997,105.4563
4951.0,324.17900000000003,102.62719999999999
4951.25,313.035,102.5719
4951.5,315.15,99.3725
4951.75,294.7817,113.63349999999998
4952.0,296.52149999999995,107.6626
4952.25,271.3362,97.8493
4952.5,255.26050000000004,95.4446
4952.75,305.688,101.7984
4953.0,253.96929999999998,96.6285
4953.25,281.556,106.5221
4953.5,307.995,109.15539999999999
4953.75,333.87,109.3531
4954.0,374.262,110.3745
4954.25,401.178,111.27969999999999
4954.5,323.78,105.91489999999999
4954.75,341.019,105.67079999999999
4955.0,331.553,107.4985
4955.25,435.24199999999996,109.40559999999999
4955.5,417.671,114.78519999999999
4955.75,419.43399999999997,111.5258
4956.0,455.178,114.8022
4956.25,469.85699999999997,111.2672
4956.5,448.997,103.9967
4956.75,444.55400000000003,99.64909999999999
4957.0,373.619,94.6915
4957.25,370.76200000000006,95.9099
4957.5,434.97,94.8404
4957.75,462.83299999999997,104.25
4958.0,432.125,100.43440000000001
4958.25,494.274,109.0631
4958.5,478.76099999999997,105.93010000000001
4958.75,458.836,107.685
4959.0,512.392,112.9862
4959.25,505.706,111.61179999999999
4959.5,439.299,102.04579999999999
4959.75,373.568,109.155
4960.0,376.832,109.1094
4960.25,391.58799999999997,108.96530000000001
4960.5,384.491,119.0918
4960.75,366.13300000000004,112.0738
4961.0,366.005,108.52940000000001
4961.25,360.035,108.0795
4961.5,361.53200000000004,106.2645
4961.75,388.346,108.99189999999999
4962.0,397.946,111.57499999999999
4962.25,444.385,114.2948
4962.5,418.072,107.8697
4962.75,428.12300000000005,102.91399999999999
4963.0,437.50399999999996,101.48790000000001
4963.25,385.73,105.7459
4963.5,402.92900000000003,111.0338
4963.75,431.13699999999994,106.161
4964.0,503.632,113.18379999999999
4964.25,554.703,112.6449
4964.5,491.069,106.25129999999999
4964.75,513.517,110.7491
4965.0,497.251,115.52369999999999
4965.25,458.73800000000006,109.3899
4965.5,413.03599999999994,115.9007
4965.75,414.83899999999994,107.9619
4966.0,421.145,115.35910000000001
4966.25,394.908,119.2877
4966.5,374.631,109.0463
4966.75,390.293,106.0235
4967.0,488.36799999999994,112.07669999999999
4967.25,388.61799999999994,107.26339999999999
4967.5,394.217,105.56729999999999
4967.75,377.03999999999996,106.0452
4968.0,369.394,95.5964
4968.25,387.728,98.77690000000001
4968.5,363.029,101.3643
4968.75,317.396,99.72229999999999
4969.0,348.077,109.6039
4969.25,364.82,99.0631
4969.5,362.88,102.94720000000001
4969.75,342.244,106.29660000000001
4970.0,346.55600000000004,105.7011
4970.25,329.56,99.11779999999999
4970.5,382.146,104.0059
4970.75,347.285,105.4339
4971.0,315.715,105.7039
4971.25,339.365,100.4152
4971.5,313.62,102.8734
4971.75,323.68600000000004,103.86529999999999
4972.0,305.654,102.0721
4972.25,319.419,97.9768
4972.5,312.784,101.9836
4972.75,317.424,104.912
4973.0,322.75699999999995,106.05619999999999
4973.25,306.174,105.06649999999999
4973.5,318.88199999999995,98.7913
4973.75,346.25100000000003,105.74329999999999
4974.0,348.379,100.2728
4974.25,369.778,107.0241
4974.5,349.774,106.23599999999999
4974.75,343.971,98.4451
4975.0,359.875,100.6143
4975.25,374.219,99.5085
4975.5,345.827,100.68800000000002
4975.75,371.699,100.07419999999999
4976.0,279.246,99.3236
4976.25,326.022,99.48419999999999
4976.5,329.496,100.83879999999999
4976.75,299.2189,102.774
4977.0,322.176,104.89920000000001
4977.25,353.186,104.6508
4977.5,337.238,108.5128
4977.75,365.07300000000004,102.6954
4978.0,335.999,99.29769999999999
4978.25,344.363,99.73240000000001
4978.5,318.379,98.95769999999999
4978.75,367.333,100.0128
4979.0,402.78400000000005,97.3594
4979.25,395.55499999999995,102.19229999999999
4979.5,416.524,102.7815
4979.75,388.74699999999996,109.5978
4980.0,444.743,106.60479999999998
4980.25,431.09000000000003,110.8527
4980.5,395.98199999999997,105.30780000000001
4980.75,411.109,113.72969999999998
4981.0,365.128,104.0634
4981.25,346.587,110.7619
4981.5,428.765,104.7446
4981.75,407.13300000000004,106.829
4982.0,384.173,111.80560000000001
4982.25,445.01300000000003,110.05350000000001
4982.5,412.637,107.26229999999998
4982.75,441.22900000000004,110.4588
4983.0,424.13,111.7363
4983.25,444.986,106.47300000000001
4983.5,368.28900000000004,109.5686
4983.75,402.41299999999995,108.161
4984.0,369.55999999999995,113.4361
4984.25,400.57800000000003,108.4841
4984.5,381.476,114.15639999999999
4984.75,354.383,111.4651
4985.0,381.36199999999997,116.5966
4985.25,408.96899999999994,107.7129
4985.5,385.18100000000004,106.8829
4985.75,546.258,113.3537
4986.0,523.483,109.3069
4986.25,506.03499999999997,105.9436
4986.5,542.05,107.62880000000001
4986.75,468.75199999999995,120.5626
4987.0,497.21200000000005,110.7403
4987.25,459.16999999999996,110.5449
4987.5,446.23400000000004,113.0036
4987.75,535.6410000000001,117.1278
4988.0,485.65700000000004,113.7133
4988.25,489.621,118.3273
4988.5,432.269,106.07829999999998
4988.75,454.14799999999997,112.89779999999999
4989.0,464.145,110.9696
4989.25,558.949,117.00110000000001
4989.5,482.005,120.1539
4989.75,513.5880000000001,112.32770000000001
4990.0,534.673,127.5113
4990.25,560.874,128.0027
4990.5,542.466,125.5497
4990.75,512.115,123.7594
4991.0,519.713,122.9374
4991.25,502.34000000000003,120.1353
4991.5,501.49199999999996,115.59370000000001
4991.75,474.50300000000004,115.8592
4992.0,469.175,118.9261
4992.25,403.381,114.4893
4992.5,396.73900000000003,113.1914
4992.75,415.58899999999994,114.04390000000001
4993.0,421.9,115.511
4993.25,380.51300000000003,112.4325
4993.5,373.15700000000004,119.7158
4993.75,394.799,114.9533
4994.0,366.47299999999996,112.02409999999998
4994.25,379.265,122.13149999999999
4994.5,365.08599999999996,114.1421
4994.75,411.23,117.36009999999999
4995.0,409.045,118.45920000000001
4995.25,388.666,112.8525
4995.5,395.702,111.3324
4995.75,395.66999999999996,119.41510000000001
4996.0,381.892,115.2258
4996.25,369.815,114.03380000000001
4996.5,356.372,115.63589999999999
4996.75,371.993,115.8041
4997.0,414.944,118.09089999999999
4997.25,372.10400000000004,110.30060000000002
4997.5,376.608,112.16839999999999
4997.75,393.764,114.56380000000001
4998.0,396.743,114.3536
4998.25,443.861,120.2492
4998.5,434.588,121.133
4998.75,459.24699999999996,126.3411
4999.0,507.769,121.15370000000001
4999.25,524.49,107.38919999999999
4999.5,546.932,121.1703
4999.75,607.098,141.3249
5000.0,599.547,138.8933
5000.25,615.123,140.7808
5000.5,618.435,142.36419999999998
5000.75,699.546,161.0761
5001.0,584.6759999999999,127.25359999999999
5001.25,782.1569999999999,149.9641
5001.5,676.683,136.2683
5001.75,637.5809999999999,130.93880000000001
5002.0,579.5160000000001,120.6507
5002.25,673.674,134.76940000000002
5002.5,582.5540000000001,116.2401
5002.75,675.633,132.4933
5003.0,661.818,113.6112
5003.25,584.928,107.4109
5003.5,589.758,104.6703
5003.75,575.382,113.2818
5004.0,662.9159999999999,113.3469
5004.25,621.083,115.90350000000001
5004.5,669.7860000000001,118.2457
5004.75,625.3050000000001,125.3511
5005.0,572.6370000000001,116.28569999999999
5005.25,575.819,108.3346
5005.5,557.859,106.2849
5005.75,565.703,111.73420000000002
5006.0,598.617,115.2514
5006.25,558.893,105.439
5006.5,554.0260000000001,107.10329999999999
5006.75,478.11899999999997,99.6654
5007.0,573.942,101.2626
5007.25,538.0350000000001,95.81989999999999
5007.5,545.154,105.7999
5007.75,525.909,101.20679999999999
5008.0,470.913,102.47250000000001
5008.25,492.163,101.5145
5008.5,483.5160000000001,100.25070000000001
5008.75,479.65599999999995,101.48920000000001
5009.0,427.926,104.3809
5009.25,423.84299999999996,100.3871
5009.5,462.683,105.85499999999999
5009.75,463.756,99.43469999999999
5010.0,512.864,110.63810000000001
5010.25,531.434,106.0649
5010.5,566.333,107.16680000000001
5010.75,528.962,101.08529999999999
5011.0,510.125,110.0482
5011.25,512.027,104.22990000000001
5011.5,566.367,98.95540000000001
5011.75,501.92900000000003,100.6001
5012.0,560.394,98.0683
5012.25,495.75199999999995,98.719
5012.5,548.544,97.1745
5012.75,570.72,97.28580000000001
5013.0,513.92,101.901
5013.25,544.06,98.7645
5013.5,509.726,102.1337
5013.75,505.14799999999997,98.0456
5014.0,430.175,107.1831
5014.25,446.749,103.0139
5014.5,464.447,106.27239999999999
5014.75,490.601,106.18820000000001
5015.0,450.68899999999996,110.8151
5015.25,452.66299999999995,109.9213
5015.5,486.55400000000003,117.56969999999998
5015.75,481.197,116.3895
5016.0,461.653,105.3264
5016.25,488.93100000000004,99.1292
5016.5,424.99,103.3901
5016.75,412.26700000000005,101.3175
5017.0,396.556,104.4261
5017.25,443.228,106.73089999999999
5017.5,469.086,107.31299999999999
5017.75,420.194,107.05199999999999
5018.0,382.201,107.88810000000001
5018.25,381.382,111.6363
5018.5,394.07900000000006,102.786
5018.75,360.548,104.69139999999999
5019.0,392.05400000000003,105.0207
5019.25,374.975,108.3741
5019.5,359.331,98.0047
5019.75,360.37,97.4728
5020.0,329.913,97.39429999999999
5020.25,318.072,96.93040000000002
5020.5,322.714,93.6515
5020.75,353.76800000000003,96.1352
5021.0,364.034,95.7699
5021.25,352.016,98.0289
5021.5,437.203,103.6648
5021.75,384.671,101.3065
5022.0,411.067,101.55680000000001
5022.25,428.87199999999996,102.86749999999998
5022.5,416.02099999999996,99.9468
5022.75,412.775,100.7406
5023.0,487.711,96.81739999999999
5023.25,426.197,102.2252
5023.5,584.8030000000001,97.71369999999999
5023.75,614.082,101.1363
5024.0,553.2929999999999,108.73830000000001
5024.25,543.949,102.81989999999999
5024.5,527.872,106.21180000000001
5024.75,567.5999999999999,114.03219999999999
5025.0,735.429,120.7107
5025.25,524.769,104.9653
5025.5,551.02,110.45309999999999
5025.75,589.6949999999999,100.7932
5026.0,631.511,112.4091
5026.25,554.1659999999999,102.7757
5026.5,690.219,117.6713
5026.75,569.564,105.1365
5027.0,547.1370000000001,100.7937
5027.25,578.958,104.56290000000001
5027.5,586.676,101.11649999999999
5027.75,646.231,107.74390000000001
5028.0,595.732,102.265
5028.25,578.376,110.1507
5028.5,585.015,110.6115
5028.75,612.684,112.8364
5029.0,644.208,107.52489999999999
5029.25,554.802,105.6517
5029.5,623.9490000000001,112.71579999999999
5029.75,580.935,107.36819999999999
5030.0,567.654,100.19550000000001
5030.25,620.46,95.55409999999999
5030.5,676.278,99.75970000000001
5030.75,613.101,95.19120000000001
5031.0,574.182,100.3528
5031.25,573.0690000000001,93.0548
5031.5,521.0160000000001,89.8145
5031.75,480.639,92.024
5032.0,473.943,92.1206
5032.25,507.448,90.45519999999999
5032.5,501.363,92.9882
5032.75,527.554,90.2276
5033.0,487.299,94.7632
5033.25,477.567,92.92530000000001
5033.5,538.9440000000001,98.12190000000001
5033.75,536.65,102.33959999999999
5034.0,520.778,106.3989
5034.25,507.52099999999996,109.4606
5034.5,557.864,124.0941
5034.75,584.6030000000001,105.1935
5035.0,537.986,102.9669
5035.25,579.881,101.015
5035.5,508.73299999999995,111.37299999999999
5035.75,555.587,101.4084
5036.0,530.4179999999999,108.47879999999999
5036.25,562.433,108.74189999999999
5036.5,500.6,107.66130000000001
5036.75,492.894,111.2685
5037.0,499.463,111.96679999999999
5037.25,496.667,108.1016
5037.5,502.781,106.14349999999999
5037.75,528.782,125.7775
5038.0,508.568,101.3913
5038.25,633.413,111.033
5038.5,505.922,108.37190000000001
5038.75,530.795,108.15879999999999
5039.0,512.295,108.4795
5039.25,570.423,118.4599
5039.5,498.443,112.1339
5039.75,620.431,111.3947
5040.0,444.54999999999995,107.16920000000002
5040.25,460.804,105.4776
5040.5,455.456,110.04639999999999
5040.75,410.848,110.6474
5041.0,453.91200000000003,109.7112
5041.25,410.28400000000005,109.70620000000001
5041.5,405.36199999999997,110.428
5041.75,466.442,108.87100000000001
5042.0,386.62,106.7235
5042.25,418.44399999999996,105.68210000000002
5042.5,442.217,111.5264
5042.75,384.49299999999994,105.0171
5043.0,372.815,102.42690000000002
5043.25,370.753,107.5775
5043.5,366.79499999999996,110.5205
5043.75,381.217,101.7394
5044.0,364.714,101.38810000000001
5044.25,361.79200000000003,108.2629
5044.5,365.792,101.46289999999999
5044.75,365.284,102.54230000000001
5045.0,364.625,101.7097
5045.25,357.745,106.4185
5045.5,344.71000000000004,100.6683
5045.75,371.942,104.87780000000001
5046.0,371.03,110.13499999999999
5046.25,408.779,107.07400000000001
5046.5,399.212,112.69720000000001
5046.75,445.173,103.5548
5047.0,427.168,98.9418
5047.25,468.80600000000004,98.4231
5047.5,632.865,111.8219
5047.75,598.374,109.1063
5048.0,601.2090000000001,123.46289999999999
5048.25,666.582,101.9392
5048.5,733.0609999999999,122.2728
5048.75,634.659,114.6584
5049.0,503.67999999999995,103.2569
5049.25,730.71,110.7225
5049.5,636.601,108.5656
5049.75,784.768,108.97920000000002
5050.0,734.567,116.55600000000001
5050.25,753.207,119.5043
5050.5,694.146,110.5016
5050.75,636.627,100.66839999999999
5051.0,640.671,101.5634
5051.25,534.894,101.4213
5051.5,591.5699999999999,102.28529999999999
5051.75,630.594,105.11680000000001
5052.0,710.427,104.06649999999999
5052.25,668.302,103.5826
5052.5,638.5160000000001,104.16149999999999
5052.75,620.79,110.6087
5053.0,694.111,116.1421
5053.25,669.6990000000001,110.9394
5053.5,510.699,107.2715
5053.75,606.043,106.38419999999999
5054.0,607.0730000000001,102.5124
5054.25,605.608,99.90890000000002
5054.5,493.65299999999996,100.0887
5054.75,519.235,100.36169999999998
5055.0,570.619,102.2654
5055.25,558.074,102.36249999999998
5055.5,560.526,102.4765
5055.75,545.145,100.1798
5056.0,565.002,103.32809999999999
5056.25,529.3,104.38
5056.5,523.357,108.8674
5056.75,518.649,108.0471
5057.0,496.703,106.477
5057.25,500.48,99.62820000000002
5057.5,485.832,96.7427
5057.75,477.399,92.6194
5058.0,551.981,103.68699999999998
5058.25,574.5809999999999,103.1366
5058.5,590.5319999999999,102.85739999999998
5058.75,586.514,116.39000000000001
5059.0,668.045,120.5865
5059.25,875.442,206.12239999999997
5059.5,666.0550000000001,127.0215
5059.75,737.5,133.2261
5060.0,684.931,127.21750000000002
5060.25,619.619,123.7963
5060.5,647.613,127.50560000000002
5060.75,851.6410000000001,205.00830000000002
5061.0,616.874,125.87989999999999
5061.25,666.2660000000001,138.6495
5061.5,589.543,116.8877
5061.75,586.8530000000001,109.7087
5062.0,587.4970000000001,106.71279999999999
5062.25,561.731,113.5098
5062.5,547.36,109.97390000000001
5062.75,551.498,108.9692
5063.0,479.144,123.2326
5063.25,499.08500000000004,117.83539999999999
5063.5,513.731,119.382
5063.75,574.0500000000001,117.3158
5064.0,477.90299999999996,105.6259
5064.25,437.272,117.12639999999999
5064.5,411.48499999999996,106.41709999999999
5064.75,444.37300000000005,110.28049999999999
5065.0,471.952,103.7601
5065.25,471.72,108.0843
5065.5,455.871,110.20429999999999
5065.75,426.60699999999997,114.75140000000002
5066.0,472.29999999999995,107.5387
5066.25,443.341,106.74889999999999
5066.5,422.279,108.5204
5066.75,426.368,112.5029
5067.0,416.534,107.5118
5067.25,410.499,110.11330000000001
5067.5,412.547,109.4648
5067.75,409.648,109.1202
5068.0,384.194,112.617
5068.25,382.52599999999995,112.59449999999998
5068.5,387.122,111.7181
5068.75,380.95,105.58019999999999
5069.0,365.255,108.1035
5069.25,399.115,106.23349999999999
5069.5,407.14300000000003,102.61510000000001
5069.75,392.258,98.9692
5070.0,382.499,102.28620000000001
5070.25,379.622,96.98329999999999
5070.5,465.74,98.5659
5070.75,428.417,97.9001
5071.0,497.81499999999994,98.31570000000002
5071.25,513.927,99.803
5071.5,622.857,104.3646
5071.75,704.336,108.6893
5072.0,697.9559999999999,112.2639
5072.25,837.0430000000001,156.15589999999997
5072.5,819.73,125.2231
5072.75,734.131,130.0532
5073.0,667.092,110.3806
5073.25,706.444,111.57329999999999
5073.5,772.705,127.5557
5073.75,728.106,130.4604
5074.0,835.858,122.01039999999999
5074.25,862.394,171.8455
5074.5,758.715,134.9098
5074.75,897.3810000000001,174.2534
5075.0,683.569,110.8019
5075.25,793.29,135.4009
5075.5,678.217,121.10130000000001
5075.75,883.5509999999999,167.1707
5076.0,840.5070000000001,134.73930000000001
5076.25,771.264,128.1629
5076.5,857.371,160.242
5076.75,690.706,114.31209999999999
5077.0,809.4870000000001,141.3988
5077.25,657.672,113.1701
5077.5,644.498,112.42269999999999
5077.75,643.355,112.79409999999999
5078.0,601.071,109.46620000000001
5078.25,561.606,105.87050000000002
5078.5,579.795,101.4898
5078.75,588.7719999999999,106.4033
5079.0,519.128,107.65570000000001
5079.25,494.59,106.7124
5079.5,519.196,104.82130000000001
5079.75,468.365,100.43629999999999
5080.0,524.8040000000001,105.39670000000001
5080.25,503.632,106.76850000000002
5080.5,504.201,104.70840000000001
5080.75,480.39799999999997,102.29469999999999
5081.0,485.278,101.46759999999999
5081.25,553.998,111.87879999999998
5081.5,547.969,116.5935
5081.75,525.51,117.5107
5082.0,566.717,124.38909999999998
5082.25,597.876,111.1771
5082.5,651.438,110.969
5082.75,632.973,109.23249999999999
5083.0,628.671,108.5418
5083.25,649.369,111.7996
5083.5,627.933,115.3
5083.75,579.8299999999999,112.3363
5084.0,586.965,108.3616
5084.25,593.61,113.33429999999998
5084.5,539.94,105.8509
5084.75,569.024,112.9426
5085.0,540.149,109.5287
5085.25,515.045,104.8677
5085.5,539.633,117.8972
5085.75,557.951,117.9339
5086.0,482.61199999999997,99.18540000000002
5086.25,496.571,92.986
5086.5,474.383,97.49849999999999
5086.75,511.766,97.62559999999999
5087.0,507.101,101.8058
5087.25,479.83,101.25060000000002
5087.5,479.366,99.8646
5087.75,503.047,100.58700000000002
5088.0,477.5160000000001,100.25890000000001
5088.25,468.269,101.08009999999999
5088.5,443.242,98.3571
5088.75,411.919,94.60730000000001
5089.0,428.05100000000004,97.494
5089.25,442.84,102.21180000000001
5089.5,435.785,100.0547
5089.75,410.15199999999993,95.14290000000001
5090.0,407.17999999999995,99.5022
5090.25,442.408,112.33879999999999
5090.5,421.046,113.6113
5090.75,404.041,106.09219999999999
5091.0,408.533,111.8793
5091.25,395.386,113.16989999999998
5091.5,392.947,105.2879
5091.75,392.87300000000005,106.0716
5092.0,391.6329999999999,102.7569
5092.25,366.77000000000004,110.9699
5092.5,351.527,105.832
5092.75,345.112,104.98049999999999
5093.0,370.343,104.30849999999998
5093.25,391.735,109.97489999999999
5093.5,420.174,108.4324
5093.75,402.61,104.488
5094.0,407.7579999999999,106.98160000000001
5094.25,407.617,105.68950000000001
5094.5,415.525,106.8675
5094.75,438.66700000000003,103.05529999999999
5095.0,505.15700000000004,100.2293
5095.25,523.893,101.1354
5095.5,562.4159999999999,113.6782
5095.75,645.0120000000001,105.92739999999999
5096.0,613.899,112.3153
5096.25,559.866,114.4673
5096.5,611.3879999999999,122.3511
5096.75,599.729,126.08749999999999
5097.0,609.3720000000001,135.0736
5097.25,707.5360000000001,139.1748
5097.5,659.816,132.6542
5097.75,822.126,134.3597
5098.0,629.583,121.01159999999999
5098.25,628.323,122.27600000000001
5098.5,748.632,140.4687
5098.75,619.02,134.3594
5099.0,594.537,131.39190000000002
5099.25,766.2909999999999,144.2159
5099.5,759.6030000000001,150.2286
5099.75,653.769,136.5596
5100.0,752.967,129.8644
5100.25,638.3190000000001,125.45830000000001
5100.5,648.21,127.85669999999999
5100.75,673.65,124.4939
5101.0,545.88,116.1676
5101.25,611.367,116.1438
5101.5,638.289,116.13669999999999
5101.75,627.726,120.9794
5102.0,597.651,127.88069999999999
5102.25,502.59900000000005,123.1619
5102.5,547.8689999999999,116.7552
5102.75,521.302,125.838
5103.0,588.9179999999999,132.1669
5103.25,614.724,126.6658
5103.5,582.813,122.38070000000002
5103.75,540.127,119.0288
5104.0,584.888,122.7586
5104.25,583.1610000000001,127.9226
5104.5,544.971,125.3373
5104.75,566.012,129.9303
5105.0,529.093,129.1619
5105.25,553.1610000000001,126.164
5105.5,517.743,118.1215
5105.75,519.8879999999999,118.93799999999999
5106.0,498.116,121.699
5106.25,576.234,120.36340000000001
5106.5,760.269,181.7962
5106.75,798.2080000000001,182.8937
5107.0,576.8389999999999,118.0693
5107.25,594.131,113.0033
5107.5,575.942,118.06200000000001
5107.75,570.275,117.80859999999998
5108.0,494.552,106.21979999999999
5108.25,472.11199999999997,108.78110000000001
5108.5,488.98400000000004,110.7739
5108.75,494.366,109.4061
5109.0,486.202,107.1996
5109.25,436.90099999999995,109.4098
5109.5,438.062,101.3671
5109.75,418.272,103.6072
5110.0,468.779,105.53249999999998
5110.25,445.577,106.4854
5110.5,370.613,102.134
5110.75,334.37399999999997,97.8563
5111.0,375.788,107.07919999999999
5111.25,374.88199999999995,99.974
5111.5,432.65500000000003,107.3373
5111.75,395.59099999999995,111.4391
5112.0,351.647,101.17639999999999
5112.25,376.88599999999997,110.5
5112.5,363.485,106.86650000000002
5112.75,377.135,111.44669999999999
5113.0,342.884,111.394
5113.25,380.716,116.3019
5113.5,339.297,109.86059999999999
5113.75,334.159,111.9787
5114.0,316.058,106.3067
5114.25,318.99699999999996,100.58109999999999
5114.5,330.236,111.8264
5114.75,310.443,105.0502
5115.0,296.9044,103.8
5115.25,302.144,102.3099
5115.5,309.33299999999997,106.25049999999999
5115.75,303.249,105.8149
5116.0,283.86789999999996,103.93450000000001
5116.25,288.08029999999997,102.79390000000001
5116.5,274.7276,103.11260000000001
5116.75,296.4256,106.7346
5117.0,287.4792,103.0447
5117.25,297.637,104.7123
5117.5,284.6511,99.9839
5117.75,290.2653,104.6311
5118.0,293.50239999999997,103.3614
5118.25,286.4566,110.2918
5118.5,277.9425,103.4195
5118.75,283.1406,103.64779999999999
5119.0,298.1256,101.7447
5119.25,290.0022,92.4527
5119.5,262.8988,94.5844
5119.75,266.7685,97.8904
5120.0,223.2939,92.0352
5120.25,300.72299999999996,95.3001
5120.5,352.67499999999995,101.267
5120.75,308.942,107.49940000000001
5121.0,311.663,104.4016
5121.25,318.146,106.14880000000002
5121.5,324.308,118.29809999999999
5121.75,332.0,119.6199
5122.0,362.716,116.8832
5122.25,316.718,118.0864
5122.5,302.20399999999995,115.2713
5122.75,328.146,115.86949999999999
5123.0,355.348,117.0059
5123.25,346.53200000000004,116.7964
5123.5,352.844,116.935
5123.75,383.788,115.2102
5124.0,358.47400000000005,111.88549999999998
5124.25,365.305,116.4245
5124.5,384.76,108.69839999999999
5124.75,373.827,105.05449999999999
5125.0,368.29600000000005,110.3717
5125.25,400.41700000000003,120.1895
5125.5,368.175,112.58120000000001
5125.75,364.865,115.37960000000001
5126.0,465.482,119.663
5126.25,367.605,109.67779999999999
5126.5,377.827,106.26740000000001
5126.75,396.958,105.6188
5127.0,394.162,108.1353
5127.25,383.218,107.74510000000001
5127.5,343.165,104.3397
5127.75,366.749,104.56700000000001
5128.0,334.519,104.0715
5128.25,352.655,116.15289999999999
5128.5,383.786,118.5624
5128.75,382.78700000000003,109.2054
5129.0,335.98799999999994,107.7646
5129.25,354.886,117.0589
5129.5,339.977,106.1004
5129.75,416.87,117.34270000000001
5130.0,458.173,115.6437
5130.25,461.903,115.4382
5130.5,428.933,101.7271
5130.75,456.852,112.3263
5131.0,425.312,107.5019
5131.25,447.209,108.323
5131.5,505.05000000000007,115.2843
5131.75,477.802,116.6336
5132.0,511.419,115.46280000000002
5132.25,535.145,122.8024
5132.5,473.27,114.0709
5132.75,528.2819999999999,117.4445
5133.0,487.08700000000005,114.62959999999998
5133.25,436.53200000000004,113.02020000000002
5133.5,461.41799999999995,116.26410000000001
5133.75,469.586,109.0189
5134.0,451.154,103.67840000000001
5134.25,444.841,104.366
5134.5,418.85799999999995,104.64009999999999
5134.75,374.44000000000005,103.3648
5135.0,398.87899999999996,102.188
5135.25,430.894,109.5418
5135.5,382.799,114.3029
5135.75,381.759,108.34899999999999
5136.0,385.222,107.75
5136.25,394.43899999999996,101.27669999999999
5136.5,376.53,103.4911
5136.75,357.709,103.9476
5137.0,351.674,107.1343
5137.25,369.336,110.08350000000002
5137.5,375.24199999999996,107.51490000000001
5137.75,378.432,112.0261
5138.0,344.426,113.5337
5138.25,343.586,103.07150000000001
5138.5,351.519,106.9225
5138.75,350.632,110.11540000000001
5139.0,319.76,108.9119
5139.25,343.103,111.77159999999999
5139.5,345.53999999999996,111.55179999999999
5139.75,334.53200000000004,113.81099999999999
5140.0,338.451,106.5079
5140.25,322.93499999999995,110.9051
5140.5,297.92769999999996,104.92830000000001
5140.75,322.25100000000003,104.6673
5141.0,327.387,109.7396
5141.25,337.655,108.0322
5141.5,336.84499999999997,110.68209999999999
5141.75,339.087,108.80850000000001
5142.0,359.384,114.9323
5142.25,331.614,111.9368
5142.5,325.67499999999995,106.0835
5142.75,351.065,112.01350000000001
5143.0,350.58500000000004,109.1345
5143.25,336.289,107.66579999999999
5143.5,341.68399999999997,116.18119999999999
5143.75,368.91200000000003,117.77360000000002
5144.0,316.655,102.6127
5144.25,304.419,108.6049
5144.5,337.09799999999996,112.2603
5144.75,353.524,108.2473
5145.0,339.55400000000003,105.2493
5145.25,356.509,104.38189999999999
5145.5,405.906,102.9733
5145.75,332.88,108.2653
5146.0,359.794,104.33159999999998
5146.25,332.57899999999995,105.6125
5146.5,323.543,107.2481
5146.75,295.0503,108.00479999999999
5147.0,337.35900000000004,104.43339999999999
5147.25,354.542,106.6312
5147.5,367.25699999999995,109.56480000000002
5147.75,441.379,108.8979
5148.0,445.486,112.8419
5148.25,376.8,111.6652
5148.5,352.06399999999996,108.5122
5148.75,326.93899999999996,111.0566
5149.0,348.574,111.8176
5149.25,381.158,113.8203
5149.5,416.43999999999994,109.86939999999998
5149.75,388.15,114.717
5150.0,376.524,114.2547
5150.25,388.37,111.6188
5150.5,387.89599999999996,111.18689999999998
5150.75,389.552,103.4315
5151.0,354.09799999999996,106.8322
5151.25,293.5636,105.0938
5151.5,331.67499999999995,108.68529999999998
5151.75,374.653,102.09989999999999
5152.0,356.422,100.29150000000001
5152.25,520.5260000000001,162.4481
5152.5,506.31,162.6891
5152.75,450.129,118.01849999999999
5153.0,420.01200000000006,111.93380000000002
5153.25,529.746,158.7517
5153.5,580.215,162.3865
5153.75,457.124,114.1017
5154.0,460.37,110.7697
5154.25,480.33299999999997,112.2536
5154.5,456.47400000000005,107.9791
5154.75,408.649,106.8169
5155.0,476.07500000000005,104.4808
5155.25,526.046,105.66890000000001
5155.5,520.406,98.399
5155.75,551.1279999999999,108.8725
5156.0,569.6610000000001,112.32069999999999
5156.25,479.28200000000004,111.658
5156.5,491.90199999999993,105.5042
5156.75,615.36,112.0084
5157.0,574.326,112.1313
5157.25,430.472,109.9203
5157.5,503.54200000000003,93.0028
5157.75,504.715,104.3292
5158.0,436.639,111.55259999999998
5158.25,502.62800000000004,100.6345
5158.5,463.038,106.9839
5158.75,462.697,99.6559
5159.0,462.367,98.3349
5159.25,484.407,98.6385
5159.5,409.65700000000004,104.4804
5159.75,409.93100000000004,109.86919999999999
5160.0,477.624,110.0287
5160.25,409.82300000000004,104.8542
5160.5,388.147,110.8152
5160.75,392.689,102.6888
5161.0,394.727,101.79650000000001
5161.25,433.66099999999994,107.5042
5161.5,411.715,109.803
5161.75,391.23900000000003,108.0878
5162.0,385.567,109.1899
5162.25,411.78999999999996,107.74769999999998
5162.5,418.994,110.2705
5162.75,409.39000000000004,108.36959999999999
5163.0,392.56999999999994,107.1554
5163.25,423.08,112.80529999999999
5163.5,376.531,110.18730000000001
5163.75,391.994,113.8511
5164.0,388.2579999999999,109.5952
5164.25,379.64,110.50210000000001
5164.5,334.452,110.367
5164.75,338.437,106.49849999999999
5165.0,353.036,109.96449999999999
5165.25,356.271,114.0589
5165.5,375.64,121.6054
5165.75,406.28200000000004,109.0034
5166.0,459.64700000000005,118.7105
5166.25,448.543,116.5821
5166.5,442.673,120.2846
5166.75,485.933,113.8766
5167.0,593.5409999999999,121.70589999999999
5167.25,610.842,127.6597
5167.5,648.237,130.0703
5167.75,743.688,146.973
5168.0,652.485,139.30329999999998
5168.25,766.962,172.6397
5168.5,638.829,136.6486
5168.75,716.4630000000001,134.7022
5169.0,785.976,138.1075
5169.25,636.645,129.8468
5169.5,712.636,132.8253
5169.75,754.088,150.11700000000002
5170.0,774.3969999999999,149.2524
5170.25,725.9739999999999,127.40790000000001
5170.5,667.9929999999999,121.96379999999999
5170.75,846.984,190.10999999999999
5171.0,782.119,130.58409999999998
5171.25,778.0540000000001,134.2278
5171.5,713.238,133.6676
5171.75,731.092,118.60079999999999
5172.0,709.117,128.4688
5172.25,862.348,132.8439
5172.5,775.9910000000001,134.60590000000002
5172.75,906.5050000000001,137.37330000000003
5173.0,868.23,161.1258
5173.25,691.703,129.6916
5173.5,731.367,140.5675
5173.75,683.688,133.328
5174.0,719.569,138.2721
5174.25,832.341,196.75759999999997
5174.5,864.559,132.4459
5174.75,639.1,125.3449
5175.0,824.076,164.1658
5175.25,715.316,115.66740000000001
5175.5,670.152,123.1311
5175.75,714.958,114.95590000000001
5176.0,682.467,134.266
5176.25,655.014,161.0917
5176.5,689.277,124.9597
5176.75,779.358,131.5693
5177.0,612.49,135.8631
5177.25,723.3389999999999,121.8616
5177.5,776.106,200.76590000000004
5177.75,614.7929999999999,144.65449999999998
5178.0,712.143,141.9497
5178.25,774.8329999999999,130.33530000000002
5178.5,940.2370000000001,234.3836
5178.75,683.457,133.1864
5179.0,685.1279999999999,130.30200000000002
5179.25,679.863,121.63850000000001
5179.5,651.9350000000001,114.6644
5179.75,745.825,118.5676
5180.0,579.318,119.343
5180.25,857.0709999999999,202.82170000000002
5180.5,666.306,121.5052
5180.75,580.513,116.2732
5181.0,742.995,119.6138
5181.25,726.494,128.30450000000002
5181.5,598.309,120.7577
5181.75,607.3789999999999,116.69460000000001
5182.0,670.582,112.28049999999999
5182.25,729.854,115.6396
5182.5,485.254,110.97630000000001
5182.75,539.759,108.59249999999999
5183.0,647.605,113.13069999999999
5183.25,599.076,110.1034
5183.5,640.187,114.3693
5183.75,586.97,112.1719
5184.0,495.55999999999995,110.89009999999999
5184.25,462.351,112.2176
5184.5,505.196,105.61059999999999
5184.75,436.89099999999996,104.2113
5185.0,409.658,107.9951
5185.25,419.05699999999996,111.0956
5185.5,430.19899999999996,109.34730000000002
5185.75,475.17999999999995,120.26830000000001
5186.0,474.889,115.2973
5186.25,440.26200000000006,108.7047
5186.5,448.847,110.06179999999999
5186.75,405.988,116.3598
5187.0,457.669,114.1191
5187.25,428.40999999999997,115.1662
5187.5,388.46799999999996,114.16590000000001
5187.75,438.639,103.86429999999999
5188.0,387.209,109.4658
5188.25,369.50800000000004,113.09809999999999
5188.5,429.299,111.2149
5188.75,383.246,115.3518
5189.0,373.534,115.07079999999999
5189.25,389.59899999999993,108.6651
5189.5,380.842,106.43630000000002
5189.75,381.818,111.17669999999998
5190.0,416.704,106.4178
5190.25,416.935,110.9906
5190.5,474.659,103.3186
5190.75,602.874,114.7562
5191.0,616.524,122.7688
5191.25,616.51,109.97649999999999
5191.5,674.5350000000001,104.6911
5191.75,677.559,119.792
5192.0,663.327,112.29849999999999
5192.25,719.427,116.5184
5192.5,733.366,117.1893
5192.75,703.171,124.0799
5193.0,817.0540000000001,133.1146
5193.25,664.4680000000001,121.8937
5193.5,739.127,135.11430000000001
5193.75,784.6450000000001,123.9845
5194.0,784.5249999999999,126.5668
5194.25,884.1220000000001,182.4289
5194.5,836.644,126.3001
5194.75,775.413,137.54969999999997
5195.0,868.5519999999999,139.0392
5195.25,1162.777,230.75759999999997
5195.5,883.0450000000001,145.44979999999998
5195.75,937.9180000000001,138.98659999999998
5196.0,951.9779999999998,174.9263
5196.25,843.3419999999999,143.1067
5196.5,831.1389999999999,126.6722
5196.75,825.556,132.74779999999998
5197.0,859.3270000000001,125.3399
5197.25,809.722,123.4459
5197.5,1027.917,205.9674
5197.75,768.742,123.6702
5198.0,830.1309999999999,141.55270000000002
5198.25,724.477,118.29740000000001
5198.5,913.21,194.83689999999999
5198.75,683.809,106.3569
5199.0,878.7369999999999,180.0257
5199.25,684.524,104.1183
5199.5,868.518,191.3794
5199.75,649.46,114.21149999999999
5200.0,862.6099999999999,175.8187
5200.25,755.832,132.6148
5200.5,770.4870000000001,204.8014
5200.75,801.3180000000001,197.7532
5201.0,810.3719999999998,197.5152
5201.25,524.995,145.2867
5201.5,696.302,114.79930000000002
5201.75,750.412,120.69149999999999
5202.0,1016.752,206.83380000000002
5202.25,825.816,111.84980000000002
5202.5,1141.233,237.7346
5202.75,783.206,122.69489999999999
5203.0,923.588,179.7249
5203.25,808.896,126.62429999999999
5203.5,1040.026,222.93519999999998
5203.75,779.0889999999999,155.1516
5204.0,685.317,117.01219999999999
5204.25,722.746,137.519
5204.5,588.4549999999999,116.1683
5204.75,668.883,123.75029999999998
5205.0,688.697,116.17320000000001
5205.25,587.0160000000001,118.5533
5205.5,612.827,116.2311
5205.75,623.006,115.7697
5206.0,686.3720000000001,116.5249
5206.25,613.86,108.01830000000001
5206.5,584.165,102.1474
5206.75,572.1129999999999,101.9827
5207.0,656.087,106.73559999999999
5207.25,552.6410000000001,110.6208
5207.5,518.501,112.20660000000001
5207.75,572.453,111.2831
5208.0,483.149,109.45270000000001
5208.25,505.39700000000005,113.0571
5208.5,516.458,105.25099999999999
5208.75,521.046,105.8782
5209.0,506.327,108.98159999999999
5209.25,558.8340000000001,107.5007
5209.5,597.59,117.9515
5209.75,550.245,116.7569
5210.0,504.67500000000007,115.11210000000001
5210.25,518.0429999999999,115.40289999999999
5210.5,443.24800000000005,114.46669999999999
5210.75,499.274,114.7086
5211.0,490.095,116.2097
5211.25,457.86199999999997,113.928
5211.5,467.13200000000006,112.9108
5211.75,472.96399999999994,114.50229999999999
5212.0,422.315,108.07149999999999
5212.25,405.84499999999997,112.0113
5212.5,413.229,109.44409999999999
5212.75,426.56499999999994,113.39020000000001
5213.0,423.901,111.36389999999999
5213.25,414.614,109.0148
5213.5,441.266,110.9385
5213.75,427.34000000000003,114.0102
5214.0,443.773,118.3084
5214.25,463.65999999999997,116.103
5214.5,457.327,113.844
5214.75,539.353,115.9103
5215.0,603.3779999999999,114.7989
5215.25,622.059,128.9785
5215.5,659.874,122.3255
5215.75,693.0840000000001,114.6375
5216.0,782.889,127.5506
5216.25,802.1850000000001,166.0728
5216.5,646.005,135.9161
5216.75,805.087,183.5345
5217.0,664.339,124.8946
5217.25,826.279,135.2886
5217.5,709.479,126.18339999999999
5217.75,671.8240000000001,127.5693
5218.0,664.337,113.89920000000001
5218.25,635.932,122.1942
5218.5,680.206,137.46699999999998
5218.75,784.21,131.7594
5219.0,813.327,132.6663
5219.25,954.8039999999999,187.4794
5219.5,750.649,135.0352
5219.75,805.0740000000001,142.0609
5220.0,845.83,140.92430000000002
5220.25,777.615,130.5285
5220.5,745.343,122.45339999999999
5220.75,775.903,134.65279999999998
5221.0,721.59,140.2079
5221.25,714.919,131.4513
5221.5,596.6940000000001,121.99780000000001
5221.75,607.221,124.27430000000001
5222.0,611.37,129.9901
5222.25,571.94,123.87280000000001
5222.5,556.212,120.9048
5222.75,550.341,128.47129999999999
5223.0,588.575,118.56439999999999
5223.25,523.7130000000001,113.7731
5223.5,770.7,192.159
5223.75,616.7539999999999,148.3011
5224.0,561.732,119.8271
5224.25,657.7860000000001,155.38150000000002
5224.5,853.0359999999998,144.9455
5224.75,552.193,117.8376
5225.0,836.6850000000001,147.33030000000002
5225.25,596.457,127.192
5225.5,561.396,124.6052
5225.75,654.5219999999999,125.2508
5226.0,644.913,126.01520000000001
5226.25,739.3380000000001,155.0023
5226.5,987.886,236.0883
5226.75,821.739,191.8632
5227.0,746.054,138.5077
5227.25,840.963,176.84179999999998
5227.5,675.244,139.9657
5227.75,815.2149999999999,171.8796
5228.0,956.524,193.30010000000001
5228.25,738.742,131.56879999999998
5228.5,689.494,133.3207
5228.75,692.0429999999999,134.8692
5229.0,595.2049999999999,136.2058
5229.25,682.8430000000001,134.5035
5229.5,574.595,126.89699999999999
5229.75,556.154,130.0802
5230.0,552.125,123.23169999999999
5230.25,490.531,123.1651
5230.5,580.28,124.35079999999999
5230.75,550.942,115.2488
5231.0,511.925,113.4384
5231.25,478.21999999999997,114.35130000000001
5231.5,495.23,118.2898
5231.75,476.486,114.5899
5232.0,529.913,109.19800000000001
5232.25,428.869,112.4803
5232.5,513.4100000000001,107.2338
5232.75,442.421,127.3826
5233.0,415.703,130.6261
5233.25,405.86799999999994,130.40699999999998
5233.5,424.889,122.4165
5233.75,401.88699999999994,115.77940000000001
5234.0,412.193,121.9031
5234.25,429.338,123.20190000000002
5234.5,429.51700000000005,129.1728
5234.75,451.666,127.0643
5235.0,386.68600000000004,126.2773
5235.25,401.26,119.36110000000001
5235.5,412.52600000000007,120.2234
5235.75,374.22400000000005,116.92410000000001
5236.0,384.01,110.6481
5236.25,384.101,109.5849
5236.5,381.592,115.731
5236.75,391.193,112.68390000000001
5237.0,408.85999999999996,118.7897
5237.25,411.923,116.8526
5237.5,371.57300000000004,117.50110000000001
5237.75,387.155,106.2142
5238.0,396.34099999999995,108.0455
5238.25,462.14200000000005,123.5923
5238.5,476.35299999999995,118.04820000000001
5238.75,521.6759999999999,130.8098
5239.0,577.486,118.9136
5239.25,595.038,127.1892
5239.5,579.436,127.56419999999999
5239.75,625.848,120.50829999999999
5240.0,576.342,112.7115
5240.25,570.086,122.57219999999998
5240.5,621.2529999999999,120.2239
5240.75,655.7919999999999,123.47040000000001
5241.0,675.621,127.1065
5241.25,773.364,166.6286
5241.5,698.265,113.56909999999999
5241.75,709.773,126.43720000000002
5242.0,800.779,124.9577
5242.25,695.745,122.2833
5242.5,790.39,119.55249999999998
5242.75,728.401,116.8478
5243.0,867.685,168.26069999999999
5243.25,819.3009999999999,124.0223
5243.5,918.643,166.8621
5243.75,930.3879999999999,147.5632
5244.0,790.663,158.5433
5244.25,804.7769999999999,150.3657
5244.5,874.3529999999998,149.164
5244.75,740.386,142.4057
5245.0,711.203,145.041
5245.25,707.575,144.7818
5245.5,699.63,156.9361
5245.75,680.454,141.88240000000002
5246.0,647.472,136.7227
5246.25,678.307,137.716
5246.5,643.877,129.9453
5246.75,589.7909999999999,123.28389999999999
5247.0,561.648,114.4847
5247.25,625.941,126.7965
5247.5,556.794,103.20570000000001
5247.75,631.8389999999999,144.7394
5248.0,584.379,110.7203
5248.25,742.875,169.9001
5248.5,591.75,114.9382
5248.75,608.886,118.86169999999998
5249.0,675.537,155.4293
5249.25,628.7239999999999,127.9308
5249.5,731.745,127.1472
5249.75,625.971,115.2459
5250.0,682.308,120.923
5250.25,713.089,111.82310000000001
5250.5,620.4300000000001,116.93430000000001
5250.75,662.107,118.1095
5251.0,655.028,128.91750000000002
5251.25,831.562,214.74579999999997
5251.5,666.326,137.5248
5251.75,781.9060000000001,125.08829999999999
5252.0,619.2230000000001,124.6869
5252.25,756.13,197.3288
5252.5,652.113,118.7924
5252.75,770.7750000000001,148.7484
5253.0,550.049,128.212
5253.25,632.594,116.17330000000001
5253.5,621.143,136.39249999999998
5253.75,522.13,124.35589999999999
5254.0,564.47,117.1356
5254.25,642.041,121.5534
5254.5,544.802,120.2183
5254.75,483.73300000000006,117.2808
5255.0,451.571,115.62039999999999
5255.25,528.5360000000001,111.80170000000001
5255.5,483.428,104.50980000000001
5255.75,531.446,119.4444
5256.0,506.64099999999996,112.7519
5256.25,444.442,118.4444
5256.5,440.37800000000004,114.6758
5256.75,439.29499999999996,120.63080000000001
5257.0,468.183,118.68100000000001
5257.25,442.48699999999997,117.76050000000001
5257.5,469.063,118.46260000000001
5257.75,528.347,124.5121
5258.0,447.844,126.0204
5258.25,428.65100000000007,120.80010000000001
5258.5,396.81300000000005,121.2847
5258.75,403.478,115.7824
5259.0,422.73800000000006,113.27019999999999
5259.25,397.882,112.47639999999998
5259.5,454.59299999999996,111.0913
5259.75,453.94100000000003,118.104
5260.0,446.05300000000005,111.1959
5260.25,403.216,114.44669999999999
5260.5,399.94300000000004,121.3786
5260.75,382.30400000000003,108.81200000000001
5261.0,435.61199999999997,112.451
5261.25,397.10200000000003,112.7824
5261.5,407.69500000000005,113.7827
5261.75,414.482,114.663
5262.0,423.847,108.83449999999999
5262.25,514.3199999999999,115.3106
5262.5,502.27,119.54820000000001
5262.75,521.131,125.2783
5263.0,563.8499999999999,119.1482
5263.25,614.841,128.4534
5263.5,680.796,135.627
5263.75,666.045,134.1957
5264.0,821.5899999999999,137.08440000000002
5264.25,760.3299999999999,134.0933
5264.5,758.787,135.38920000000002
5264.75,730.56,151.4805
5265.0,734.5550000000001,138.9443
5265.25,691.3580000000001,134.162
5265.5,723.777,128.49190000000002
5265.75,829.273,136.28109999999998
5266.0,791.701,137.9275
5266.25,781.6750000000001,132.38150000000002
5266.5,870.1750000000001,192.1832
5266.75,659.282,131.10989999999998
5267.0,863.9379999999999,139.2617
5267.25,936.154,173.8249
5267.5,978.379,196.5554
5267.75,949.3570000000001,160.48219999999998
5268.0,955.6389999999999,160.9586
5268.25,923.038,149.89690000000002
5268.5,905.094,153.6722
5268.75,806.903,140.3049
5269.0,824.494,143.4527
5269.25,818.983,140.76049999999998
5269.5,707.737,134.2005
5269.75,717.985,132.5712
5270.0,865.015,151.8897
5270.25,751.945,129.9335
5270.5,860.8389999999999,178.6269
5270.75,955.614,207.83599999999998
5271.0,693.37,124.5204
5271.25,870.306,180.4834
5271.5,713.4970000000001,112.1685
5271.75,1029.567,229.6682
5272.0,830.1569999999999,156.6849
5272.25,922.441,187.4754
5272.5,757.6030000000001,120.5613
5272.75,880.5300000000001,196.159
5273.0,672.604,122.18549999999999
5273.25,862.7829999999999,168.2312
5273.5,819.556,142.1241
5273.75,955.903,137.1807
5274.0,724.317,116.36329999999998
5274.25,846.183,119.59900000000002
5274.5,975.335,127.36930000000001
5274.75,812.7420000000001,113.38560000000001
5275.0,788.358,113.69900000000001
5275.25,796.017,114.65870000000001
5275.5,776.486,110.5223
5275.75,779.604,111.1379
5276.0,702.682,104.346
5276.25,922.55,170.0591
5276.5,712.131,112.60570000000001
5276.75,707.068,111.73079999999999
5277.0,751.327,120.7783
5277.25,738.581,104.45809999999999
5277.5,678.9179999999999,119.3286
5277.75,668.885,108.56760000000001
5278.0,707.632,148.0179
5278.25,601.491,106.109
5278.5,529.55,107.5609
5278.75,509.12600000000003,107.953
5279.0,586.187,111.4531
5279.25,556.51,108.3353
5279.5,584.392,103.5781
5279.75,515.4879999999999,109.2461
5280.0,551.843,113.7667
5280.25,477.68000000000006,103.18960000000001
5280.5,468.446,98.7756
5280.75,496.095,99.63999999999999
5281.0,487.515,107.6785
5281.25,464.214,100.9442
5281.5,503.148,100.1851
5281.75,483.866,105.9939
5282.0,479.28200000000004,108.0042
5282.25,440.913,101.4415
5282.5,452.369,106.6713
5282.75,436.222,101.815
5283.0,443.40700000000004,112.1048
5283.25,403.081,111.7912
5283.5,406.351,105.28469999999999
5283.75,405.758,102.545
5284.0,394.369,98.5054
5284.25,392.91700000000003,100.3929
5284.5,400.91299999999995,99.3356
5284.75,368.18,98.30369999999999
5285.0,430.942,104.45259999999999
5285.25,404.6,106.1436
5285.5,449.217,105.5038
5285.75,430.39700000000005,100.82540000000002
5286.0,410.056,95.237
5286.25,398.80699999999996,101.1206
5286.5,423.21500000000003,102.51329999999999
5286.75,443.87199999999996,95.8182
5287.0,425.995,98.5153
5287.25,413.203,109.61690000000002
5287.5,413.722,112.4751
5287.75,405.439,109.51739999999998
5288.0,410.14599999999996,103.19229999999999
5288.25,419.24800000000005,106.92949999999999
5288.5,426.85600000000005,107.22129999999999
5288.75,455.33799999999997,107.2008
5289.0,446.827,104.6876
5289.25,464.346,109.8246
5289.5,496.88700000000006,121.47200000000001
5289.75,584.716,126.4147
5290.0,723.668,192.96800000000002
5290.25,513.804,118.4225
5290.5,477.24300000000005,109.5895
5290.75,501.9630000000001,113.6232
5291.0,479.06399999999996,112.38749999999999
5291.25,536.373,114.52280000000002
5291.5,573.01,117.456
5291.75,610.783,120.6425
5292.0,701.685,126.802
5292.25,694.271,125.1701
5292.5,622.3499999999999,115.81349999999999
5292.75,630.063,114.278
5293.0,849.268,212.5965
5293.25,850.6740000000001,208.2594
5293.5,936.432,220.0507
5293.75,895.8989999999999,197.89550000000003
5294.0,599.749,112.8291
5294.25,740.496,181.01080000000002
5294.5,649.605,118.1243
5294.75,626.718,118.49970000000002
5295.0,641.2620000000001,119.2741
5295.25,627.334,109.32520000000001
5295.5,557.2439999999999,107.06909999999999
5295.75,538.798,114.2313
5296.0,584.904,114.0296
5296.25,646.506,164.4025
5296.5,512.403,107.8552
5296.75,686.152,162.97820000000002
5297.0,556.335,113.2716
5297.25,518.15,115.91290000000001
5297.5,500.06399999999996,109.7745
5297.75,541.788,124.13309999999998
5298.0,665.829,127.239
5298.25,707.651,121.804
5298.5,938.7359999999999,227.5516
5298.75,626.991,122.77470000000001
5299.0,622.707,130.74439999999998
5299.25,622.326,118.75910000000002
5299.5,613.302,117.40599999999999
5299.75,929.778,229.17849999999999
5300.0,797.517,210.47390000000001
5300.25,764.343,196.74330000000003
5300.5,788.2360000000001,105.3361
5300.75,758.211,190.6036
5301.0,538.587,109.6996
5301.25,803.44,108.20850000000002
5301.5,562.859,110.67179999999999
5301.75,540.07,105.4822
5302.0,506.615,102.8149
5302.25,441.84000000000003,105.5264
5302.5,478.822,105.9016
5302.75,574.077,109.8252
5303.0,441.666,107.6637
5303.25,481.068,109.19359999999999
5303.5,591.354,103.07929999999999
5303.75,440.047,108.70309999999999
5304.0,571.8240000000001,109.0507
5304.25,425.27600000000007,107.9793
5304.5,429.913,113.2956
5304.75,493.89799999999997,106.02529999999999
5305.0,439.71799999999996,121.16730000000001
5305.25,478.53999999999996,96.2969
5305.5,483.798,97.7518
5305.75,385.721,104.38929999999999
5306.0,424.784,101.0322
5306.25,444.37,97.7439
5306.5,478.438,105.0174
5306.75,454.966,109.86869999999999
5307.0,421.664,100.1907
5307.25,413.06600000000003,100.93619999999999
5307.5,412.943,100.6802
5307.75,393.238,95.2738
5308.0,405.556,98.1386
5308.25,378.064,99.2987
5308.5,415.861,97.6353
5308.75,415.259,96.14339999999999
5309.0,433.496,97.65639999999999
5309.25,436.15900000000005,97.701
5309.5,383.87199999999996,101.08519999999999
5309.75,390.451,96.67840000000001
5310.0,427.99199999999996,94.4282
5310.25,461.03599999999994,95.0782
5310.5,436.117,102.0648
5310.75,473.31100000000004,108.14359999999999
5311.0,414.03200000000004,110.71350000000001
5311.25,403.349,105.1059
5311.5,420.89599999999996,106.7099
5311.75,377.22999999999996,99.2143
5312.0,363.28299999999996,88.388
5312.25,384.37,94.54329999999999
5312.5,406.306,101.5515
5312.75,421.94500000000005,106.4587
5313.0,433.10200000000003,102.6126
5313.25,470.049,109.438
5313.5,431.52200000000005,108.54990000000001
5313.75,441.022,104.65950000000001
5314.0,418.76199999999994,112.3947
5314.25,525.7,105.69460000000001
5314.5,441.296,99.2727
5314.75,420.137,103.9316
5315.0,435.923,110.32990000000001
5315.25,459.339,109.9781
5315.5,509.914,114.9011
5315.75,510.477,108.22009999999999
5316.0,537.025,103.4546
5316.25,513.393,109.70570000000001
5316.5,547.6469999999999,106.9442
5316.75,512.807,108.62349999999999
5317.0,476.618,106.0189
5317.25,418.03700000000003,105.0156
5317.5,463.592,109.31120000000001
5317.75,498.244,108.48349999999999
5318.0,483.10400000000004,101.4666
5318.25,514.0740000000001,97.4316
5318.5,457.45099999999996,101.4894
5318.75,444.524,105.52250000000001
5319.0,467.777,107.04050000000001
5319.25,491.43899999999996,109.4796
5319.5,438.41,110.81790000000001
5319.75,475.666,111.19049999999999
5320.0,487.77,107.40069999999999
5320.25,513.2660000000001,105.3051
5320.5,515.012,104.6276
5320.75,493.077,102.7545
5321.0,521.512,102.0127
5321.25,513.03,107.2166
5321.5,496.063,115.81109999999998
5321.75,502.465,109.97890000000001
5322.0,511.16999999999996,106.60159999999999
5322.25,493.01800000000003,105.25089999999999
5322.5,714.8530000000001,109.14439999999999
5322.75,824.687,186.9195
5323.0,734.9970000000001,151.40030000000002
5323.25,651.6659999999999,155.7536
5323.5,766.047,116.2287
5323.75,785.259,132.3674
5324.0,787.8299999999999,198.0771
5324.25,731.548,124.08690000000001
5324.5,650.0310000000001,130.3929
5324.75,564.889,122.5354
5325.0,681.992,106.68379999999999
5325.25,539.134,120.5189
5325.5,681.76,112.6367
5325.75,562.348,118.3493
5326.0,566.6320000000001,112.6214
5326.25,563.467,109.54560000000001
5326.5,539.0129999999999,106.066
5326.75,526.329,98.4242
5327.0,514.0500000000001,105.8432
5327.25,624.735,99.07219999999998
5327.5,479.64099999999996,108.7343
5327.75,574.08,109.0909
5328.0,472.81500000000005,110.8048
5328.25,575.3910000000001,106.9639
5328.5,469.904,103.3417
5328.75,476.894,101.88139999999999
5329.0,522.433,103.38740000000001
5329.25,483.49199999999996,97.13699999999999
5329.5,492.808,101.7633
5329.75,508.5,104.94380000000001
5330.0,521.3879999999999,105.9998
5330.25,499.79200000000003,105.5983
5330.5,509.03999999999996,107.2006
5330.75,470.23,106.3259
5331.0,450.281,103.892
5331.25,487.524,103.26780000000002
5331.5,480.815,99.8389
5331.75,464.96200000000005,104.63910000000001
5332.0,468.04900000000004,106.13419999999999
5332.25,451.876,106.4796
5332.5,439.85,105.6827
5332.75,432.183,107.22340000000001
5333.0,448.113,99.91310000000001
5333.25,456.816,101.96520000000001
5333.5,458.774,104.1043
5333.75,445.793,105.2876
5334.0,495.019,102.8228
5334.25,521.337,112.8849
5334.5,560.298,116.11269999999999
5334.75,673.7130000000001,113.32459999999999
5335.0,768.412,127.3665
5335.25,831.1109999999999,121.92589999999998
5335.5,815.2149999999999,129.15879999999999
5335.75,731.6370000000001,125.76679999999999
5336.0,864.646,131.0956
5336.25,956.983,126.3716
5336.5,941.758,156.83440000000002
5336.75,1073.028,209.5543
5337.0,885.469,143.2201
5337.25,1057.42,150.1719
5337.5,876.943,150.59640000000002
5337.75,996.5139999999999,139.9303
5338.0,969.502,124.27929999999999
5338.25,909.0219999999999,123.867
5338.5,887.725,122.25210000000001
5338.75,1207.285,158.4075
5339.0,1213.7060000000001,151.19899999999998
5339.25,988.2560000000001,132.7434
5339.5,1074.344,134.1192
5339.75,1146.745,177.1991
5340.0,983.9190000000001,136.738
5340.25,982.999,146.93900000000002
5340.5,1100.53,191.8595
5340.75,1111.5010000000002,199.35129999999998
5341.0,858.5139999999999,134.5523
5341.25,844.0509999999999,127.0367
5341.5,776.08,127.53980000000001
5341.75,995.2,196.12130000000002
5342.0,731.2180000000001,118.2404
5342.25,737.101,126.15359999999998
5342.5,719.422,120.02680000000001
5342.75,849.928,193.8638
5343.0,635.294,116.1212
5343.25,706.921,114.60919999999999
5343.5,718.348,146.5592
5343.75,673.75,112.90679999999999
5344.0,797.2719999999999,155.0246
5344.25,803.0409999999999,178.133
5344.5,873.7,129.92919999999998
5344.75,888.156,190.1353
5345.0,734.362,121.74560000000001
5345.25,661.0409999999999,115.3897
5345.5,680.3190000000001,121.32339999999999
5345.75,611.9939999999999,115.75699999999999
5346.0,917.924,188.89260000000002
5346.25,901.186,184.9631
5346.5,793.175,131.6977
5346.75,952.433,133.6128
5347.0,780.739,132.77179999999998
5347.25,945.854,128.721
5347.5,902.4069999999999,154.36430000000001
5347.75,868.1890000000001,126.881
5348.0,862.736,182.0914
5348.25,755.068,131.50799999999998
5348.5,857.4169999999999,217.41840000000002
5348.75,827.2950000000001,126.3666
5349.0,918.153,127.9373
5349.25,650.537,127.22879999999999
5349.5,782.56,181.6547
5349.75,824.531,190.9767
5350.0,873.101,133.4725
5350.25,918.322,138.57420000000002
5350.5,652.501,137.0573
5350.75,815.1769999999999,118.9671
5351.0,813.4579999999999,115.67589999999998
5351.25,758.6759999999999,109.75370000000001
5351.5,591.197,115.2627
5351.75,639.5,117.33529999999999
5352.0,696.602,112.4845
5352.25,514.79,121.62710000000001
5352.5,479.813,113.7483
5352.75,484.553,117.3452
5353.0,461.719,115.9469
5353.25,470.24700000000007,115.6491
5353.5,613.071,107.56909999999999
5353.75,539.3589999999999,120.6752
5354.0,548.901,121.68870000000001
5354.25,495.15999999999997,115.16470000000001
5354.5,482.385,118.61580000000001
5354.75,438.19300000000004,115.9143
5355.0,440.761,110.7974
5355.25,490.15599999999995,108.8522
5355.5,503.08900000000006,111.6643
5355.75,466.94500000000005,116.7349
5356.0,481.15100000000007,120.2004
5356.25,498.04100000000005,123.63999999999999
5356.5,471.149,120.9268
5356.75,461.71000000000004,119.547
5357.0,489.052,117.69730000000001
5357.25,497.22299999999996,114.3719
5357.5,489.442,115.6661
5357.75,506.157,114.2019
5358.0,551.201,116.1705
5358.25,646.284,119.55279999999999
5358.5,602.037,115.6805
5358.75,669.4259999999999,117.8094
5359.0,730.315,112.78649999999999
5359.25,776.75,117.75359999999999
5359.5,831.2559999999999,119.5664
5359.75,869.335,116.0326
5360.0,841.981,116.60810000000001
5360.25,856.549,129.1892
5360.5,998.644,148.2668
5360.75,998.983,147.90949999999998
5361.0,1057.408,137.80810000000002
5361.25,920.0439999999999,129.87290000000002
5361.5,1145.035,155.5897
5361.75,813.1989999999998,137.89759999999998
5362.0,957.5820000000001,130.81
5362.25,889.569,137.2668
5362.5,906.73,136.1865
5362.75,979.771,153.18849999999998
5363.0,1108.484,151.2482
5363.25,937.903,138.7736
5363.5,888.762,133.93290000000002
5363.75,932.932,135.0874
5364.0,1020.7749999999999,194.4168
5364.25,1189.606,213.5777
5364.5,858.442,127.0412
5364.75,811.738,118.4506
5365.0,859.0359999999998,121.76759999999999
5365.25,783.0630000000001,126.4528
5365.5,753.499,120.0404
5365.75,786.037,130.1281
5366.0,787.1840000000001,124.2442
5366.25,778.922,131.3374
5366.5,748.954,123.3254
5366.75,648.677,116.4957
5367.0,665.366,112.81400000000002
5367.25,617.432,115.88919999999999
5367.5,718.261,137.39249999999998
5367.75,795.325,170.7414
5368.0,686.558,144.3783
5368.25,728.4179999999999,150.1498
5368.5,734.065,156.65120000000002
5368.75,675.256,119.3103
5369.0,840.1450000000001,176.09249999999997
5369.25,1012.3710000000001,233.30010000000004
5369.5,656.056,125.26330000000002
5369.75,801.2460000000001,138.8764
5370.0,51.52080000000001,78.8265
5370.25,560.996,163.49970000000002
5370.5,679.257,129.97119999999998
5370.75,813.539,176.4779
5371.0,652.9689999999999,148.45850000000002
5371.25,688.759,233.4372
5371.5,350.928,119.5896
5371.75,707.559,132.8262
5372.0,797.091,136.6581
5372.25,693.0519999999999,124.4227
5372.5,819.184,171.9565
5372.75,838.922,110.1874
5373.0,878.0159999999998,126.57310000000001
5373.25,902.37,116.62389999999999
5373.5,705.669,124.8286
5373.75,719.211,115.6532
5374.0,852.22,120.3366
5374.25,650.662,122.1613
5374.5,630.481,114.02459999999999
5374.75,656.337,107.037
5375.0,766.721,110.20490000000001
5375.25,620.0939999999999,112.31890000000001
5375.5,793.979,120.8527
5375.75,723.367,116.33109999999999
5376.0,700.707,117.1778
5376.25,700.413,112.5486
5376.5,485.985,116.2825
5376.75,491.10900000000004,116.2649
5377.0,520.6099999999999,121.52099999999999
5377.25,496.98800000000006,114.0536
5377.5,486.50300000000004,124.83640000000001
5377.75,512.127,115.84270000000001
5378.0,457.35400000000004,113.6976
5378.25,489.904,117.8672
5378.5,454.82300000000004,110.7996
5378.75,493.703,109.85
5379.0,496.953,116.6207
5379.25,506.30600000000004,122.3026
5379.5,570.558,120.72479999999999
5379.75,583.29,113.4142
5380.0,526.039,114.7111
5380.25,478.048,116.06949999999999
5380.5,441.22499999999997,109.75619999999999
5380.75,458.03599999999994,113.538
5381.0,447.904,109.9054
5381.25,462.361,114.04759999999999
5381.5,442.182,115.4786
5381.75,521.767,110.50829999999999
5382.0,538.9440000000001,111.887
5382.25,522.039,120.77619999999999
5382.5,535.509,122.6165
5382.75,672.075,116.4957
5383.0,716.212,120.5572
5383.25,774.231,120.0743
5383.5,798.277,119.9626
5383.75,685.657,121.7273
5384.0,826.3720000000001,127.8155
5384.25,906.9639999999999,120.6239
5384.5,977.809,145.38160000000002
5384.75,757.888,144.1914
5385.0,778.6030000000001,138.1517
5385.25,836.89,138.7671
5385.5,834.625,138.7038
5385.75,886.567,157.4794
5386.0,750.182,135.3545
5386.25,975.298,128.8999
5386.5,979.288,159.34900000000002
5386.75,914.962,164.3031
5387.0,968.173,158.64499999999998
5387.25,918.529,143.3114
5387.5,973.7620000000001,141.36950000000002
5387.75,1120.003,151.0516
5388.0,977.2629999999999,139.7845
5388.25,908.0830000000001,132.758
5388.5,837.379,124.59130000000002
5388.75,812.3489999999999,134.3132
5389.0,764.048,130.0711
5389.25,783.936,139.0498
5389.5,738.5020000000001,138.97809999999998
5389.75,668.7810000000001,133.60330000000002
5390.0,692.034,134.8001
5390.25,708.904,123.82149999999999
5390.5,577.828,114.85
5390.75,569.468,115.5557
5391.0,610.543,113.2457
5391.25,637.313,108.0839
5391.5,668.396,117.244
5391.75,605.751,121.2224
5392.0,738.4440000000001,137.5702
5392.25,596.624,107.9607
5392.5,606.7139999999999,108.5499
5392.75,582.87,103.46600000000001
5393.0,633.489,130.5193
5393.25,770.5319999999999,166.9444
5393.5,632.358,120.2492
5393.75,904.734,145.1915
5394.0,688.212,123.3186
5394.25,785.5349999999999,131.22469999999998
5394.5,731.683,142.2271
5394.75,944.752,244.7616
5395.0,967.4680000000001,246.80949999999999
5395.25,811.6990000000001,135.9907
5395.5,683.367,132.1147
5395.75,707.295,124.49109999999999
5396.0,872.8320000000001,133.4144
5396.25,689.604,145.9625
5396.5,815.179,141.0559
5396.75,674.939,145.89589999999998
5397.0,770.644,185.85219999999998
5397.25,595.8409999999999,124.31230000000001
5397.5,708.319,175.3134
5397.75,618.702,122.28600000000002
5398.0,758.119,138.0243
5398.25,693.276,114.29569999999998
5398.5,619.124,119.5682
5398.75,670.4110000000001,119.6556
5399.0,630.656,114.0893
5399.25,554.462,109.6796
5399.5,647.1610000000001,100.2216
5399.75,589.426,99.7632
5400.0,585.6410000000001,103.358
5400.25,578.1610000000001,99.7247
5400.5,571.5459999999999,100.4366
5400.75,496.321,103.0334
5401.0,467.916,99.4832
5401.25,466.205,98.3686
5401.5,488.46400000000006,102.40259999999999
5401.75,504.9630000000001,108.6634
5402.0,499.162,103.5252
5402.25,465.74700000000007,107.00139999999999
5402.5,426.586,106.27790000000002
5402.75,444.827,110.4785
5403.0,448.277,114.1961
5403.25,467.14700000000005,111.5503
5403.5,490.647,108.5436
5403.75,469.724,105.8339
5404.0,458.467,105.5035
5404.25,441.08899999999994,109.38889999999999
5404.5,421.27,105.33879999999999
5404.75,420.226,101.38539999999999
5405.0,410.792,106.9521
5405.25,426.47799999999995,108.8503
5405.5,445.485,111.97490000000002
5405.75,410.489,107.87049999999999
5406.0,432.02600000000007,107.4787
5406.25,463.03600000000006,111.53559999999999
5406.5,570.754,114.6978
5406.75,601.0730000000001,119.46979999999999
5407.0,686.61,113.11239999999998
5407.25,740.323,123.1513
5407.5,735.738,120.4025
5407.75,757.575,122.38449999999999
5408.0,717.193,117.53620000000001
5408.25,763.051,135.1984
5408.5,849.325,134.7818
5408.75,756.1949999999999,121.4763
5409.0,792.646,131.5184
5409.25,800.428,131.9344
5409.5,898.779,141.2485
5409.75,919.9480000000001,109.4315
5410.0,890.056,128.6877
5410.25,760.4169999999999,97.7442
5410.5,924.1659999999999,124.2525
5410.75,1023.3820000000001,192.2234
5411.0,976.556,130.57909999999998
5411.25,1018.3990000000001,133.8894
5411.5,1008.557,127.8005
5411.75,1179.7849999999999,157.0967
5412.0,1182.415,161.7683
5412.25,1295.551,211.4881
5412.5,1261.771,219.25669999999997
5412.75,960.5739999999998,134.5833
5413.0,932.3319999999999,136.6302
5413.25,1157.755,154.1584
5413.5,875.7280000000001,132.8927
5413.75,833.836,139.7303
5414.0,943.3620000000001,130.7804
5414.25,1114.33,236.2389
5414.5,859.4079999999999,132.1267
5414.75,686.605,116.5992
5415.0,703.453,124.8731
5415.25,976.174,149.3636
5415.5,819.9789999999998,147.8548
5415.75,944.1700000000001,191.5554
5416.0,816.352,161.59
5416.25,805.8879999999999,124.12809999999999
5416.5,767.467,128.83249999999998
5416.75,723.616,121.8896
5417.0,1132.506,257.34590000000003
5417.25,806.4489999999998,124.7659
5417.5,801.6039999999998,126.2191
5417.75,992.491,145.0757
5418.0,740.865,121.68090000000001
5418.25,770.4490000000001,131.30100000000002
5418.5,1035.11,129.47879999999998
5418.75,992.5060000000001,190.8803
5419.0,1043.855,141.5621
5419.25,736.455,125.03459999999998
5419.5,816.105,116.1459
5419.75,908.471,181.60070000000002
5420.0,763.764,117.5959
5420.25,692.2090000000001,114.07560000000001
5420.5,622.42,118.73750000000001
5420.75,888.8879999999999,123.7814
5421.0,820.947,162.8407
5421.25,843.922,133.2439
5421.5,938.436,143.9803
5421.75,745.3489999999999,120.37010000000001
5422.0,656.8489999999999,117.32730000000001
5422.25,678.563,116.55609999999999
5422.5,637.233,113.9609
5422.75,629.857,105.37030000000001
5423.0,545.658,100.78800000000001
5423.25,557.3720000000001,105.8381
5423.5,584.093,108.7987
5423.75,583.136,98.741
5424.0,497.803,95.0198
5424.25,481.44500000000005,97.5392
5424.5,488.444,99.5175
5424.75,453.931,90.84620000000001
5425.0,471.04599999999994,96.4838
5425.25,461.847,93.97720000000001
5425.5,464.60699999999997,98.2545
5425.75,448.335,99.2663
5426.0,489.69499999999994,101.83710000000002
5426.25,473.033,98.6051
5426.5,450.181,102.1259
5426.75,457.47299999999996,100.66290000000001
5427.0,448.629,98.22739999999999
5427.25,465.793,99.77420000000001
5427.5,438.828,100.2882
5427.75,457.031,100.7353
5428.0,437.532,103.1387
5428.25,444.107,97.00290000000001
5428.5,413.33899999999994,99.2145
5428.75,403.178,99.81790000000001
5429.0,412.781,94.9446
5429.25,415.222,92.4568
5429.5,425.69,92.2608
5429.75,408.12100000000004,91.021
5430.0,409.072,93.8966
5430.25,434.044,99.5521
5430.5,391.846,97.63250000000001
5430.75,400.193,99.28219999999999
5431.0,420.908,95.8092
5431.25,381.36199999999997,91.606
5431.5,406.53400000000005,96.0863
5431.75,377.826,98.2492
5432.0,391.84099999999995,97.2574
5432.25,363.575,91.3925
5432.5,394.726,91.7649
5432.75,408.35900000000004,105.3852
5433.0,448.403,98.7696
5433.25,433.44800000000004,97.5429
5433.5,499.76099999999997,96.83110000000002
5433.75,458.26,100.3227
5434.0,448.032,97.64270000000002
5434.25,500.236,98.7114
5434.5,493.77099999999996,92.3809
5434.75,459.0690000000001,94.8948
5435.0,557.196,99.3399
5435.25,523.558,103.7465
5435.5,504.219,99.6418
5435.75,506.798,99.4219
5436.0,594.0219999999999,101.7476
5436.25,568.597,99.69749999999999
5436.5,534.169,100.79310000000001
5436.75,523.458,104.327
5437.0,548.782,107.4796
5437.25,541.158,105.7978
5437.5,550.413,110.40800000000002
5437.75,610.029,113.8692
5438.0,569.835,112.91159999999999
5438.25,640.8240000000001,117.491
5438.5,606.546,112.3293
5438.75,530.629,111.1497
5439.0,559.0889999999999,112.13250000000001
5439.25,716.289,127.9229
5439.5,519.251,117.4153
5439.75,591.953,116.75639999999999
5440.0,557.523,106.2246
5440.25,533.896,102.62289999999999
5440.5,528.217,104.3917
5440.75,498.422,101.40190000000001
5441.0,537.4259999999999,108.0761
5441.25,540.1679999999999,104.8973
5441.5,576.048,108.23230000000001
5441.75,717.792,161.7625
5442.0,607.6669999999999,106.8502
5442.25,617.6419999999999,111.7174
5442.5,663.596,118.6549
5442.75,689.67,116.453
5443.0,700.434,118.43350000000001
5443.25,664.9259999999999,117.7499
5443.5,784.325,161.14780000000002
5443.75,661.224,121.42099999999999
5444.0,676.714,115.8688
5444.25,619.98,111.89240000000001
5444.5,680.938,153.7278
5444.75,596.538,112.9159
5445.0,569.263,108.2678
5445.25,683.101,149.95100000000002
5445.5,536.906,107.3644
5445.75,528.614,104.1662
5446.0,606.992,136.7284
5446.25,518.392,94.1944
5446.5,519.593,90.8341
5446.75,498.494,97.0406
5447.0,523.319,99.9441
5447.25,489.811,100.8646
5447.5,489.31899999999996,105.63669999999999
5447.75,523.033,103.9521
5448.0,495.889,97.5694
5448.25,460.40099999999995,93.9031
5448.5,455.653,97.132
5448.75,412.054,91.2977
5449.0,432.35799999999995,96.77220000000001
5449.25,448.345,96.42839999999998
5449.5,424.067,99.16610000000001
5449.75,429.284,102.15639999999999
5450.0,439.85799999999995,99.41740000000001
5450.25,422.12600000000003,95.2374
5450.5,409.104,96.7437
5450.75,404.845,99.8592
5451.0,390.7,97.8622
5451.25,382.276,93.7554
5451.5,395.071,97.1263
5451.75,405.30100000000004,97.77430000000001
5452.0,409.297,104.0889
5452.25,383.19100000000003,98.2457
5452.5,382.586,97.2748
5452.75,376.75,96.0918
5453.0,373.568,95.4486
5453.25,390.986,98.4254
5453.5,409.13800000000003,92.86970000000001
5453.75,403.16600000000005,99.30529999999999
5454.0,420.95000000000005,98.66000000000001
5454.25,428.13200000000006,100.8613
5454.5,418.283,96.17850000000001
5454.75,457.355,93.685
5455.0,383.845,90.4947
5455.25,401.561,90.9315
5455.5,409.45099999999996,86.0079
5455.75,477.976,94.498
5456.0,388.666,90.9235
5456.25,460.399,98.0428
5456.5,457.077,95.557
5456.75,423.024,93.7601
5457.0,419.84000000000003,94.97840000000001
5457.25,424.04200000000003,94.1639
5457.5,472.972,97.6037
5457.75,512.338,117.81559999999999
5458.0,507.077,113.87599999999999
5458.25,463.645,109.8317
5458.5,422.26300000000003,111.283
5458.75,429.238,105.85839999999999
5459.0,443.17999999999995,108.25489999999999
5459.25,492.33000000000004,106.77510000000001
5459.5,529.428,110.96329999999999
5459.75,562.9559999999999,114.69019999999999
5460.0,522.741,114.4722
5460.25,526.6220000000001,108.8499
5460.5,506.472,109.0666
5460.75,546.8309999999999,109.77090000000001
5461.0,494.595,108.5616
5461.25,462.59299999999996,108.58109999999999
5461.5,501.376,112.4538
5461.75,494.72799999999995,112.24239999999999
5462.0,518.845,112.4032
5462.25,466.28599999999994,105.39769999999999
5462.5,454.741,102.3673
5462.75,472.327,102.7619
5463.0,465.163,102.5986
5463.25,491.721,105.97740000000002
5463.5,419.279,101.1035
5463.75,396.67999999999995,99.633
5464.0,503.588,103.63740000000001
5464.25,531.8910000000001,113.17530000000001
5464.5,552.348,114.32939999999999
5464.75,481.65999999999997,110.97579999999999
5465.0,486.93199999999996,105.5358
5465.25,528.721,113.3394
5465.5,506.909,115.2902
5465.75,537.9060000000001,108.5667
5466.0,520.47,109.6978
5466.25,546.0,110.97219999999999
5466.5,587.7629999999999,109.10759999999999
5466.75,569.745,104.8469
5467.0,587.649,103.52869999999999
5467.25,562.443,101.27969999999999
5467.5,573.952,107.6413
5467.75,528.919,110.3442
5468.0,448.183,111.23679999999999
5468.25,590.217,116.89269999999999
5468.5,535.023,112.72229999999999
5468.75,559.9559999999999,113.9468
5469.0,508.943,113.19389999999999
5469.25,429.01800000000003,105.83709999999999
5469.5,491.448,101.8427
5469.75,398.40999999999997,102.0146
5470.0,451.92099999999994,97.80440000000002
5470.25,396.064,104.0678
5470.5,474.111,108.8543
5470.75,486.212,99.66900000000001
5471.0,444.85999999999996,102.08870000000002
5471.25,441.60300000000007,102.5447
5471.5,473.213,95.872
5471.75,419.207,98.8758
5472.0,394.753,101.8194
5472.25,398.47900000000004,99.69290000000001
5472.5,427.075,102.0986
5472.75,365.775,111.30680000000001
5473.0,366.926,106.03940000000001
5473.25,350.735,105.49870000000001
5473.5,358.884,102.9514
5473.75,376.682,106.0067
5474.0,379.086,109.2413
5474.25,391.937,117.67099999999999
5474.5,418.352,106.26599999999999
5474.75,375.999,101.40879999999999
5475.0,424.85900000000004,101.95540000000001
5475.25,361.423,103.378
5475.5,346.74199999999996,113.37819999999999
5475.75,364.126,103.3707
5476.0,357.764,117.7859
5476.25,430.905,109.18030000000002
5476.5,354.029,113.64460000000001
5476.75,321.18499999999995,107.3667
5477.0,360.917,103.33330000000001
5477.25,358.748,107.4514
5477.5,351.899,108.6454
5477.75,361.603,105.3531
5478.0,348.39099999999996,105.0778
5478.25,332.245,110.5608
5478.5,375.416,105.1447
5478.75,369.464,112.35770000000001
5479.0,373.38800000000003,118.82530000000001
5479.25,338.68499999999995,112.10640000000001
5479.5,343.049,114.32399999999998
5479.75,333.772,106.9383
5480.0,302.627,110.08330000000001
5480.25,368.696,115.83349999999999
5480.5,391.097,113.424
5480.75,417.787,111.81909999999999
5481.0,437.346,104.4162
5481.25,405.66700000000003,105.37180000000001
5481.5,388.14799999999997,101.05709999999999
5481.75,399.02600000000007,102.8314
5482.0,409.277,102.3931
5482.25,367.628,102.6111
5482.5,340.461,99.9505
5482.75,370.29999999999995,95.583
5483.0,386.22399999999993,97.86519999999999
5483.25,375.008,98.49119999999999
5483.5,435.505,94.58959999999999
5483.75,414.89599999999996,97.07050000000001
5484.0,466.90100000000007,102.8594
5484.25,470.34800000000007,107.94829999999999
5484.5,422.03,101.71969999999999
5484.75,479.07399999999996,101.6396
5485.0,450.092,95.329
5485.25,409.804,96.9816
5485.5,442.81399999999996,99.41049999999998
5485.75,451.749,104.3581
5486.0,430.019,103.13319999999999
5486.25,445.363,108.0298
5486.5,392.559,108.7658
5486.75,431.89700000000005,110.22609999999999
5487.0,443.87899999999996,113.40899999999999
5487.25,422.041,107.61399999999999
5487.5,406.537,111.1554
5487.75,415.298,111.6609
5488.0,415.67600000000004,114.8233
5488.25,414.722,105.32329999999999
5488.5,377.16200000000003,104.1301
5488.75,367.573,102.6138
5489.0,381.244,104.47569999999999
5489.25,438.49600000000004,112.1249
5489.5,413.231,108.6987
5489.75,468.77,114.1952
5490.0,481.879,106.6182
5490.25,525.198,116.42849999999999
5490.5,505.30300000000005,105.52169999999998
5490.75,535.762,105.8031
5491.0,528.13,107.0391
5491.25,508.23900000000003,104.0055
5491.5,581.98,111.1193
5491.75,647.652,115.7267
5492.0,557.403,116.38639999999998
5492.25,516.39,112.47560000000001
5492.5,665.6610000000001,114.23320000000001
5492.75,697.329,148.332
5493.0,613.005,110.9264
5493.25,579.486,113.25240000000001
5493.5,613.275,123.35189999999999
5493.75,697.227,156.904
5494.0,567.938,122.60960000000001
5494.25,564.924,117.3084
5494.5,536.174,113.3546
5494.75,569.271,109.79299999999998
5495.0,530.2439999999999,99.06809999999999
5495.25,510.27099999999996,96.013
5495.5,494.629,99.4773
5495.75,491.733,105.4129
5496.0,463.98499999999996,101.333
5496.25,448.044,99.22970000000001
5496.5,442.18600000000004,95.65530000000001
5496.75,465.60699999999997,97.88739999999999
5497.0,477.072,101.6919
5497.25,440.278,99.9752
5497.5,439.305,98.6046
5497.75,438.988,102.24099999999999
5498.0,456.40599999999995,114.3537
5498.25,452.157,115.8576
5498.5,454.39700000000005,111.32829999999998
5498.75,429.697,109.47639999999998
5499.0,419.91200000000003,106.34909999999999
5499.25,407.78,105.66749999999999
5499.5,371.474,105.6589
5499.75,378.63,105.3598
5500.0,390.881,109.70660000000001
5500.25,393.035,111.518
5500.5,373.786,106.8013
5500.75,368.963,102.6723
5501.0,340.773,102.5221
5501.25,375.889,108.5503
5501.5,374.04499999999996,104.5788
5501.75,373.255,101.19140000000002
5502.0,402.80899999999997,107.3675
5502.25,460.76500000000004,111.17580000000001
5502.5,458.294,111.2594
5502.75,509.153,110.0368
5503.0,565.013,110.5188
5503.25,627.114,107.68260000000001
5503.5,661.971,120.2831
5503.75,605.605,116.47879999999999
5504.0,562.029,123.4442
5504.25,662.551,125.27510000000001
5504.5,691.199,134.5623
5504.75,706.301,131.8349
5505.0,773.0830000000001,134.52689999999998
5505.25,884.847,195.0807
5505.5,658.394,124.81689999999999
5505.75,751.854,143.8174
5506.0,680.1289999999999,123.83780000000002
5506.25,738.058,125.32300000000001
5506.5,717.031,132.09949999999998
5506.75,713.358,124.1101
5507.0,768.442,129.1655
5507.25,1061.0620000000001,217.16400000000002
5507.5,868.139,129.1604
5507.75,832.966,141.5504
5508.0,870.6039999999998,139.3499
5508.25,914.5680000000001,157.0752
5508.5,809.7400000000001,141.71370000000002
5508.75,1118.1039999999998,235.55849999999998
5509.0,804.703,134.6437
5509.25,743.424,127.8629
5509.5,669.796,128.5021
5509.75,762.871,138.5136
5510.0,651.446,135.2835
5510.25,693.075,142.2192
5510.5,857.9200000000001,211.93220000000002
5510.75,640.136,134.4911
5511.0,764.0699999999999,132.2493
5511.25,642.581,117.09609999999999
5511.5,585.289,112.8209
5511.75,780.501,146.6901
5512.0,707.626,163.92680000000001
5512.25,696.504,125.3718
5512.5,728.322,128.4854
5512.75,672.7,143.6506
5513.0,809.451,201.83859999999999
5513.25,896.952,194.637
5513.5,701.1990000000001,125.0719
5513.75,669.273,123.855
5514.0,684.529,108.698
5514.25,853.042,158.8067
5514.5,957.5989999999999,200.80440000000002
5514.75,771.249,131.8645
5515.0,817.1779999999999,133.327
5515.25,885.828,138.0856
5515.5,1105.357,233.0923
5515.75,876.22,165.0737
5516.0,992.2909999999999,201.55130000000003
5516.25,814.288,138.1141
5516.5,995.7639999999999,227.7055
5516.75,975.754,231.91359999999997
5517.0,774.683,139.001
5517.25,662.006,123.2456
5517.5,679.1179999999999,123.2339
5517.75,742.203,122.86340000000001
5518.0,686.9970000000001,122.4479
5518.25,701.642,118.2014
5518.5,702.873,120.9747
5518.75,631.249,115.4108
5519.0,665.123,117.35989999999998
5519.25,636.149,116.4113
5519.5,579.413,106.32160000000002
5519.75,545.778,101.71709999999999
5520.0,519.851,108.7225
5520.25,531.2919999999999,104.9038
5520.5,493.567,113.2881
5520.75,536.3140000000001,121.2428
5521.0,500.74,123.2113
5521.25,496.789,124.86600000000001
5521.5,471.69800000000004,120.95429999999999
5521.75,522.771,120.1685
5522.0,551.402,117.78909999999999
5522.25,589.0730000000001,121.8949
5522.5,607.414,123.826
5522.75,545.959,118.77509999999998
5523.0,546.618,119.7624
5523.25,537.936,120.40570000000001
5523.5,519.264,120.81219999999999
5523.75,571.134,124.3683
5524.0,571.3499999999999,126.0089
5524.25,531.115,122.1308
5524.5,538.942,128.4009
5524.75,493.37300000000005,125.80080000000001
5525.0,462.385,123.02239999999999
5525.25,441.31899999999996,119.1086
5525.5,542.4169999999999,135.78300000000002
5525.75,590.017,124.70859999999999
5526.0,599.741,125.0369
5526.25,620.748,137.0773
5526.5,648.611,146.0236
5526.75,685.749,130.19039999999998
5527.0,767.076,133.5813
5527.25,729.912,135.96699999999998
5527.5,767.961,129.6486
5527.75,717.9300000000001,141.8811
5528.0,861.271,136.1452
5528.25,759.693,144.1193
5528.5,762.512,145.7124
5528.75,825.079,151.4333
5529.0,904.0690000000001,142.7936
5529.25,881.701,135.9345
5529.5,867.31,140.0102
5529.75,900.22,134.2911
5530.0,1069.66,161.5605
5530.25,806.278,146.3446
5530.5,883.7740000000001,135.5397
5530.75,955.7080000000001,182.5135
5531.0,934.1680000000001,137.6198
5531.25,1090.486,149.9567
5531.5,910.023,146.781
5531.75,933.3879999999999,135.7561
5532.0,1032.472,140.2903
5532.25,975.1569999999999,137.1203
5532.5,925.5620000000001,135.07
5532.75,928.7170000000001,146.54019999999997
5533.0,863.356,137.28050000000002
5533.25,925.453,147.9817
5533.5,995.1700000000001,149.0585
5533.75,816.21,176.9316
5534.0,985.8340000000001,212.3177
5534.25,967.191,207.3358
5534.5,938.681,203.5139
5534.75,617.469,119.9827
5535.0,582.101,121.06370000000001
5535.25,915.915,206.1363
5535.5,819.61,177.76659999999998
5535.75,892.75,139.2305
5536.0,995.719,207.5014
5536.25,747.159,137.9662
5536.5,881.628,204.9897
5536.75,863.023,208.2989
5537.0,946.5150000000001,243.5197
5537.25,588.045,121.6212
5537.5,632.127,135.9573
5537.75,723.6030000000001,152.2702
5538.0,857.201,136.9871
5538.25,821.058,195.4986
5538.5,955.0690000000001,196.16420000000002
5538.75,808.079,120.2628
5539.0,693.856,150.97230000000002
5539.25,703.986,132.89249999999998
5539.5,824.8789999999999,141.9527
5539.75,763.096,140.2022
5540.0,829.8719999999998,159.3691
5540.25,695.42,144.3632
5540.5,685.179,142.9949
5540.75,841.3519999999999,140.12189999999998
5541.0,757.631,128.9511
5541.25,739.314,131.8899
5541.5,744.518,139.2951
5541.75,820.231,131.2197
5542.0,733.794,129.6611
5542.25,720.2529999999999,153.8053
5542.5,627.428,134.12279999999998
5542.75,688.0609999999999,112.9317
5543.0,686.572,115.8741
5543.25,609.5129999999999,113.63130000000001
5543.5,566.5730000000001,113.03629999999998
5543.75,525.482,104.4091
5544.0,486.451,104.788
5544.25,519.683,107.1204
5544.5,476.677,104.6743
5544.75,472.35400000000004,102.2456
5545.0,482.79499999999996,109.0505
5545.25,471.024,113.06530000000001
5545.5,461.346,108.2277
5545.75,473.70900000000006,114.1642
5546.0,464.127,110.02000000000001
5546.25,475.352,109.1221
5546.5,422.69500000000005,108.7123
5546.75,430.01,107.41739999999999
5547.0,453.02600000000007,111.1593
5547.25,447.116,110.6771
5547.5,392.61199999999997,110.7277
5547.75,394.93600000000004,107.0324
5548.0,381.299,109.24950000000001
5548.25,386.524,117.5608
5548.5,384.412,114.42260000000002
5548.75,397.87699999999995,111.0898
5549.0,411.87800000000004,114.25099999999999
5549.25,382.40200000000004,107.9132
5549.5,400.124,109.66510000000001
5549.75,424.298,114.2702
5550.0,425.17600000000004,117.4137
5550.25,466.982,113.3812
5550.5,494.173,118.01840000000001
5550.75,554.594,119.4776
5551.0,582.942,118.7993
5551.25,627.492,115.6956
5551.5,692.106,127.08670000000001
5551.75,687.841,131.4531
5552.0,666.096,126.29159999999999
5552.25,670.5550000000001,120.2584
5552.5,666.9179999999999,122.30680000000001
5552.75,710.506,133.7694
5553.0,901.1680000000001,168.08620000000002
5553.25,755.524,146.60070000000002
5553.5,764.548,122.1934
5553.75,692.9359999999999,120.22810000000001
5554.0,702.958,124.1712
5554.25,690.208,129.0237
5554.5,729.7090000000001,132.801
5554.75,747.529,144.0738
5555.0,839.935,135.20749999999998
5555.25,1146.448,212.99380000000002
5555.5,1085.6570000000002,153.6661
5555.75,1105.078,204.2958
5556.0,918.4780000000001,153.6224
5556.25,833.185,133.5639
5556.5,817.681,130.6405
5556.75,896.4250000000001,138.6773
5557.0,834.351,128.99370000000002
5557.25,828.8319999999999,133.0591
5557.5,824.2179999999998,129.1273
5557.75,768.552,133.0634
5558.0,1010.463,231.4266
5558.25,721.642,121.86929999999998
5558.5,949.336,196.9728
5558.75,890.673,204.8589
5559.0,825.7210000000001,168.6963
5559.25,721.5509999999999,114.9639
5559.5,981.3040000000001,219.44240000000002
5559.75,1049.394,240.04059999999998
5560.0,886.7590000000001,192.4848
5560.25,888.9449999999999,197.4924
5560.5,815.931,119.8372
5560.75,883.548,186.7896
5561.0,828.6759999999999,195.8365
5561.25,642.009,126.40179999999998
5561.5,689.096,116.23530000000001
5561.75,731.322,116.48179999999999
5562.0,952.7139999999999,204.3907
5562.25,750.4259999999999,119.9897
5562.5,776.538,121.28970000000001
5562.75,753.967,131.0179
5563.0,743.054,127.11789999999999
5563.25,814.965,134.96800000000002
5563.5,903.1170000000001,145.352
5563.75,735.46,132.58050000000003
5564.0,702.096,138.08859999999999
5564.25,638.6479999999999,129.49869999999999
5564.5,700.575,130.2908
5564.75,902.989,192.3096
5565.0,790.8409999999999,151.7077
5565.25,660.481,133.26919999999998
5565.5,876.5240000000001,185.37169999999998
5565.75,775.1209999999999,124.34219999999999
5566.0,686.708,118.1354
5566.25,709.382,122.8971
5566.5,662.5550000000001,114.3229
5566.75,564.962,114.54060000000001
5567.0,647.987,119.7638
5567.25,617.021,116.469
5567.5,642.251,117.9392
5567.75,567.571,112.1823
5568.0,559.8109999999999,113.0556
5568.25,539.0830000000001,116.9199
5568.5,499.02,107.5658
5568.75,448.615,108.43449999999999
5569.0,440.47,103.22400000000002
5569.25,482.81399999999996,103.8826
5569.5,452.29900000000004,111.17099999999999
5569.75,437.935,112.6664
5570.0,447.596,116.00019999999999
5570.25,417.916,115.9505
5570.5,454.622,114.4203
5570.75,445.10799999999995,127.2724
5571.0,455.05100000000004,119.4437
5571.25,453.78200000000004,115.1146
5571.5,431.741,115.94669999999999
5571.75,427.558,116.67510000000001
5572.0,400.71799999999996,115.8245
5572.25,373.82,113.39349999999999
5572.5,378.341,117.384
5572.75,376.97299999999996,122.9803
5573.0,413.46799999999996,121.2992
5573.25,382.08500000000004,120.9596
5573.5,374.99,115.9428
5573.75,408.59000000000003,116.29069999999999
5574.0,445.13,125.2767
5574.25,557.742,124.72399999999999
5574.5,487.19500000000005,127.95460000000001
5574.75,533.179,129.2984
5575.0,534.5160000000001,122.9879
5575.25,571.8720000000001,125.24970000000002
5575.5,621.0,128.1822
5575.75,638.345,116.18260000000001
5576.0,683.7059999999999,127.3783
5576.25,679.188,111.9957
5576.5,691.537,127.28519999999999
5576.75,845.1879999999999,134.106
5577.0,785.76,129.8428
5577.25,804.726,168.95839999999998
5577.5,640.444,124.17999999999999
5577.75,711.357,124.45420000000001
5578.0,642.0360000000001,113.52280000000002
5578.25,726.598,133.6598
5578.5,691.548,126.13669999999999
5578.75,847.7320000000001,156.8902
5579.0,801.393,117.951
5579.25,933.0070000000001,156.26729999999998
5579.5,989.702,185.4469
5579.75,795.735,135.87619999999998
5580.0,768.242,139.56109999999998
5580.25,791.883,136.0376
5580.5,782.173,132.016
5580.75,785.749,132.6964
5581.0,708.388,132.1903
5581.25,647.779,137.5052
5581.5,621.5419999999999,122.427
5581.75,640.917,131.21269999999998
5582.0,651.263,137.0625
5582.25,615.144,122.0668
5582.5,564.612,121.8715
5582.75,594.576,125.4196
5583.0,537.471,132.6479
5583.25,587.955,133.3004
5583.5,590.001,131.86090000000002
5583.75,709.104,182.4561
5584.0,611.61,127.5103
5584.25,611.486,135.1948
5584.5,575.847,125.88819999999998
5584.75,524.233,124.25389999999999
5585.0,598.087,129.9606
5585.25,575.2529999999999,116.5356
5585.5,657.3119999999999,157.39710000000002
5585.75,719.31,170.6446
5586.0,653.597,132.3723
5586.25,735.3779999999999,150.25719999999998
5586.5,733.456,149.10320000000002
5586.75,814.499,151.6599
5587.0,1003.201,243.82309999999998
5587.25,766.114,137.4933
5587.5,696.192,134.6886
5587.75,675.267,136.9402
5588.0,707.7429999999999,146.8659
5588.25,638.42,127.072
5588.5,624.431,132.305
5588.75,610.4159999999999,138.6985
5589.0,694.217,126.8156
5589.25,745.756,152.94729999999998
5589.5,713.033,124.0849
5589.75,673.612,143.2885
5590.0,670.923,125.1403
5590.25,642.6610000000001,129.79840000000002
5590.5,541.0909999999999,116.9583
5590.75,548.124,110.8349
5591.0,588.6080000000001,120.54679999999999
5591.25,655.607,123.9218
5591.5,550.619,114.33680000000001
5591.75,464.23400000000004,119.37809999999999
5592.0,481.22299999999996,121.4367
5592.25,519.304,110.5061
5592.5,515.6179999999999,117.7975
5592.75,462.787,112.78540000000001
5593.0,514.593,119.2301
5593.25,470.677,122.10480000000001
5593.5,500.13800000000003,122.39429999999999
5593.75,443.65100000000007,126.12259999999999
5594.0,468.067,127.2207
5594.25,463.622,119.8072
5594.5,425.73,118.5945
5594.75,440.91100000000006,122.48679999999999
5595.0,442.465,122.19239999999999
5595.25,427.486,120.1908
5595.5,405.296,114.0084
5595.75,376.636,112.53649999999999
5596.0,370.286,113.44489999999999
5596.25,375.27700000000004,113.17320000000001
5596.5,361.718,114.63470000000001
5596.75,386.732,115.4298
5597.0,413.044,113.81620000000001
5597.25,421.352,112.9109
5597.5,406.265,114.40029999999999
5597.75,466.205,124.78179999999999
5598.0,435.869,123.7781
5598.25,523.409,133.2464
5598.5,504.509,137.8645
5598.75,562.6210000000001,145.4771
5599.0,622.254,133.0802
5599.25,622.8119999999999,136.7726
5599.5,644.827,138.9882
5599.75,812.6830000000001,138.4857
5600.0,760.123,145.12900000000002
5600.25,665.7090000000001,135.0528
5600.5,680.697,141.8512
5600.75,706.146,135.8374
5601.0,827.481,137.2177
5601.25,819.855,165.268
5601.5,700.7860000000001,124.755
5601.75,677.5840000000001,125.9909
5602.0,659.73,122.5043
5602.25,810.7049999999999,162.2516
5602.5,662.431,132.7746
5602.75,787.402,122.97109999999999
5603.0,723.948,119.4519
5603.25,674.883,120.2487
5603.5,780.097,132.35860000000002
5603.75,798.309,143.3988
5604.0,774.502,136.04989999999998
5604.25,748.965,133.5498
5604.5,818.803,173.6337
5604.75,706.98,125.9486
5605.0,709.789,130.6765
5605.25,652.881,121.57010000000001
5605.5,593.985,121.08720000000001
5605.75,586.095,120.5666
5606.0,575.703,123.6043
5606.25,567.296,122.28280000000001
5606.5,534.936,126.74170000000001
5606.75,576.2529999999999,123.5237
5607.0,560.465,114.6423
5607.25,584.606,119.1533
5607.5,571.083,111.98570000000001
5607.75,577.873,127.86589999999998
5608.0,563.154,119.1517
5608.25,583.815,119.0025
5608.5,558.348,129.97390000000001
5608.75,570.935,122.257
5609.0,687.261,171.2987
5609.25,529.573,116.2893
5609.5,661.4490000000001,168.0272
5609.75,557.293,132.3517
5610.0,675.366,155.64569999999998
5610.25,673.99,131.9941
5610.5,818.755,189.1904
5610.75,583.712,125.9102
5611.0,620.291,135.07940000000002
5611.25,640.773,139.0854
5611.5,618.05,136.9289
5611.75,606.062,124.08819999999999
5612.0,640.362,128.2166
5612.25,754.408,200.4948
5612.5,746.235,146.1516
5612.75,517.886,121.09129999999999
5613.0,573.755,129.2682
5613.25,496.35800000000006,122.9887
5613.5,507.967,123.3545
5613.75,468.53100000000006,116.88080000000001
5614.0,510.686,123.4957
5614.25,565.9100000000001,125.0475
5614.5,546.089,121.2128
5614.75,493.23799999999994,122.4298
5615.0,536.258,121.80610000000001
5615.25,474.50300000000004,124.35310000000001
5615.5,464.05100000000004,114.5058
5615.75,444.55100000000004,120.1685
5616.0,412.22400000000005,118.6987
5616.25,430.481,115.6216
5616.5,414.39799999999997,112.5158
5616.75,435.353,115.00469999999999
5617.0,403.658,116.06199999999998
5617.25,381.68100000000004,121.1232
5617.5,377.834,117.57200000000002
5617.75,405.35200000000003,118.35329999999999
5618.0,365.50100000000003,114.06700000000001
5618.25,357.33500000000004,110.2192
5618.5,343.172,115.86449999999999
5618.75,409.778,117.882
5619.0,376.103,118.1906
5619.25,375.593,119.0151
5619.5,344.71000000000004,118.3936
5619.75,370.52599999999995,115.96280000000002
5620.0,351.953,113.7877
5620.25,363.476,121.0256
5620.5,336.005,114.7355
5620.75,364.178,122.55350000000001
5621.0,351.293,119.0506
5621.25,353.81399999999996,121.96939999999998
5621.5,391.346,119.5148
5621.75,431.929,121.61680000000001
5622.0,419.789,128.78379999999999
5622.25,402.134,125.9235
5622.5,391.509,115.7483
5622.75,394.39000000000004,123.81309999999999
5623.0,403.14199999999994,126.9356
5623.25,421.847,115.3597
5623.5,418.774,122.70909999999999
5623.75,404.471,123.9944
5624.0,354.303,116.33439999999999
5624.25,337.296,118.44399999999999
5624.5,443.04499999999996,117.47660000000002
5624.75,478.39599999999996,120.48830000000001
5625.0,433.01800000000003,116.7224
5625.25,455.083,113.34989999999999
5625.5,483.60699999999997,116.08359999999999
5625.75,508.399,124.37270000000001
5626.0,500.438,121.07409999999999
5626.25,445.493,122.4314
5626.5,451.976,126.80779999999999
5626.75,444.267,118.49120000000002
5627.0,491.29900000000004,113.7145
5627.25,504.73199999999997,120.92599999999999
5627.5,534.644,126.9835
5627.75,504.692,125.3406
5628.0,692.223,130.0314
5628.25,551.995,119.70009999999999
5628.5,596.715,129.7103
5628.75,527.935,122.61869999999999
5629.0,500.73499999999996,122.9016
5629.25,522.232,134.9402
5629.5,522.6659999999999,122.2946
5629.75,507.338,117.40249999999999
5630.0,566.899,119.9451
5630.25,709.905,134.0486
5630.5,469.634,116.7562
5630.75,585.524,121.53110000000001
5631.0,458.90500000000003,133.10430000000002
5631.25,503.081,112.1625
5631.5,551.252,121.23939999999999
5631.75,481.52700000000004,107.1523
5632.0,490.4,112.682
5632.25,565.87,113.8963
5632.5,511.971,108.11940000000001
5632.75,646.491,165.5364
5633.0,579.765,110.5737
5633.25,681.191,169.7338
5633.5,568.7049999999999,124.7295
5633.75,521.956,126.9552
5634.0,530.845,129.6957
5634.25,589.5360000000001,117.01240000000001
5634.5,653.751,127.0278
5634.75,660.3969999999999,118.0677
5635.0,560.779,119.61070000000001
5635.25,708.298,172.923
5635.5,730.883,174.6674
5635.75,603.624,113.50910000000002
5636.0,626.712,124.9257
5636.25,511.164,132.4297
5636.5,505.543,129.3012
5636.75,521.431,128.9659
5637.0,586.805,167.4495
5637.25,497.32399999999996,129.9509
5637.5,497.50100000000003,129.1848
5637.75,604.491,117.3818
5638.0,580.629,118.05510000000001
5638.25,526.7769999999999,112.3554
5638.5,537.631,103.142
5638.75,484.602,102.06960000000001
5639.0,439.361,105.674
5639.25,454.78000000000003,111.66
5639.5,427.62800000000004,106.7329
5639.75,411.78200000000004,111.5433
5640.0,436.83700000000005,110.3998
5640.25,400.16,104.78439999999999
5640.5,387.47900000000004,106.58189999999999
5640.75,404.885,109.22019999999999
5641.0,468.109,106.518
5641.25,423.53599999999994,103.83099999999999
5641.5,381.44,104.8639
5641.75,364.88,114.0275
5642.0,398.36300000000006,124.7291
5642.25,368.135,116.50999999999999
5642.5,358.67900000000003,113.426
5642.75,389.415,112.34490000000001
5643.0,353.624,107.3725
5643.25,363.374,107.0135
5643.5,366.793,105.78139999999999
5643.75,367.623,104.51230000000001
5644.0,369.575,108.05040000000001
5644.25,381.534,106.22200000000001
5644.5,345.376,100.7388
5644.75,346.512,99.4557
5645.0,346.505,98.21340000000001
5645.25,356.479,101.63170000000001
5645.5,367.615,95.8939
5645.75,381.674,98.5641
5646.0,352.354,100.30900000000001
5646.25,394.741,99.86590000000001
5646.5,389.197,100.2641
5646.75,375.296,103.2979
5647.0,339.74,97.37469999999999
5647.25,329.64799999999997,96.5589
5647.5,317.577,88.9121
5647.75,358.172,90.8142
5648.0,178.462,92.245
5648.25,99.82119999999999,90.3134
5648.5,249.19330000000002,126.7816
5648.75,265.4653,135.176
5649.0,260.2096,109.72120000000001
5649.25,312.074,152.6944
5649.5,304.73699999999997,117.9023
5649.75,361.283,142.8106
5650.0,416.21900000000005,145.55849999999998
5650.25,363.839,139.8486
5650.5,131.2321,100.038
5650.75,183.9509,100.14869999999999
5651.0,451.78600000000006,117.2284
5651.25,430.82300000000004,108.78
5651.5,441.721,103.3904
5651.75,478.464,103.0792
5652.0,421.60999999999996,100.83680000000001
5652.25,483.8,101.761
5652.5,493.15700000000004,101.6858
5652.75,450.17800000000005,106.8118
5653.0,419.225,107.1948
5653.25,421.436,105.3737
5653.5,446.59099999999995,107.3176
5653.75,454.057,101.5583
5654.0,419.533,96.2981
5654.25,505.2579999999999,106.2888
5654.5,438.422,111.6269
5654.75,484.46799999999996,118.89359999999999
5655.0,534.529,119.5223
5655.25,419.05899999999997,118.7315
5655.5,470.16499999999996,121.94580000000002
5655.75,454.78000000000003,116.757
5656.0,475.17999999999995,118.4938
5656.25,400.204,121.9526
5656.5,465.164,126.2359
5656.75,491.837,122.89080000000001
5657.0,531.808,121.1103
5657.25,493.592,118.6921
5657.5,564.519,115.2622
5657.75,511.596,123.27350000000001
5658.0,465.673,111.3029
5658.25,493.20799999999997,106.16409999999999
5658.5,547.1030000000001,119.8903
5658.75,556.4369999999999,123.4222
5659.0,572.172,125.53009999999999
5659.25,744.569,170.18959999999998
5659.5,640.3530000000001,112.75569999999999
5659.75,579.294,112.79079999999999
5660.0,719.242,108.0478
5660.25,524.9739999999999,108.0445
5660.5,726.39,112.5351
5660.75,650.664,118.6533
5661.0,646.933,124.4961
5661.25,585.594,122.2456
5661.5,613.842,158.18
5661.75,558.275,125.8681
5662.0,620.127,110.64280000000001
5662.25,588.192,112.1855
5662.5,591.292,104.7197
5662.75,594.216,101.5706
5663.0,650.769,110.37780000000001
5663.25,645.495,109.61770000000001
5663.5,508.176,118.2611
5663.75,603.9159999999999,108.3045
5664.0,507.43600000000004,115.58009999999999
5664.25,474.35,117.83870000000002
5664.5,490.072,117.10309999999998
5664.75,473.595,113.92069999999998
5665.0,445.904,110.9887
5665.25,417.786,110.48339999999999
5665.5,450.511,108.9383
5665.75,485.78599999999994,119.01350000000001
5666.0,424.13,112.1062
5666.25,445.234,116.2376
5666.5,385.795,112.6397
5666.75,404.75300000000004,110.34459999999999
5667.0,429.92600000000004,114.4368
5667.25,508.403,117.6438
5667.5,497.034,116.8891
5667.75,505.01199999999994,116.41320000000002
5668.0,484.88800000000003,114.7259
5668.25,454.63,113.88810000000001
5668.5,425.329,107.8315
5668.75,407.494,117.2649
5669.0,410.21200000000005,113.33800000000001
5669.25,373.661,106.9766
5669.5,378.31899999999996,114.4816
5669.75,444.02299999999997,115.0073
5670.0,490.75100000000003,114.5166
5670.25,494.53600000000006,108.02289999999999
5670.5,461.40700000000004,113.18970000000002
5670.75,518.872,118.42320000000001
5671.0,616.8000000000001,108.7133
5671.25,619.143,108.5026
5671.5,667.451,110.8674
5671.75,715.95,117.2525
5672.0,688.329,127.66799999999999
5672.25,862.567,153.01479999999998
5672.5,726.367,134.45
5672.75,706.882,120.1045
5673.0,912.328,123.6679
5673.25,959.08,134.05270000000002
5673.5,852.235,144.1012
5673.75,913.216,144.6221
5674.0,816.8889999999999,130.7991
5674.25,828.27,130.6549
5674.5,726.52,127.9682
5674.75,793.633,121.16499999999999
5675.0,864.4869999999999,129.32319999999999
5675.25,887.546,136.20979999999997
5675.5,921.061,131.53730000000002
5675.75,931.5070000000001,142.36509999999998
5676.0,968.6410000000001,141.59359999999998
5676.25,903.316,133.7207
5676.5,920.426,132.1367
5676.75,930.331,123.3717
5677.0,867.3190000000001,125.91770000000001
5677.25,853.36,117.7733
5677.5,871.078,139.2978
5677.75,676.135,124.13810000000001
5678.0,809.9440000000001,122.61580000000001
5678.25,906.9970000000001,199.60540000000003
5678.5,749.02,148.5879
5678.75,705.361,130.7287
5679.0,826.393,175.4134
5679.25,786.1150000000001,157.27620000000002
5679.5,743.629,123.64179999999999
5679.75,711.417,127.72579999999999
5680.0,674.178,133.497
5680.25,785.8340000000001,119.3666
5680.5,685.912,121.7182
5680.75,984.971,221.3945
5681.0,877.9859999999999,191.541
5681.25,678.075,110.00229999999999
5681.5,650.4,114.33489999999998
5681.75,875.4250000000001,139.9004
5682.0,636.1089999999999,130.39159999999998
5682.25,670.469,125.8517
5682.5,770.691,126.6274
5682.75,760.734,117.5313
5683.0,764.079,117.96849999999999
5683.25,710.004,112.46039999999999
5683.5,836.168,116.81219999999999
5683.75,821.8789999999999,117.86770000000001
5684.0,754.215,124.5207
5684.25,653.7629999999999,121.36789999999999
5684.5,750.662,127.1685
5684.75,691.458,113.27239999999999
5685.0,908.7280000000001,124.0106
5685.25,776.394,130.7292
5685.5,874.2909999999999,192.267
5685.75,687.03,139.4255
5686.0,875.5369999999999,130.8244
5686.25,722.663,129.2787
5686.5,823.5239999999999,116.97919999999999
5686.75,649.7330000000001,115.322
5687.0,737.241,110.64809999999999
5687.25,679.769,112.90629999999999
5687.5,617.476,119.84700000000001
5687.75,629.915,106.59819999999999
5688.0,656.78,106.84450000000001
5688.25,519.923,110.9529
5688.5,508.44399999999996,105.7208
5688.75,470.47,103.25900000000001
5689.0,526.287,110.01669999999999
5689.25,642.465,109.469
5689.5,550.525,116.45849999999999
5689.75,622.92,126.38640000000001
5690.0,565.664,110.02640000000001
5690.25,533.892,117.9057
5690.5,523.6210000000001,113.1694
5690.75,525.303,120.7753
5691.0,510.696,117.2218
5691.25,495.17499999999995,115.4143
5691.5,467.784,106.4892
5691.75,450.57399999999996,117.255
5692.0,446.183,115.2889
5692.25,444.10999999999996,109.9316
5692.5,469.198,103.7961
5692.75,493.07300000000004,111.5597
5693.0,507.28600000000006,109.6704
5693.25,522.235,109.3018
5693.5,539.211,114.0782
5693.75,502.42199999999997,105.4104
5694.0,531.621,106.041
5694.25,598.1189999999999,108.0579
5694.5,648.9290000000001,107.875
5694.75,726.894,111.161
5695.0,698.297,121.1968
5695.25,763.8489999999999,138.4571
5695.5,720.726,148.9061
5695.75,717.486,137.2089
5696.0,792.595,137.791
5696.25,897.835,132.4268
5696.5,917.3319999999999,130.91359999999997
5696.75,822.475,117.5892
5697.0,896.3019999999999,123.5307
5697.25,855.079,126.8008
5697.5,814.8399999999999,122.4632
5697.75,754.6089999999999,132.6629
5698.0,858.9540000000001,133.4188
5698.25,792.355,137.0277
5698.5,875.254,146.385
5698.75,794.8239999999998,139.7824
5699.0,807.3460000000001,136.7066
5699.25,819.5050000000001,147.45409999999998
5699.5,963.41,205.5729
5699.75,869.095,142.0597
5700.0,1136.92,228.72879999999998
5700.25,948.8950000000001,151.5059
5700.5,903.297,164.851
5700.75,878.746,146.5899
5701.0,761.687,144.7797
5701.25,770.8219999999999,137.5102
5701.5,759.52,136.1757
5701.75,693.196,129.77190000000002
5702.0,713.962,130.9811
5702.25,893.2479999999998,203.42540000000002
5702.5,801.067,177.3323
5702.75,663.487,124.94409999999999
5703.0,618.576,122.5804
5703.25,588.915,116.2776
5703.5,613.821,117.6751
5703.75,673.8040000000001,136.6292
5704.0,564.0509999999999,107.68740000000001
5704.25,659.7429999999999,117.9964
5704.5,695.857,122.1819
5704.75,1090.402,249.6254
5705.0,1007.327,229.0035
5705.25,700.4300000000001,124.1545
5705.5,731.014,138.2496
5705.75,844.485,150.3424
5706.0,732.27,150.84629999999999
5706.25,949.642,235.20850000000002
5706.5,778.203,145.265
5706.75,989.2940000000001,138.4543
5707.0,705.54,134.9018
5707.25,1026.124,206.38279999999997
5707.5,1019.855,135.1336
5707.75,1208.925,155.2012
5708.0,1181.27,149.0691
5708.25,981.8510000000001,191.47
5708.5,958.85,134.2201
5708.75,1066.133,149.96179999999998
5709.0,1061.5629999999999,151.73090000000002
5709.25,987.7179999999998,198.9366
5709.5,1089.546,145.70170000000002
5709.75,1046.556,134.63479999999998
5710.0,746.779,147.10399999999998
5710.25,820.647,124.43709999999999
5710.5,774.193,114.1805
5710.75,664.388,116.56210000000002
5711.0,645.658,116.2009
5711.25,604.976,127.56800000000001
5711.5,573.337,117.92350000000002
5711.75,578.75,110.6476
5712.0,665.513,107.9506
5712.25,529.7090000000001,116.69399999999999
5712.5,558.377,102.9761
5712.75,482.438,113.6267
5713.0,583.203,115.9894
5713.25,486.86699999999996,125.2148
5713.5,468.946,115.1302
5713.75,462.163,99.30690000000001
5714.0,447.69800000000004,121.0153
5714.25,432.953,121.76749999999998
5714.5,464.81600000000003,123.48140000000001
5714.75,432.72299999999996,123.2409
5715.0,443.12899999999996,121.2673
5715.25,449.24800000000005,105.9084
5715.5,428.842,118.54270000000001
5715.75,428.848,110.87079999999999
5716.0,411.614,114.2558
5716.25,415.528,117.275
5716.5,466.35400000000004,108.9838
5716.75,420.64300000000003,119.89429999999999
5717.0,418.27,116.2517
5717.25,426.71900000000005,119.4735
5717.5,429.101,117.6111
5717.75,428.99,110.481
5718.0,470.975,117.1012
5718.25,536.713,118.10470000000001
5718.5,575.365,115.053
5718.75,596.944,121.106
5719.0,643.624,121.4017
5719.25,689.127,123.0262
5719.5,791.144,123.8854
5719.75,803.433,121.6517
5720.0,772.9670000000001,128.64960000000002
5720.25,853.51,134.5577
5720.5,964.576,175.1809
5720.75,935.704,149.4357
5721.0,808.4860000000001,138.2346
5721.25,977.739,199.363
5721.5,742.69,132.91129999999998
5721.75,909.364,155.7092
5722.0,952.548,171.6429
5722.25,900.244,157.0876
5722.5,767.284,102.6526
5722.75,1096.495,214.14120000000003
5723.0,1022.6229999999998,144.6484
5723.25,1026.82,140.1514
5723.5,1024.81,140.2999
5723.75,1224.33,235.55409999999998
5724.0,867.076,149.04229999999998
5724.25,859.561,132.5851
5724.5,803.344,135.442
5724.75,817.1199999999999,134.9457
5725.0,772.0400000000001,138.4883
5725.25,744.216,143.1829
5725.5,731.7520000000001,140.5442
5725.75,921.9779999999998,207.3673
5726.0,648.4259999999999,129.3008
5726.25,685.828,130.17239999999998
5726.5,657.231,136.3722
5726.75,656.977,119.2568
5727.0,623.1869999999999,127.7003
5727.25,660.5999999999999,126.60150000000002
5727.5,627.843,120.2251
5727.75,616.215,126.74609999999998
5728.0,620.373,123.15599999999999
5728.25,619.289,121.2131
5728.5,640.644,118.0696
5728.75,647.598,125.352
5729.0,636.665,141.3508
5729.25,604.525,113.3147
5729.5,710.5409999999999,120.57649999999998
5729.75,690.331,130.3683
5730.0,786.3340000000001,172.3564
5730.25,644.458,120.34270000000001
5730.5,856.4720000000001,186.2328
5730.75,742.444,124.3467
5731.0,1044.926,241.9661
5731.25,766.182,141.7286
5731.5,831.857,147.1351
5731.75,761.119,178.022
5732.0,581.283,141.4619
5732.25,610.165,143.35670000000002
5732.5,677.4630000000001,145.4294
5732.75,782.0490000000001,129.1756
5733.0,736.244,133.9323
5733.25,777.5999999999999,118.1815
5733.5,655.544,123.5761
5733.75,717.2249999999999,117.5868
5734.0,608.155,125.4602
5734.25,727.64,132.19490000000002
5734.5,729.215,135.7803
5734.75,613.0160000000001,119.20679999999999
5735.0,663.38,123.04760000000002
5735.25,582.17,123.1852
5735.5,737.383,132.8482
5735.75,591.347,126.27009999999999
5736.0,562.382,121.57300000000001
5736.25,567.84,122.35669999999999
5736.5,555.947,124.80510000000001
5736.75,553.894,118.344
5737.0,533.264,135.4458
5737.25,541.717,124.1832
5737.5,503.27,127.7203
5737.75,466.794,125.2836
5738.0,518.356,125.92060000000001
5738.25,536.007,125.3678
5738.5,486.245,129.0542
5738.75,514.719,121.74130000000001
5739.0,501.52799999999996,119.48760000000001
5739.25,487.449,121.04010000000001
5739.5,465.482,112.87630000000001
5739.75,448.769,114.91499999999999
5740.0,464.85300000000007,123.918
5740.25,460.58,116.84009999999999
5740.5,447.648,115.4469
5740.75,445.865,113.5583
5741.0,432.238,121.02659999999999
5741.25,451.731,118.4917
5741.5,466.263,111.9524
5741.75,486.73400000000004,114.5626
5742.0,550.925,124.7642
5742.25,524.673,120.7037
5742.5,578.26,121.85650000000001
5742.75,591.119,121.51480000000001
5743.0,651.718,128.2865
5743.25,699.015,119.81020000000001
5743.5,676.7249999999999,123.1583
5743.75,717.705,130.12810000000002
5744.0,692.7,128.2852
5744.25,731.385,133.2981
5744.5,852.76,151.48600000000002
5744.75,872.9710000000001,182.3006
5745.0,813.1450000000001,136.78949999999998
5745.25,810.04,132.9097
5745.5,767.356,131.74380000000002
5745.75,698.842,137.0821
5746.0,800.5390000000001,152.1643
5746.25,705.9879999999999,125.3152
5746.5,636.914,124.93870000000001
5746.75,825.4050000000001,183.4357
5747.0,727.36,121.39189999999999
5747.25,707.652,132.8514
5747.5,734.051,123.6575
5747.75,820.4860000000001,138.6213
5748.0,802.2400000000001,145.4116
5748.25,726.879,149.6322
5748.5,739.593,138.165
5748.75,710.349,140.4932
5749.0,684.939,138.5704
5749.25,622.86,124.4838
5749.5,618.066,127.0065
5749.75,612.7620000000001,127.0736
5750.0,642.977,124.4838
5750.25,572.703,121.94800000000001
5750.5,555.268,121.78139999999999
5750.75,681.351,172.79149999999998
5751.0,567.264,121.0868
5751.25,559.133,118.8014
5751.5,518.844,125.7244
5751.75,558.759,124.2353
5752.0,572.667,122.4661
5752.25,590.059,125.69260000000001
5752.5,609.794,132.3809
5752.75,609.245,129.3706
5753.0,726.663,183.699
5753.25,600.769,128.1845
5753.5,615.159,127.7805
5753.75,574.632,126.03659999999999
5754.0,737.736,174.5418
5754.25,682.554,149.0387
5754.5,839.167,189.0679
5754.75,939.611,154.9068
5755.0,675.736,133.1797
5755.25,659.297,116.9101
5755.5,618.7429999999999,119.0266
5755.75,598.937,112.096
5756.0,805.431,163.8784
5756.25,609.6990000000001,114.8194
5756.5,674.822,117.14169999999999
5756.75,721.2280000000001,111.3123
5757.0,631.2719999999999,109.45930000000001
5757.25,584.883,113.83700000000002
5757.5,597.689,122.1266
5757.75,665.926,148.5553
5758.0,574.649,115.14229999999999
5758.25,669.669,121.03880000000001
5758.5,597.65,116.41320000000002
5758.75,514.748,108.7071
5759.0,516.809,98.688
5759.25,498.03799999999995,105.93469999999999
5759.5,482.803,108.44380000000001
5759.75,465.884,109.15490000000001
5760.0,507.35799999999995,112.7584
5760.25,505.09799999999996,111.39690000000002
5760.5,476.33099999999996,107.1772
5760.75,454.341,113.55999999999999
5761.0,436.28499999999997,123.3688
5761.25,453.43100000000004,120.9308
5761.5,447.56000000000006,120.63489999999999
5761.75,420.67999999999995,116.07499999999999
5762.0,431.73800000000006,121.66879999999999
5762.25,417.902,117.83179999999999
5762.5,469.66499999999996,123.097
5762.75,465.92499999999995,123.6754
5763.0,450.731,124.38560000000001
5763.25,410.42499999999995,119.6207
5763.5,406.21000000000004,121.76650000000001
5763.75,424.88599999999997,126.2319
5764.0,385.73299999999995,123.0164
5764.25,395.21599999999995,122.71870000000001
5764.5,406.88800000000003,115.2435
5764.75,413.891,117.1904
5765.0,417.87100000000004,126.1028
5765.25,422.837,120.2142
5765.5,458.544,120.6008
5765.75,470.072,122.3296
5766.0,465.735,124.84460000000001
5766.25,490.961,127.1413
5766.5,510.043,125.58160000000001
5766.75,550.108,125.17589999999998
5767.0,587.733,124.0233
5767.25,639.846,122.6831
5767.5,716.598,137.8475
5767.75,815.743,142.1535
5768.0,690.557,133.8347
5768.25,649.767,135.4111
5768.5,709.389,125.7109
5768.75,705.754,123.6926
5769.0,802.143,127.4642
5769.25,678.7850000000001,123.4769
5769.5,727.068,133.487
5769.75,709.271,132.481
5770.0,672.525,131.2946
5770.25,762.1410000000001,130.1898
5770.5,678.4549999999999,121.52510000000001
5770.75,754.859,129.3748
5771.0,750.823,135.26319999999998
5771.25,802.8009999999999,138.9194
5771.5,776.1930000000001,135.15879999999999
5771.75,790.983,139.7616
5772.0,818.7059999999999,159.61059999999998
5772.25,770.113,143.5714
5772.5,736.8430000000001,147.5648
5772.75,746.775,145.6352
5773.0,705.7180000000001,137.5365
5773.25,630.87,137.789
5773.5,659.064,129.3778
5773.75,644.181,131.98319999999998
5774.0,583.047,134.44480000000001
5774.25,699.669,151.58089999999999
5774.5,616.1370000000001,134.4148
5774.75,543.6030000000001,121.6378
5775.0,593.365,140.0602
5775.25,566.358,120.5438
5775.5,588.5,127.187
5775.75,574.5509999999999,131.2809
5776.0,594.174,136.6684
5776.25,675.777,170.934
5776.5,764.605,204.96710000000002
5776.75,584.923,129.5132
5777.0,547.6379999999999,125.1516
5777.25,626.918,162.1159
5777.5,556.528,128.3357
5777.75,574.867,131.9497
5778.0,611.764,130.3612
5778.25,633.914,132.9031
5778.5,604.433,133.66330000000002
5778.75,624.5160000000001,140.3646
5779.0,596.315,152.5493
5779.25,841.397,216.8756
5779.5,556.988,129.7914
5779.75,686.577,128.49280000000002
5780.0,693.68,164.1111
5780.25,626.679,154.6132
5780.5,519.656,121.761
5780.75,635.003,164.9183
5781.0,489.475,113.66120000000001
5781.25,553.4,117.4614
5781.5,550.37,108.21860000000001
5781.75,459.09499999999997,105.7533
5782.0,490.12699999999995,111.32650000000001
5782.25,490.15099999999995,110.647
5782.5,434.41999999999996,103.14340000000001
5782.75,429.447,106.5898
5783.0,430.03999999999996,108.5685
5783.25,466.228,102.63990000000001
5783.5,456.93899999999996,109.7682
5783.75,439.98699999999997,100.2396
5784.0,419.149,110.18210000000002
5784.25,402.418,106.8956
5784.5,417.677,103.69420000000001
5784.75,403.738,109.3629
5785.0,375.05199999999996,105.7832
5785.25,380.807,108.9359
5785.5,375.68899999999996,105.46719999999999
5785.75,381.61699999999996,110.70060000000001
5786.0,371.436,108.83539999999999
5786.25,369.379,112.3022
5786.5,343.686,107.34029999999998
5786.75,357.913,107.9037
5787.0,338.88,103.3183
5787.25,358.03700000000003,102.50130000000001
5787.5,337.158,101.1643
5787.75,343.549,99.08449999999999
5788.0,366.084,109.9077
5788.25,350.764,109.01759999999999
5788.5,319.373,101.8959
5788.75,299.8756,102.8195
5789.0,321.38800000000003,104.7224
5789.25,324.72400000000005,103.1873
5789.5,343.389,106.6695
5789.75,376.987,109.5577
5790.0,376.36699999999996,121.1439
5790.25,393.158,116.7449
5790.5,404.881,115.3206
5790.75,384.549,121.44569999999999
5791.0,352.614,110.15
5791.25,377.252,114.2452
5791.5,355.528,114.291
5791.75,396.754,116.547
5792.0,333.278,111.7227
5792.25,372.563,114.6229
5792.5,417.656,128.9213
5792.75,410.134,116.5756
5793.0,512.754,118.6928
5793.25,453.956,116.3557
5793.5,427.80499999999995,121.43090000000001
5793.75,415.14799999999997,114.94290000000001
5794.0,426.245,115.4058
5794.25,429.356,118.99249999999999
5794.5,368.32,114.3621
5794.75,395.082,121.33120000000001
5795.0,456.721,128.7865
5795.25,447.59299999999996,123.30519999999999
5795.5,447.66100000000006,127.1043
5795.75,488.419,124.97030000000001
5796.0,485.379,112.7773
5796.25,502.908,120.84819999999999
5796.5,487.06399999999996,114.31470000000002
5796.75,503.81800000000004,117.0934
5797.0,487.394,120.4675
5797.25,432.44500000000005,118.89259999999999
5797.5,428.02099999999996,123.0518
5797.75,429.226,124.2363
5798.0,404.99800000000005,114.0393
5798.25,377.522,115.6954
5798.5,410.932,127.44740000000002
5798.75,426.71900000000005,130.8053
5799.0,408.571,137.2554
5799.25,443.687,133.5158
5799.5,398.765,125.3173
5799.75,427.045,128.5122
5800.0,427.30699999999996,130.32410000000002
5800.25,489.317,135.5637
5800.5,465.70099999999996,131.1858
5800.75,458.144,130.9697
5801.0,432.45799999999997,134.10559999999998
5801.25,432.296,133.7524
5801.5,439.659,125.65249999999999
5801.75,494.777,128.0424
5802.0,444.241,117.344
5802.25,463.967,123.7366
5802.5,497.63800000000003,137.1182
5802.75,496.755,134.1008
5803.0,577.244,141.0162
5803.25,514.917,132.66129999999998
5803.5,510.743,127.76950000000001
5803.75,537.69,124.7078
5804.0,494.327,128.214
5804.25,531.1329999999999,125.513
5804.5,421.28599999999994,127.84979999999999
5804.75,500.372,127.03559999999999
5805.0,482.621,123.2204
5805.25,448.553,124.52710000000002
5805.5,450.227,114.0978
5805.75,398.94800000000004,110.4158
5806.0,437.823,113.07199999999999
5806.25,463.129,112.5715
5806.5,405.841,115.96179999999998
5806.75,394.154,114.2626
5807.0,365.475,114.20749999999998
5807.25,446.67999999999995,116.6681
5807.5,384.87800000000004,116.2653
5807.75,390.595,124.63569999999999
5808.0,365.968,107.01989999999999
5808.25,371.11199999999997,110.60090000000001
5808.5,340.25,115.7816
5808.75,403.103,114.5727
5809.0,374.927,115.53750000000001
5809.25,354.308,114.99859999999998
5809.5,349.597,110.6002
5809.75,344.87600000000003,112.00019999999999
5810.0,340.081,115.9984
5810.25,339.017,117.3245
5810.5,340.00100000000003,118.3416
5810.75,309.834,104.1844
5811.0,323.36699999999996,103.2054
5811.25,300.21500000000003,100.76270000000001
5811.5,286.5111,101.6555
5811.75,282.8337,97.48250000000002
5812.0,275.9083,105.4819
5812.25,279.5054,103.0007
5812.5,269.8791,100.41060000000002
5812.75,307.913,105.63409999999999
5813.0,307.784,102.25269999999999
5813.25,305.23799999999994,98.2434
5813.5,324.786,103.2191
5813.75,330.084,101.0498
5814.0,297.55730000000005,100.08269999999999
5814.25,324.744,104.6314
5814.5,318.356,104.6805
5814.75,283.488,96.9192
5815.0,299.4279,102.69800000000001
5815.25,269.612,91.91739999999999
5815.5,262.38710000000003,95.0666
5815.75,266.2792,92.2115
5816.0,263.2955,89.2916
5816.25,302.438,94.49619999999999
5816.5,324.821,99.2878
5816.75,354.89,108.63750000000002
5817.0,384.459,115.0755
5817.25,367.847,111.4354
5817.5,383.597,107.70939999999999
5817.75,406.01,118.0779
5818.0,395.88699999999994,114.3247
5818.25,353.043,115.17160000000001
5818.5,310.896,117.7589
5818.75,317.528,122.1293
5819.0,351.136,127.6399
5819.25,385.793,125.67059999999998
5819.5,390.281,117.9503
5819.75,409.78999999999996,115.4169
5820.0,374.32,114.2876
5820.25,401.213,118.34819999999999
5820.5,399.71900000000005,114.4689
5820.75,394.948,117.82659999999998
5821.0,356.351,117.417
5821.25,342.758,116.5831
5821.5,384.78200000000004,117.1883
5821.75,420.389,115.65
5822.0,382.301,112.0883
5822.25,320.207,107.941
5822.5,394.02699999999993,116.17509999999999
5822.75,356.86699999999996,120.62270000000001
5823.0,367.381,123.95499999999998
5823.25,355.805,122.4486
5823.5,373.445,128.1504
5823.75,434.099,132.0978
5824.0,414.905,125.8064
5824.25,363.593,121.76169999999999
5824.5,399.48499999999996,124.9213
5824.75,377.438,133.8618
5825.0,402.69800000000004,131.05880000000002
5825.25,391.202,128.623
5825.5,403.871,128.05880000000002
5825.75,463.09899999999993,135.0969
5826.0,416.75,128.7783
5826.25,511.692,131.7226
5826.5,452.36199999999997,133.9589
5826.75,555.075,131.8474
5827.0,516.2,129.8324
5827.25,535.9440000000001,129.78570000000002
5827.5,522.693,124.8389
5827.75,558.412,128.6752
5828.0,500.272,131.9837
5828.25,474.63300000000004,118.22149999999999
5828.5,494.50700000000006,121.97549999999998
5828.75,542.315,127.3224
5829.0,496.543,127.89959999999999
5829.25,461.121,111.29759999999999
5829.5,431.41999999999996,105.4252
5829.75,465.697,112.38879999999999
5830.0,429.659,110.86420000000001
5830.25,468.98,114.71520000000001
5830.5,445.9,113.1372
5830.75,411.43399999999997,108.3432
5831.0,400.99299999999994,109.61249999999998
5831.25,348.614,101.39699999999999
5831.5,396.77600000000007,105.3878
5831.75,424.794,115.24289999999999
5832.0,384.15000000000003,117.04589999999999
5832.25,355.35699999999997,112.0762
5832.5,352.06,112.5679
5832.75,368.211,113.96719999999999
5833.0,335.59200000000004,114.438
5833.25,388.463,131.4145
5833.5,348.278,129.71550000000002
5833.75,368.74,139.4316
5834.0,358.83500000000004,139.9286
5834.25,379.997,137.702
5834.5,340.577,133.4139
5834.75,342.959,131.9254
5835.0,346.302,137.66039999999998
5835.25,344.73600000000005,127.9128
5835.5,343.328,125.9204
5835.75,337.738,128.7199
5836.0,337.301,133.6034
5836.25,319.857,125.48150000000001
5836.5,336.245,126.3774
5836.75,320.028,120.95320000000001
5837.0,334.613,123.6198
5837.25,325.703,121.6087
5837.5,335.291,123.65460000000002
5837.75,347.03,126.5806
5838.0,385.98100000000005,129.3583
5838.25,450.30499999999995,136.9751
5838.5,462.84499999999997,142.5753
5838.75,472.90700000000004,145.7338
5839.0,516.176,140.6739
5839.25,566.798,135.4441
5839.5,631.5809999999999,146.1909
5839.75,575.761,134.2243
5840.0,566.343,142.7867
5840.25,596.067,143.9376
5840.5,708.399,156.9159
5840.75,773.6310000000001,156.85479999999998
5841.0,648.996,151.30010000000001
5841.25,663.69,148.0354
5841.5,649.765,145.9163
5841.75,674.6080000000001,150.9848
5842.0,733.065,181.30949999999999
5842.25,772.029,175.9992
5842.5,652.11,148.5777
5842.75,643.587,137.32279999999997
5843.0,699.711,133.3476
5843.25,720.532,144.0415
5843.5,779.283,155.3052
5843.75,818.368,194.8197
5844.0,746.337,162.1111
5844.25,690.717,147.7096
5844.5,690.615,152.7738
5844.75,714.3689999999999,157.18619999999999
5845.0,772.983,179.0855
5845.25,590.716,149.7574
5845.5,564.849,141.3057
5845.75,587.1859999999999,148.6499
5846.0,588.732,147.7284
5846.25,646.1370000000001,143.0669
5846.5,605.313,144.3952
5846.75,583.429,152.6832
5847.0,591.203,140.2271
5847.25,584.472,144.0585
5847.5,651.237,154.0599
5847.75,620.855,143.24169999999998
5848.0,688.131,146.3867
5848.25,632.708,144.0644
5848.5,828.355,158.7156
5848.75,573.325,131.4861
5849.0,835.998,158.5422
5849.25,570.676,137.74130000000002
5849.5,555.625,138.63420000000002
5849.75,595.6949999999999,142.9331
5850.0,562.763,128.4506
5850.25,725.814,186.1012
5850.5,613.924,129.3087
5850.75,855.727,221.0752
5851.0,547.575,128.3391
5851.25,711.2560000000001,165.7182
5851.5,626.019,137.211
5851.75,741.795,150.0139
5852.0,630.434,148.2522
5852.25,581.291,136.3975
5852.5,605.8100000000001,139.0786
5852.75,642.754,135.7039
5853.0,649.838,139.16750000000002
5853.25,604.394,139.38940000000002
5853.5,601.207,139.5933
5853.75,500.09000000000003,124.6468
5854.0,531.7090000000001,129.31789999999998
5854.25,571.3489999999999,127.9189
5854.5,522.215,121.51989999999998
5854.75,466.23499999999996,125.33539999999999
5855.0,398.153,126.07750000000001
5855.25,397.69100000000003,128.0851
5855.5,466.548,127.5464
5855.75,447.527,121.8993
5856.0,441.423,112.6944
5856.25,421.838,121.1764
5856.5,407.55000000000007,111.0352
5856.75,408.412,113.95760000000001
5857.0,392.294,119.9959
5857.25,355.47400000000005,118.3386
5857.5,343.649,114.9194
5857.75,359.653,116.55769999999998
5858.0,344.92,115.4461
5858.25,425.342,117.62320000000001
5858.5,449.72900000000004,131.1089
5858.75,499.491,134.421
5859.0,475.697,136.6678
5859.25,472.222,132.5772
5859.5,452.255,127.1352
5859.75,428.405,130.3543
5860.0,374.981,129.0607
5860.25,444.639,133.36849999999998
5860.5,424.061,127.70339999999999
5860.75,433.30100000000004,130.2749
5861.0,412.07300000000004,131.034
5861.25,452.40700000000004,133.5545
5861.5,453.715,132.6986
5861.75,451.62,127.8792
5862.0,501.004,130.9468
5862.25,552.758,137.55849999999998
5862.5,562.4659999999999,133.918
5862.75,514.593,133.5384
5863.0,554.646,134.7129
5863.25,731.1990000000001,182.0211
5863.5,656.226,141.1135
5863.75,714.102,134.9959
5864.0,657.12,139.2505
5864.25,712.071,162.6164
5864.5,755.658,138.3545
5864.75,789.727,151.3619
5865.0,837.028,152.711
5865.25,898.02,185.8109
5865.5,796.075,138.4321
5865.75,783.248,138.2477
5866.0,775.087,140.1919
5866.25,797.1299999999999,136.2167
5866.5,779.1930000000001,147.8313
5866.75,903.2610000000001,183.8483
5867.0,918.681,180.8466
5867.25,738.3000000000001,143.7456
5867.5,792.268,150.6643
5867.75,722.625,148.7227
5868.0,715.404,147.11450000000002
5868.25,744.8979999999999,161.4967
5868.5,753.333,157.6442
5868.75,670.242,149.9308
5869.0,673.4250000000001,149.677
5869.25,808.1769999999999,147.3623
5869.5,812.0699999999999,186.2171
5869.75,786.3,201.5308
5870.0,602.877,131.13049999999998
5870.25,640.302,131.0931
5870.5,536.347,135.4611
5870.75,584.112,127.8553
5871.0,611.1030000000001,135.0657
5871.25,624.986,124.2131
5871.5,664.277,133.14389999999997
5871.75,630.186,125.00650000000002
5872.0,643.863,131.44099999999997
5872.25,626.946,140.3578
5872.5,686.803,137.25619999999998
5872.75,651.183,138.9274
5873.0,644.184,144.1903
5873.25,677.9369999999999,142.26069999999999
5873.5,687.153,139.5332
5873.75,657.123,143.8342
5874.0,752.941,190.8738
5874.25,713.712,149.1583
5874.5,799.734,164.5023
5874.75,793.4110000000001,151.5224
5875.0,720.0840000000001,145.7933
5875.25,708.663,152.2634
5875.5,665.914,156.3789
5875.75,643.215,154.1611
5876.0,639.691,148.2433
5876.25,854.929,223.858
5876.5,547.023,136.25
5876.75,600.437,143.96089999999998
5877.0,583.2909999999999,138.9766
5877.25,557.753,125.2944
5877.5,560.3340000000001,118.02350000000001
5877.75,575.402,128.4597
5878.0,528.6600000000001,116.2038
5878.25,595.457,126.0623
5878.5,514.0550000000001,127.6301
5878.75,548.684,124.9607
5879.0,503.774,123.96000000000001
5879.25,465.894,132.40730000000002
5879.5,516.281,127.16829999999999
5879.75,488.366,122.4476
5880.0,461.961,121.2485
5880.25,491.908,120.26310000000001
5880.5,462.79900000000004,115.4656
5880.75,458.692,112.9599
5881.0,437.91700000000003,121.1738
5881.25,434.57300000000004,121.61219999999999
5881.5,424.07300000000004,117.66449999999999
5881.75,406.871,118.2327
5882.0,486.267,122.3897
5882.25,474.453,147.2812
5882.5,477.54499999999996,157.483
5882.75,465.79100000000005,156.9513
5883.0,455.97399999999993,145.2362
5883.25,429.815,133.8568
5883.5,402.394,135.56390000000002
5883.75,370.61,126.21940000000001
5884.0,376.154,128.1294
5884.25,381.18499999999995,126.06540000000001
5884.5,394.98499999999996,123.6781
5884.75,366.715,131.4796
5885.0,351.452,124.3323
5885.25,359.786,129.94989999999999
5885.5,441.917,129.9562
5885.75,446.539,130.57420000000002
5886.0,490.378,148.7969
5886.25,517.475,134.5341
5886.5,512.881,137.9399
5886.75,539.28,139.596
5887.0,541.134,124.93100000000001
5887.25,578.439,137.2447
5887.5,653.0129999999999,146.3181
5887.75,628.961,140.94989999999999
5888.0,602.841,142.8149
5888.25,589.602,151.5875
5888.5,708.564,167.09210000000002
5888.75,686.34,145.2789
5889.0,666.0,143.5789
5889.25,706.54,149.7822
5889.5,804.504,192.9178
5889.75,668.23,147.0977
5890.0,654.249,143.06849999999997
5890.25,775.719,168.7661
5890.5,606.618,162.284
5890.75,649.11,166.4797
5891.0,822.154,202.21209999999996
5891.25,867.292,160.9068
5891.5,885.366,205.5899
5891.75,747.913,164.8964
5892.0,795.3,150.94670000000002
5892.25,749.145,159.7929
5892.5,727.852,163.2106
5892.75,717.9630000000001,157.0566
5893.0,716.782,141.3753
5893.25,750.173,148.7158
5893.5,685.492,151.3611
5893.75,807.6510000000001,153.2223
5894.0,699.7719999999999,141.3522
5894.25,616.6949999999999,145.43189999999998
5894.5,669.058,138.8474
5894.75,624.51,141.0538
5895.0,677.379,167.0282
5895.25,658.171,141.7733
5895.5,614.4,134.3588
5895.75,613.179,139.2746
5896.0,699.8969999999999,139.65879999999999
5896.25,575.913,140.9588
5896.5,627.882,166.1967
5896.75,627.461,132.6563
5897.0,618.777,135.942
5897.25,633.552,122.5454
5897.5,599.757,151.10829999999999
5897.75,700.4069999999999,152.3236
5898.0,538.496,144.6767
5898.25,621.309,145.4162
5898.5,670.689,146.3086
5898.75,794.107,189.9769
5899.0,729.471,167.8308
5899.25,758.931,149.9169
5899.5,585.8340000000001,151.0591
5899.75,677.864,172.59230000000002
5900.0,593.729,151.658
5900.25,578.63,155.0412
5900.5,593.7049999999999,129.6624
5900.75,548.597,127.46020000000001
5901.0,579.553,165.2292
5901.25,614.762,176.4969
5901.5,610.218,123.5285
5901.75,615.814,172.2417
5902.0,575.518,111.8418
5902.25,455.02799999999996,136.7535
5902.5,450.869,126.1318
5902.75,498.506,115.8779
5903.0,495.35900000000004,126.0055
5903.25,414.375,126.0358
5903.5,467.53999999999996,118.952
5903.75,499.391,127.0389
5904.0,454.709,124.32750000000001
5904.25,429.283,134.4053
5904.5,418.13,115.39
5904.75,425.41999999999996,130.8279
5905.0,448.54599999999994,122.6001
5905.25,443.255,123.53050000000002
5905.5,439.82599999999996,116.7944
5905.75,404.134,119.3912
5906.0,447.971,129.942
5906.25,440.89000000000004,123.61260000000001
5906.5,458.85400000000004,138.0337
5906.75,447.066,125.4042
5907.0,455.387,137.21450000000002
5907.25,441.962,142.3415
5907.5,400.313,134.3818
5907.75,445.187,133.92079999999999
5908.0,404.957,141.535
5908.25,443.26699999999994,136.3835
5908.5,389.78,132.1466
5908.75,407.41099999999994,139.3845
5909.0,408.599,130.52089999999998
5909.25,401.199,132.2905
5909.5,464.509,143.7477
5909.75,426.148,136.75
5910.0,453.844,148.6041
5910.25,453.67999999999995,141.5964
5910.5,500.77099999999996,158.00580000000002
5910.75,558.445,150.9943
5911.0,619.6659999999999,141.49849999999998
5911.25,645.807,139.4958
5911.5,606.05,142.6638
5911.75,651.984,142.2449
5912.0,718.578,162.7677
5912.25,667.11,136.1292
5912.5,655.028,145.1067
5912.75,637.485,140.9135
5913.0,665.941,137.7486
5913.25,768.04,135.26760000000002
5913.5,681.375,134.8459
5913.75,745.602,141.1431
5914.0,639.3240000000001,131.34609999999998
5914.25,678.912,134.9787
5914.5,632.975,135.5059
5914.75,686.517,130.2865
5915.0,707.498,127.4854
5915.25,796.924,137.3668
5915.5,742.0740000000001,144.5451
5915.75,758.4970000000001,140.9403
5916.0,727.2909999999999,153.6074
5916.25,913.8589999999999,205.62630000000001
5916.5,670.741,135.8219
5916.75,722.7810000000001,131.6627
5917.0,749.343,137.8876
5917.25,600.665,144.5802
5917.5,652.593,144.0666
5917.75,639.318,145.81189999999998
5918.0,600.8340000000001,144.4897
5918.25,591.308,131.93679999999998
5918.5,586.914,124.0835
5918.75,557.154,132.9634
5919.0,634.245,141.5794
5919.25,621.492,138.5369
5919.5,624.957,139.3858
5919.75,683.495,167.8329
5920.0,770.8290000000001,161.4501
5920.25,697.177,170.6646
5920.5,686.748,170.5574
5920.75,633.954,133.9062
5921.0,594.246,139.043
5921.25,840.906,151.1917
5921.5,644.3879999999999,138.4136
5921.75,604.682,140.9173
5922.0,746.194,179.2264
5922.25,637.758,133.7657
5922.5,658.26,130.7475
5922.75,640.365,125.24029999999999
5923.0,755.025,140.0349
5923.25,657.3689999999999,125.81650000000002
5923.5,743.5319999999999,119.9255
5923.75,599.193,112.3696
5924.0,657.17,109.8702
5924.25,575.846,113.2012
5924.5,636.612,112.10310000000001
5924.75,587.027,122.9486
5925.0,542.1980000000001,109.22989999999999
5925.25,550.8689999999999,110.7029
5925.5,595.2919999999999,116.4764
5925.75,562.484,112.2435
5926.0,566.0409999999999,114.055
5926.25,540.014,110.0327
5926.5,580.637,106.2188
5926.75,577.451,106.8269
5927.0,504.26300000000003,128.4481
5927.25,477.694,115.04320000000001
5927.5,500.32399999999996,115.85749999999999
5927.75,464.25199999999995,111.3842
5928.0,460.947,109.4567
5928.25,447.30600000000004,114.56989999999999
5928.5,433.135,116.5484
5928.75,432.25700000000006,117.53859999999999
5929.0,416.69,117.4033
5929.25,405.08,112.4845
5929.5,424.172,116.76549999999999
5929.75,413.39200000000005,120.8213
5930.0,394.15700000000004,115.20850000000002
5930.25,412.92400000000004,115.58699999999999
5930.5,418.352,114.2827
5930.75,453.471,117.0102
5931.0,437.471,115.5464
5931.25,501.332,125.97059999999999
5931.5,471.621,131.19600000000003
5931.75,500.072,135.2518
5932.0,497.3,133.0888
5932.25,460.571,131.9149
5932.5,413.828,128.9407
5932.75,406.09400000000005,128.0178
5933.0,371.84000000000003,123.34530000000001
5933.25,372.034,125.28659999999999
5933.5,380.88800000000003,133.99099999999999
5933.75,417.601,127.06889999999999
5934.0,471.19100000000003,134.0334
5934.25,499.2579999999999,137.558
5934.5,504.92600000000004,127.4725
5934.75,485.81000000000006,132.0445
5935.0,548.466,122.4847
5935.25,568.257,120.69609999999999
5935.5,625.0740000000001,127.37360000000001
5935.75,712.2090000000001,133.43449999999999
5936.0,677.754,142.7849
5936.25,749.727,139.68650000000002
5936.5,844.6170000000001,178.017
5936.75,660.8879999999999,126.66399999999999
5937.0,663.876,133.2139
5937.25,687.915,134.28179999999998
5937.5,718.879,132.7508
5937.75,700.692,145.80519999999999
5938.0,673.511,133.1581
5938.25,753.451,133.7509
5938.5,749.23,134.3751
5938.75,697.197,128.1926
5939.0,873.1119999999999,175.5327
5939.25,711.318,125.3331
5939.5,852.7950000000001,135.0575
5939.75,808.8969999999999,135.9904
5940.0,919.54,143.9188
5940.25,823.6409999999998,141.88029999999998
5940.5,962.069,203.7231
5940.75,809.326,142.81980000000001
5941.0,932.2810000000001,187.78549999999998
5941.25,764.121,138.5504
5941.5,648.692,130.8788
5941.75,671.727,142.5657
5942.0,681.825,135.4756
5942.25,634.989,126.7294
5942.5,644.5350000000001,121.0881
5942.75,605.0799999999999,119.97149999999999
5943.0,568.301,116.8925
5943.25,565.8870000000001,117.7567
5943.5,565.344,128.8621
5943.75,545.739,127.9426
5944.0,550.404,130.5005
5944.25,745.356,178.989
5944.5,621.165,144.5941
5944.75,671.8050000000001,130.6685
5945.0,636.7239999999999,141.7326
5945.25,648.114,121.017
5945.5,735.198,187.4041
5945.75,726.2249999999999,170.7881
5946.0,664.6410000000001,122.3221
5946.25,625.014,134.6822
5946.5,736.303,182.1707
5946.75,590.933,117.4436
5947.0,753.995,113.9922
5947.25,635.897,116.89269999999999
5947.5,723.847,165.6291
5947.75,879.0140000000001,187.08620000000002
5948.0,661.5690000000001,119.72829999999999
5948.25,829.576,188.1322
5948.5,779.6949999999999,131.7774
5948.75,626.083,128.39600000000002
5949.0,676.646,136.922
5949.25,847.071,177.953
5949.5,857.029,182.8331
5949.75,749.149,125.8324
5950.0,631.751,126.2286
5950.25,569.666,115.4713
5950.5,584.127,109.2729
5950.75,495.50300000000004,113.7833
5951.0,552.496,106.8107
5951.25,527.5160000000001,118.5361
5951.5,540.1129999999999,116.6719
5951.75,536.012,107.4709
5952.0,496.52599999999995,99.98660000000001
5952.25,462.563,98.68990000000001
5952.5,460.80100000000004,102.48509999999999
5952.75,446.186,99.0517
5953.0,477.86300000000006,102.419
5953.25,412.419,115.0505
5953.5,454.933,107.6241
5953.75,382.30899999999997,113.2852
5954.0,371.163,110.4958
5954.25,377.209,104.2501
5954.5,414.275,101.79560000000001
5954.75,401.332,110.5565
5955.0,371.114,108.8232
5955.25,401.111,105.5093
5955.5,447.31,108.2597
5955.75,380.726,119.04929999999999
5956.0,366.569,111.3584
5956.25,397.21399999999994,120.25300000000001
5956.5,371.702,104.9987
5956.75,394.601,99.6275
5957.0,364.678,111.194
5957.25,415.592,108.85160000000002
5957.5,359.12,109.67620000000001
5957.75,410.047,105.78609999999999
5958.0,437.36300000000006,103.4589
5958.25,402.467,104.4356
5958.5,390.754,98.79419999999999
5958.75,355.469,106.9745
5959.0,346.43399999999997,112.2508
5959.25,372.85,122.44810000000001
5959.5,410.86699999999996,109.0464
5959.75,414.93399999999997,98.3773
5960.0,379.054,97.96770000000001
5960.25,405.298,102.59649999999999
5960.5,410.91499999999996,98.8575
5960.75,422.4549999999999,102.2704
5961.0,450.97800000000007,103.46300000000001
5961.25,424.802,106.1687
5961.5,450.31600000000003,110.7252
5961.75,497.571,114.08649999999999
5962.0,519.3290000000001,111.2912
5962.25,466.539,117.72550000000001
5962.5,537.662,117.82339999999999
5962.75,516.158,115.66460000000001
5963.0,532.781,115.3587
5963.25,514.508,112.1138
5963.5,492.482,116.32
5963.75,515.831,116.5911
5964.0,551.324,119.144
5964.25,602.6610000000001,119.2246
5964.5,536.832,111.4768
5964.75,531.101,115.3476
5965.0,509.75,114.821
5965.25,459.39,111.21039999999999
5965.5,473.79999999999995,112.1755
5965.75,537.509,114.9582
5966.0,525.711,113.661
5966.25,528.805,115.8663
5966.5,503.846,112.13410000000002
5966.75,554.9,115.7139
5967.0,559.844,121.90879999999999
5967.25,489.92900000000003,106.9746
5967.5,480.56399999999996,110.934
5967.75,463.99600000000004,109.92699999999999
5968.0,486.76599999999996,109.8449
5968.25,505.10699999999997,109.53460000000001
5968.5,448.481,103.4548
5968.75,491.43199999999996,114.99010000000001
5969.0,491.87600000000003,109.6429
5969.25,496.2579999999999,109.9967
5969.5,529.398,108.0934
5969.75,547.63,105.67830000000001
5970.0,551.733,105.0534
5970.25,584.121,105.2579
5970.5,566.485,105.4454
5970.75,578.736,104.05359999999999
5971.0,602.97,106.2315
5971.25,563.962,105.12950000000001
5971.5,616.5219999999999,108.7137
5971.75,665.106,106.0905
5972.0,601.3499999999999,109.60740000000001
5972.25,544.923,110.0228
5972.5,515.4449999999999,117.2698
5972.75,566.64,110.82289999999999
5973.0,578.028,106.91159999999999
5973.25,535.843,102.15270000000001
5973.5,595.623,109.487
5973.75,539.168,110.7491
5974.0,590.133,113.17099999999999
5974.25,541.4200000000001,111.1874
5974.5,615.4259999999999,120.7365
5974.75,499.63199999999995,114.621
5975.0,500.13,114.62280000000001
5975.25,568.0889999999999,111.39560000000002
5975.5,480.10999999999996,103.93180000000001
5975.75,469.84400000000005,101.2415
5976.0,478.55,100.10060000000001
5976.25,436.652,110.63920000000002
5976.5,491.80699999999996,103.745
5976.75,438.635,109.76060000000001
5977.0,414.673,109.58689999999999
5977.25,463.496,106.7696
5977.5,439.453,106.82520000000001
5977.75,386.32399999999996,108.2319
5978.0,379.43399999999997,106.4782
5978.25,435.14300000000003,101.1431
5978.5,414.28999999999996,116.43360000000001
5978.75,456.20399999999995,109.7835
5979.0,393.136,111.8581
5979.25,395.773,113.2375
5979.5,404.402,107.742
5979.75,417.7,101.91120000000001
5980.0,388.262,102.5763
5980.25,383.279,107.27029999999999
5980.5,418.216,107.76599999999999
5980.75,383.092,104.11339999999998
5981.0,369.989,118.23590000000002
5981.25,424.74699999999996,112.53549999999998
5981.5,387.302,112.59449999999998
5981.75,393.145,106.358
5982.0,374.737,105.98150000000001
5982.25,382.19,110.34410000000001
5982.5,392.236,109.3286
5982.75,362.398,108.154
5983.0,364.34000000000003,113.10660000000001
5983.25,365.351,108.4212
5983.5,369.977,120.3269
5983.75,354.675,105.4172
5984.0,351.47299999999996,94.2654
5984.25,377.34200000000004,89.7398
5984.5,363.007,89.62689999999999
5984.75,357.891,89.1945
5985.0,384.20000000000005,91.3379
5985.25,418.577,96.7878
5985.5,392.327,98.9383
5985.75,435.67999999999995,100.27260000000001
5986.0,412.355,94.837
5986.25,431.416,95.97200000000001
5986.5,408.51800000000003,95.0363
5986.75,388.908,93.3625
5987.0,448.10900000000004,96.8808
5987.25,464.22399999999993,98.926
5987.5,489.827,101.1595
5987.75,466.616,104.6961
5988.0,446.88699999999994,101.0613
5988.25,497.23699999999997,95.6717
5988.5,470.52599999999995,99.31190000000001
5988.75,486.9630000000001,91.4527
5989.0,461.03499999999997,97.9963
5989.25,436.319,99.6009
5989.5,472.331,101.47879999999999
5989.75,504.98400000000004,100.5197
5990.0,392.70300000000003,95.5293
5990.25,447.908,100.60170000000001
5990.5,435.187,96.3467
5990.75,433.79200000000003,97.20110000000001
5991.0,431.78599999999994,96.62609999999998
5991.25,398.12300000000005,92.94330000000001
5991.5,409.297,93.7582
5991.75,428.39,97.80980000000001
5992.0,423.55300000000005,102.49340000000001
5992.25,425.77,93.61670000000001
5992.5,414.73299999999995,90.2341
5992.75,417.86199999999997,89.6251
5993.0,435.986,92.316
5993.25,494.765,101.7639
5993.5,504.85299999999995,104.93710000000002
5993.75,502.24,109.939
5994.0,519.672,105.9377
5994.25,523.917,106.87870000000001
5994.5,554.114,113.804
5994.75,494.827,111.45860000000002
5995.0,564.062,107.64079999999998
5995.25,618.957,103.3467
5995.5,570.807,100.29849999999999
5995.75,555.0809999999999,103.36949999999999
5996.0,635.472,104.5112
5996.25,512.004,108.4394
5996.5,467.34800000000007,108.3297
5996.75,627.591,110.26559999999999
5997.0,595.386,108.64170000000001
5997.25,542.64,111.62199999999999
5997.5,546.5310000000001,111.37610000000001
5997.75,486.989,109.50150000000002
5998.0,487.40500000000003,115.00989999999999
5998.25,584.1320000000001,111.732
5998.5,539.3879999999999,114.2929
5998.75,563.5350000000001,115.21100000000001
5999.0,606.7529999999999,115.48400000000001
5999.25,541.233,112.1779
5999.5,521.73,107.0162
5999.75,543.619,106.80969999999999
6000.0,508.96500000000003,100.6588
6000.25,495.469,99.31769999999999
6000.5,459.842,102.8271
6000.75,462.064,108.416
6001.0,465.278,111.90109999999999
6001.25,443.183,106.6632
6001.5,424.619,110.86420000000001
6001.75,481.463,121.62480000000002
6002.0,463.319,121.1386
6002.25,436.98699999999997,130.499
6002.5,466.68999999999994,120.4975
6002.75,425.58399999999995,119.982
6003.0,430.233,136.305
6003.25,430.28599999999994,133.6938
6003.5,408.851,120.1385
6003.75,400.76,125.79580000000001
6004.0,402.827,119.8667
6004.25,428.96200000000005,122.9981
6004.5,417.80899999999997,130.2822
6004.75,422.963,125.02680000000001
6005.0,451.71799999999996,128.5179
6005.25,428.849,126.1177
6005.5,438.89300000000003,125.6017
6005.75,467.39,123.9724
6006.0,486.446,123.2537
6006.25,489.80499999999995,125.286
6006.5,513.961,120.28450000000001
6006.75,551.61,130.8961
6007.0,587.667,135.48399999999998
6007.25,638.904,137.5596
6007.5,629.9159999999999,136.3768
6007.75,623.433,138.9771
6008.0,782.328,155.8782
6008.25,639.925,137.2781
6008.5,645.726,142.748
6008.75,700.02,152.072
6009.0,799.5360000000001,141.4532
6009.25,724.813,137.5025
6009.5,704.139,129.7114
6009.75,924.009,177.7251
6010.0,726.46,132.8654
6010.25,891.835,135.7968
6010.5,850.21,151.9284
6010.75,857.185,132.4321
6011.0,857.498,150.86739999999998
6011.25,830.587,142.0399
6011.5,880.2400000000001,153.7525
6011.75,976.315,162.8739
6012.0,843.5770000000001,173.8053
6012.25,849.6690000000001,159.3756
6012.5,860.3199999999999,162.07150000000001
6012.75,991.951,169.32150000000001
6013.0,819.0730000000001,165.9252
6013.25,871.3270000000001,147.7233
6013.5,887.4520000000001,151.6827
6013.75,730.994,153.6006
6014.0,790.117,145.9085
6014.25,765.537,159.0779
6014.5,806.787,166.79989999999998
6014.75,724.114,153.10920000000002
6015.0,947.229,215.2694
6015.25,1068.037,244.9698
6015.5,1067.292,269.4521
6015.75,772.015,167.8971
6016.0,938.802,222.0539
6016.25,862.2239999999999,220.17340000000002
6016.5,676.92,150.7482
6016.75,1049.2820000000002,166.53040000000001
6017.0,812.322,151.3591
6017.25,751.89,172.3269
6017.5,605.7909999999999,156.5137
6017.75,819.735,146.9849
6018.0,746.4300000000001,160.0162
6018.25,908.717,159.6288
6018.5,763.1610000000001,167.786
6018.75,769.405,158.7329
6019.0,885.9449999999999,187.4226
6019.25,958.7719999999999,151.1865
6019.5,786.7629999999999,150.4375
6019.75,991.1089999999999,151.54680000000002
6020.0,751.383,146.5883
6020.25,623.634,145.5147
6020.5,577.883,133.2446
6020.75,613.4659999999999,143.98590000000002
6021.0,630.758,138.7737
6021.25,645.7729999999999,137.1838
6021.5,728.156,127.6801
6021.75,794.4179999999999,179.5827
6022.0,635.934,125.8097
6022.25,708.7149999999999,125.3592
6022.5,553.337,120.6969
6022.75,669.923,125.29669999999999
6023.0,500.41599999999994,134.2956
6023.25,656.0350000000001,116.81380000000001
6023.5,589.495,113.2047
6023.75,552.3979999999999,116.62259999999999
6024.0,470.03600000000006,125.4701
6024.25,458.20099999999996,119.2974
6024.5,453.97499999999997,119.67000000000002
6024.75,465.62,113.8543
6025.0,513.177,117.40209999999999
6025.25,525.139,113.7582
6025.5,442.651,113.0789
6025.75,418.135,115.23960000000001
6026.0,394.76500000000004,118.45339999999999
6026.25,449.895,123.29429999999999
6026.5,437.29599999999994,122.399
6026.75,426.37300000000005,131.2191
6027.0,418.39599999999996,126.74340000000001
6027.25,410.863,125.5766
6027.5,410.489,129.503
6027.75,412.637,126.7067
6028.0,408.206,116.4904
6028.25,408.995,114.2673
6028.5,391.519,115.89370000000001
6028.75,399.91999999999996,121.5147
6029.0,404.588,116.6071
6029.25,380.404,118.80779999999999
6029.5,423.902,123.23589999999999
6029.75,404.098,120.82419999999999
6030.0,431.09000000000003,118.816
6030.25,464.94100000000003,120.44319999999999
6030.5,520.461,127.012
6030.75,573.275,120.26759999999999
6031.0,571.827,120.14679999999998
6031.25,668.049,135.5761
6031.5,633.957,132.3405
6031.75,625.809,124.89750000000001
6032.0,703.86,130.57659999999998
6032.25,666.21,129.9128
6032.5,757.923,130.7038
6032.75,751.748,137.2297
6033.0,710.782,132.7159
6033.25,713.862,131.0505
6033.5,802.335,146.7787
6033.75,761.956,127.3057
6034.0,768.0519999999999,127.2319
6034.25,902.347,145.26600000000002
6034.5,721.178,130.25760000000002
6034.75,674.046,129.524
6035.0,866.761,139.3545
6035.25,794.577,159.0942
6035.5,806.697,144.7312
6035.75,871.363,144.2176
6036.0,941.259,211.49060000000003
6036.25,787.5229999999999,146.2887
6036.5,741.777,134.2781
6036.75,815.2080000000001,161.8799
6037.0,698.079,150.14579999999998
6037.25,696.606,144.8043
6037.5,667.509,141.2043
6037.75,897.2900000000001,230.3329
6038.0,637.86,134.4686
6038.25,606.804,135.3222
6038.5,598.047,129.9692
6038.75,556.3050000000001,123.3521
6039.0,601.644,139.8764
6039.25,811.983,206.72519999999997
6039.5,564.252,126.40690000000001
6039.75,547.845,122.2807
6040.0,637.046,133.1392
6040.25,619.755,132.4914
6040.5,813.672,153.985
6040.75,590.658,125.6505
6041.0,562.825,127.44559999999998
6041.25,561.2529999999999,124.36240000000001
6041.5,575.0429999999999,132.2597
6041.75,602.007,147.411
6042.0,599.261,143.3251
6042.25,660.608,135.0996
6042.5,703.729,127.3167
6042.75,659.0020000000001,135.519
6043.0,655.213,129.91680000000002
6043.25,666.681,130.38060000000002
6043.5,627.5,132.8783
6043.75,678.038,139.3015
6044.0,839.9079999999999,211.63939999999997
6044.25,571.031,132.37709999999998
6044.5,618.992,141.4652
6044.75,651.99,134.5071
6045.0,595.544,131.2117
6045.25,594.752,129.9079
6045.5,657.326,113.68650000000001
6045.75,587.4159999999999,115.5741
6046.0,596.579,129.5359
6046.25,499.71799999999996,130.2521
6046.5,542.251,123.10239999999999
6046.75,511.052,126.4766
6047.0,518.0419999999999,132.2446
6047.25,531.904,121.80210000000001
6047.5,589.846,109.41290000000001
6047.75,512.1859999999999,125.151
6048.0,466.994,122.159
6048.25,510.467,113.4942
6048.5,502.017,106.6497
6048.75,451.28,110.8551
6049.0,454.70000000000005,120.8481
6049.25,451.515,105.05780000000001
6049.5,451.54100000000005,108.6215
6049.75,494.47499999999997,129.1361
6050.0,509.486,124.5762
6050.25,462.20399999999995,124.2226
6050.5,616.636,131.8068
6050.75,478.419,135.3889
6051.0,478.81,130.432
6051.25,475.47700000000003,125.2055
6051.5,449.091,126.9733
6051.75,482.94000000000005,136.4575
6052.0,464.852,133.0872
6052.25,441.706,129.3715
6052.5,402.65,126.5833
6052.75,379.406,126.81629999999998
6053.0,442.115,129.48160000000001
6053.25,454.08399999999995,123.60140000000001
6053.5,410.14300000000003,119.95309999999999
6053.75,397.31800000000004,124.60600000000001
6054.0,425.395,124.06470000000002
6054.25,518.56,136.4192
6054.5,576.245,123.6234
6054.75,548.181,133.0701
6055.0,556.319,134.8597
6055.25,600.03,127.21289999999999
6055.5,622.875,120.0967
6055.75,743.315,122.95830000000001
6056.0,690.941,138.66219999999998
6056.25,683.913,148.88330000000002
6056.5,716.664,139.3166
6056.75,706.113,146.1361
6057.0,653.362,136.5424
6057.25,676.002,148.9485
6057.5,696.88,140.415
6057.75,657.063,121.22139999999999
6058.0,736.81,153.14339999999999
6058.25,647.109,137.552
6058.5,598.095,116.4033
6058.75,633.841,132.4134
6059.0,782.83,138.4588
6059.25,688.23,117.2203
6059.5,899.008,128.1074
6059.75,755.1869999999999,123.0884
6060.0,752.317,128.1224
6060.25,691.7850000000001,129.5801
6060.5,695.4,137.3947
6060.75,661.8340000000001,137.0113
6061.0,702.5310000000001,127.80350000000001
6061.25,648.1790000000001,126.00210000000001
6061.5,582.648,116.4967
6061.75,682.5609999999999,135.2129
6062.0,565.277,116.01509999999999
6062.25,870.0360000000001,217.09680000000003
6062.5,525.953,115.3902
6062.75,497.397,108.8656
6063.0,474.288,111.75210000000001
6063.25,478.486,112.5324
6063.5,528.024,115.28549999999998
6063.75,632.634,153.79670000000002
6064.0,549.0809999999999,121.4964
6064.25,529.152,118.9479
6064.5,564.635,112.8124
6064.75,567.5,112.33270000000002
6065.0,852.018,138.1402
6065.25,640.542,122.49279999999999
6065.5,581.8199999999999,115.0053
6065.75,612.079,125.7662
6066.0,634.143,126.97639999999998
6066.25,595.557,124.8228
6066.5,657.405,124.59630000000001
6066.75,842.146,224.41500000000002
6067.0,679.657,136.5181
6067.25,607.8689999999999,134.305
6067.5,589.916,131.5881
6067.75,927.778,218.1633
6068.0,953.6469999999999,198.3368
6068.25,802.822,173.9743
6068.5,672.777,140.8027
6068.75,777.232,140.4221
6069.0,782.658,194.94729999999998
6069.25,556.029,133.3613
6069.5,717.761,126.4023
6069.75,709.1859999999999,179.5446
6070.0,629.951,125.0714
6070.25,621.998,127.28710000000001
6070.5,525.365,122.2735
6070.75,548.5419999999999,124.65299999999999
6071.0,548.3530000000001,125.4668
6071.25,564.218,132.2869
6071.5,558.758,123.08879999999999
6071.75,583.157,124.9573
6072.0,534.298,112.7327
6072.25,570.807,121.0158
6072.5,449.87300000000005,111.81970000000001
6072.75,425.51099999999997,108.92259999999999
6073.0,428.203,110.9776
6073.25,433.44800000000004,113.70320000000001
6073.5,414.42999999999995,112.38419999999999
6073.75,443.06600000000003,137.9971
6074.0,444.28999999999996,128.6997
6074.25,493.838,130.4643
6074.5,416.51300000000003,124.4863
6074.75,480.98299999999995,130.08530000000002
6075.0,464.531,141.3021
6075.25,499.76500000000004,129.119
6075.5,464.258,140.1625
6075.75,436.096,134.3248
6076.0,517.332,122.7475
6076.25,430.23800000000006,128.11270000000002
6076.5,406.706,126.3812
6076.75,416.042,115.1303
6077.0,390.505,124.6313
6077.25,424.648,130.81
6077.5,466.07900000000006,126.59469999999999
6077.75,422.961,120.10560000000001
6078.0,444.238,125.7951
6078.25,525.495,125.57600000000001
6078.5,506.20099999999996,126.3553
6078.75,476.94100000000003,125.67949999999999
6079.0,512.7929999999999,121.4405
6079.25,606.336,140.99009999999998
6079.5,653.6759999999999,150.5257
6079.75,575.133,130.4502
6080.0,575.145,125.94820000000001
6080.25,650.973,127.34209999999999
6080.5,636.948,128.66709999999998
6080.75,601.95,125.9273
6081.0,655.6560000000001,138.7939
6081.25,613.11,124.5332
6081.5,646.818,142.6281
6081.75,628.215,127.80080000000001
6082.0,606.534,130.3577
6082.25,720.759,127.7199
6082.5,654.9290000000001,119.8461
6082.75,660.261,121.3063
6083.0,734.921,127.56700000000001
6083.25,682.744,129.1386
6083.5,712.876,133.8946
6083.75,764.97,141.27179999999998
6084.0,763.424,143.418
6084.25,740.955,141.3719
6084.5,689.724,139.71730000000002
6084.75,716.634,146.753
6085.0,675.162,149.1936
6085.25,579.9780000000001,155.8021
6085.5,615.792,147.9459
6085.75,554.979,136.0634
6086.0,559.547,132.0787
6086.25,597.222,138.62709999999998
6086.5,568.431,132.6687
6086.75,529.389,141.3691
6087.0,499.12200000000007,142.6139
6087.25,518.361,133.0551
6087.5,553.044,148.0761
6087.75,537.354,139.2241
6088.0,580.876,144.6364
6088.25,618.462,129.8202
6088.5,597.7439999999999,137.7581
6088.75,527.862,129.118
6089.0,670.6099999999999,201.84449999999998
6089.25,553.363,125.3363
6089.5,550.986,137.8345
6089.75,627.2249999999999,158.3099
6090.0,622.826,162.3866
6090.25,698.808,155.0208
6090.5,661.451,148.4627
6090.75,727.995,144.10770000000002
6091.0,677.083,131.5426
6091.25,719.6220000000001,128.1905
6091.5,698.177,125.7193
6091.75,739.81,124.9307
6092.0,602.984,129.2971
6092.25,615.7280000000001,112.01119999999999
6092.5,498.02299999999997,115.9887
6092.75,549.815,119.76419999999999
6093.0,586.382,113.85990000000001
6093.25,505.774,120.4909
6093.5,569.2850000000001,111.25540000000001
6093.75,579.443,117.7003
6094.0,600.746,116.9172
6094.25,549.935,119.5907
6094.5,426.69000000000005,112.0007
6094.75,505.78,126.1149
6095.0,477.03200000000004,119.7251
6095.25,470.71400000000006,122.48979999999999
6095.5,481.619,114.24249999999999
6095.75,489.07399999999996,113.85770000000001
6096.0,471.37300000000005,113.54250000000002
6096.25,417.572,111.33770000000001
6096.5,398.083,109.98160000000001
6096.75,398.344,117.0928
6097.0,385.795,111.6679
6097.25,426.89200000000005,130.3419
6097.5,412.193,132.0985
6097.75,418.867,130.87439999999998
6098.0,495.973,135.4212
6098.25,436.552,135.7258
6098.5,428.006,139.8163
6098.75,418.579,134.0676
6099.0,522.173,139.3942
6099.25,514.469,139.86169999999998
6099.5,500.015,125.9946
6099.75,565.023,137.65609999999998
6100.0,522.347,146.8665
6100.25,432.211,133.0954
6100.5,436.86400000000003,135.0952
6100.75,447.32300000000004,130.11129999999997
6101.0,429.69800000000004,135.2551
6101.25,448.028,131.5349
6101.5,495.31999999999994,125.41320000000002
6101.75,454.067,124.5303
6102.0,434.192,131.24620000000002
6102.25,441.731,125.6194
6102.5,465.27599999999995,130.8828
6102.75,499.547,131.3607
6103.0,512.774,134.7952
6103.25,560.556,129.76569999999998
6103.5,588.135,130.2504
6103.75,690.882,132.1888
6104.0,629.5889999999999,134.6989
6104.25,690.495,132.8105
6104.5,674.601,128.6025
6104.75,666.645,131.49349999999998
6105.0,647.239,132.482
6105.25,664.188,133.6395
6105.5,635.096,140.2831
6105.75,632.9490000000001,134.9401
6106.0,624.158,133.7541
6106.25,629.742,142.2629
6106.5,610.9559999999999,142.0156
6106.75,653.31,137.5271
6107.0,757.462,153.3114
6107.25,724.236,133.5245
6107.5,709.615,141.9941
6107.75,769.017,151.511
6108.0,753.6610000000001,145.9084
6108.25,717.504,139.84550000000002
6108.5,726.342,144.4678
6108.75,705.429,135.07279999999997
6109.0,643.311,134.9685
6109.25,555.524,124.8203
6109.5,540.556,134.8239
6109.75,559.5029999999999,135.0519
6110.0,534.504,129.5417
6110.25,553.419,124.29589999999999
6110.5,562.155,135.22560000000001
6110.75,496.49700000000007,118.3218
6111.0,503.898,115.77289999999999
6111.25,522.795,119.03939999999999
6111.5,491.791,120.0327
6111.75,538.846,118.80250000000001
6112.0,566.865,124.8349
6112.25,627.243,117.44640000000001
6112.5,592.9590000000001,119.1232
6112.75,527.727,112.6293
6113.0,512.778,118.74949999999998
6113.25,484.054,107.67930000000001
6113.5,543.094,112.5347
6113.75,573.142,121.60849999999999
6114.0,578.484,125.57310000000001
6114.25,616.9780000000001,126.30430000000001
6114.5,561.47,122.40450000000001
6114.75,581.711,120.17660000000001
6115.0,624.938,119.78190000000001
6115.25,621.74,120.94800000000001
6115.5,622.502,116.8809
6115.75,602.9939999999999,117.08699999999999
6116.0,603.3109999999999,117.94409999999999
6116.25,553.706,120.8219
6116.5,671.742,174.1252
6116.75,574.775,128.6869
6117.0,526.502,124.4907
6117.25,576.6800000000001,131.2773
6117.5,521.932,118.9159
6117.75,533.894,115.64099999999999
6118.0,513.908,119.3135
6118.25,498.5,119.4892
6118.5,481.508,119.2192
6118.75,477.52099999999996,116.4298
6119.0,485.15,106.86429999999999
6119.25,483.582,114.1516
6119.5,485.01800000000003,118.80279999999999
6119.75,457.687,107.0444
6120.0,459.80499999999995,108.1931
6120.25,422.047,110.6662
6120.5,403.378,107.23519999999999
6120.75,416.68100000000004,106.4719
6121.0,408.90700000000004,107.8293
6121.25,395.302,104.0975
6121.5,376.812,107.8312
6121.75,367.858,106.4253
6122.0,368.33799999999997,107.19049999999999
6122.25,362.078,110.12730000000002
6122.5,378.07500000000005,113.31980000000001
6122.75,371.474,113.7407
6123.0,379.735,107.15950000000001
6123.25,357.134,108.6088
6123.5,352.634,109.59809999999999
6123.75,351.015,107.3323
6124.0,325.542,105.41
6124.25,337.36699999999996,106.8222
6124.5,325.155,108.05600000000001
6124.75,332.747,114.2364
6125.0,332.806,104.9331
6125.25,363.65500000000003,106.2082
6125.5,390.91999999999996,113.89189999999999
6125.75,391.241,107.76569999999998
6126.0,365.76800000000003,100.21020000000001
6126.25,359.121,101.89530000000002
6126.5,401.96599999999995,113.5806
6126.75,419.269,123.87970000000001
6127.0,391.10400000000004,123.8904
6127.25,423.183,118.39240000000001
6127.5,475.798,122.90669999999999
6127.75,444.51800000000003,118.8358
6128.0,448.75100000000003,125.18509999999999
6128.25,415.905,121.8723
6128.5,470.847,132.3939
6128.75,476.68399999999997,131.4176
6129.0,430.409,133.5422
6129.25,450.793,126.1371
6129.5,484.162,126.82300000000001
6129.75,465.01699999999994,129.0967
6130.0,503.821,137.5171
6130.25,510.619,129.9204
6130.5,394.14199999999994,122.08690000000001
6130.75,394.594,123.88990000000001
6131.0,434.833,123.88250000000001
6131.25,493.781,132.27779999999998
6131.5,549.548,136.8665
6131.75,493.652,125.98740000000001
6132.0,479.099,122.35640000000001
6132.25,488.304,127.94300000000001
6132.5,455.561,127.3611
6132.75,489.064,121.63659999999999
6133.0,456.884,121.20570000000001
6133.25,425.3,115.1566
6133.5,461.62300000000005,120.03720000000001
6133.75,405.137,119.0168
6134.0,430.615,116.5589
6134.25,440.374,115.6115
6134.5,390.76099999999997,113.62700000000001
6134.75,427.08700000000005,123.37870000000001
6135.0,427.06899999999996,129.6834
6135.25,458.702,125.09970000000001
6135.5,410.64099999999996,124.4779
6135.75,438.87699999999995,124.13130000000001
6136.0,510.582,132.5842
6136.25,484.077,121.81720000000001
6136.5,460.71799999999996,114.9299
6136.75,455.53600000000006,113.0292
6137.0,440.83900000000006,113.273
6137.25,459.109,116.63159999999999
6137.5,490.94500000000005,114.04149999999998
6137.75,489.126,106.2619
6138.0,520.77,105.8699
6138.25,479.99399999999997,105.8595
6138.5,506.32399999999996,108.7886
6138.75,573.72,113.90039999999999
6139.0,545.011,122.7855
6139.25,494.798,122.1738
6139.5,540.638,119.7586
6139.75,563.8050000000001,118.5727
6140.0,543.5260000000001,122.92319999999998
6140.25,514.7909999999999,117.0214
6140.5,499.48,122.30640000000001
6140.75,506.53999999999996,125.5264
6141.0,502.10900000000004,118.75060000000002
6141.25,447.443,112.9859
6141.5,467.384,112.2257
6141.75,470.399,110.7278
6142.0,491.127,110.6258
6142.25,444.68399999999997,106.4387
6142.5,472.385,116.3167
6142.75,434.76700000000005,110.55160000000001
6143.0,432.71900000000005,108.051
6143.25,463.02099999999996,113.9183
6143.5,475.006,113.4708
6143.75,435.7,109.56349999999999
6144.0,401.438,113.1235
6144.25,410.221,112.7136
6144.5,415.84099999999995,121.36189999999999
6144.75,414.923,114.5294
6145.0,397.804,114.0001
6145.25,392.471,114.9777
6145.5,388.10200000000003,115.19500000000001
6145.75,362.422,114.7887
6146.0,365.981,113.1353
6146.25,383.971,112.2544
6146.5,385.76500000000004,121.7022
6146.75,395.063,122.21679999999999
6147.0,381.98199999999997,123.195
6147.25,382.92100000000005,121.77600000000001
6147.5,358.207,120.49629999999999
6147.75,346.10499999999996,117.892
6148.0,319.43,112.3991
6148.25,328.77599999999995,110.30189999999999
6148.5,323.924,104.69
6148.75,305.366,104.4031
6149.0,318.671,105.94550000000001
6149.25,336.817,110.2719
6149.5,332.166,110.99719999999999
6149.75,330.98,111.42590000000001
6150.0,331.475,110.22409999999999
6150.25,334.968,107.34909999999999
6150.5,319.97299999999996,110.67680000000001
6150.75,294.9848,106.63709999999999
6151.0,329.408,109.1662
6151.25,323.15099999999995,109.2535
6151.5,342.542,113.162
6151.75,341.957,110.9436
6152.0,343.45,108.12799999999999
6152.25,394.942,102.89699999999999
6152.5,412.90700000000004,109.11169999999998
6152.75,474.087,112.382
6153.0,458.12600000000003,112.5776
6153.25,476.048,112.6152
6153.5,494.49199999999996,131.1604
6153.75,512.962,143.6006
6154.0,511.649,147.5312
6154.25,496.399,144.0859
6154.5,448.249,132.35399999999998
6154.75,420.313,121.72059999999999
6155.0,429.55100000000004,120.41539999999999
6155.25,423.84499999999997,122.1325
6155.5,453.685,124.4151
6155.75,505.51099999999997,127.5503
6156.0,480.022,127.4548
6156.25,479.23299999999995,128.85539999999997
6156.5,514.775,131.93189999999998
6156.75,470.145,129.7649
6157.0,465.236,128.2069
6157.25,461.89700000000005,128.3185
6157.5,460.196,129.9685
6157.75,421.003,132.8757
6158.0,444.149,130.848
6158.25,476.821,134.0615
6158.5,443.878,133.2006
6158.75,514.325,140.03640000000001
6159.0,484.15700000000004,142.0839
6159.25,502.775,144.0043
6159.5,468.16099999999994,141.6431
6159.75,490.5,135.4821
6160.0,479.321,131.7089
6160.25,509.225,132.8147
6160.5,471.7,129.5993
6160.75,427.98800000000006,127.42859999999999
6161.0,421.781,128.1393
6161.25,450.898,128.5011
6161.5,451.416,128.2518
6161.75,468.47300000000007,129.9495
6162.0,459.917,131.7871
6162.25,496.374,132.5634
6162.5,514.488,126.75819999999999
6162.75,546.073,124.6497
6163.0,539.641,122.6594
6163.25,563.148,121.87049999999999
6163.5,580.4100000000001,118.30950000000001
6163.75,521.955,122.0596
6164.0,518.032,119.71780000000001
6164.25,557.646,120.9562
6164.5,577.017,125.08189999999999
6164.75,533.557,122.4421
6165.0,563.75,121.6159
6165.25,549.76,121.6194
6165.5,567.099,125.06039999999999
6165.75,551.871,123.41399999999999
6166.0,520.864,126.7219
6166.25,469.389,123.9706
6166.5,448.244,117.0924
6166.75,454.93399999999997,112.5264
6167.0,434.062,110.7251
6167.25,438.919,110.3213
6167.5,433.169,112.8965
6167.75,435.83500000000004,113.1815
6168.0,410.528,115.5207
6168.25,421.24600000000004,117.4777
6168.5,439.41100000000006,112.74170000000001
6168.75,425.546,113.70060000000001
6169.0,395.57300000000004,115.5212
6169.25,403.514,116.57849999999999
6169.5,391.865,124.62039999999999
6169.75,411.56600000000003,134.70420000000001
6170.0,407.49199999999996,135.1664
6170.25,392.05100000000004,136.2832
6170.5,357.959,134.7568
6170.75,370.313,134.169
6171.0,365.66,134.58030000000002
6171.25,406.481,134.95589999999999
6171.5,398.796,140.2584
6171.75,415.66099999999994,143.8857
6172.0,413.62799999999993,139.7131
6172.25,404.16700000000003,140.2031
6172.5,397.29499999999996,134.0213
6172.75,394.15200000000004,132.6857
6173.0,387.855,134.8185
6173.25,392.489,136.7398
6173.5,368.36,136.49130000000002
6173.75,399.25800000000004,138.764
6174.0,429.07399999999996,140.9248
6174.25,443.96200000000005,143.31889999999999
6174.5,472.928,143.4067
6174.75,491.431,145.0116
6175.0,500.85300000000007,143.5105
6175.25,554.832,140.1741
6175.5,671.526,175.8929
6175.75,625.498,146.3776
6176.0,610.683,142.1739
6176.25,653.742,148.6629
6176.5,632.358,142.2389
6176.75,640.227,145.7733
6177.0,690.162,149.82139999999998
6177.25,708.1469999999999,153.09709999999998
6177.5,694.62,148.5528
6177.75,705.5409999999999,151.9968
6178.0,682.89,143.10250000000002
6178.25,793.69,176.4607
6178.5,681.631,128.33780000000002
6178.75,676.086,132.83259999999999
6179.0,715.057,133.4796
6179.25,743.919,145.7243
6179.5,800.091,152.7854
6179.75,839.3889999999999,158.0929
6180.0,784.9180000000001,157.74530000000001
6180.25,774.87,154.0617
6180.5,797.625,154.0084
6180.75,744.316,157.933
6181.0,803.196,188.26760000000002
6181.25,745.542,160.5951
6181.5,756.545,164.5322
6181.75,882.1740000000001,199.34570000000002
6182.0,757.059,149.5106
6182.25,713.847,154.37109999999998
6182.5,676.857,143.4178
6182.75,659.148,143.9445
6183.0,659.8580000000001,138.231
6183.25,836.933,201.75169999999997
6183.5,699.838,136.62220000000002
6183.75,673.487,142.4284
6184.0,679.905,146.7434
6184.25,761.104,174.5687
6184.5,703.611,135.2551
6184.75,704.814,143.19819999999999
6185.0,733.611,150.24560000000002
6185.25,770.643,143.5534
6185.5,780.147,177.1701
6185.75,692.31,140.06099999999998
6186.0,711.8530000000001,142.5994
6186.25,825.825,169.32569999999998
6186.5,803.484,144.6009
6186.75,734.958,133.9137
6187.0,790.716,132.2243
6187.25,904.9340000000001,174.6341
6187.5,815.088,150.0978
6187.75,793.613,138.71269999999998
6188.0,795.936,128.49439999999998
6188.25,733.471,132.0444
6188.5,676.802,127.0216
6188.75,749.958,143.2441
6189.0,684.8599999999999,124.43869999999998
6189.25,722.962,132.6972
6189.5,684.581,132.8801
6189.75,702.0,128.671
6190.0,627.377,123.0505
6190.25,644.194,125.2389
6190.5,620.269,124.15509999999999
6190.75,589.962,116.0153
6191.0,558.154,115.4126
6191.25,509.119,115.51859999999999
6191.5,513.417,121.0878
6191.75,523.559,128.971
6192.0,507.5079999999999,124.80630000000001
6192.25,510.71000000000004,122.3986
6192.5,478.147,117.0662
6192.75,490.18399999999997,110.38799999999999
6193.0,488.49800000000005,114.33030000000002
6193.25,477.02299999999997,114.63730000000001
6193.5,486.746,116.96839999999999
6193.75,446.89300000000003,116.3706
6194.0,444.873,116.525
6194.25,453.40700000000004,128.05259999999998
6194.5,462.05600000000004,129.0304
6194.75,442.939,130.6486
6195.0,432.64300000000003,129.67579999999998
6195.25,423.571,125.57520000000002
6195.5,399.62899999999996,122.5224
6195.75,385.052,122.47210000000001
6196.0,393.23299999999995,124.40690000000001
6196.25,392.413,125.09289999999999
6196.5,376.718,121.2912
6196.75,379.78700000000003,121.1172
6197.0,374.18,116.244
6197.25,373.206,119.36990000000002
6197.5,405.196,123.49769999999998
6197.75,393.97200000000004,122.3203
6198.0,408.2049999999999,121.0343
6198.25,446.54200000000003,124.4031
6198.5,476.603,130.0662
6198.75,500.54699999999997,127.3698
6199.0,571.319,127.04339999999999
6199.25,589.764,122.3466
6199.5,600.276,123.48240000000001
6199.75,549.123,120.77260000000001
6200.0,579.783,124.3715
6200.25,637.587,131.9869
6200.5,629.193,131.5883
6200.75,615.076,134.4486
6201.0,663.1270000000001,141.4605
6201.25,661.245,142.19819999999999
6201.5,626.037,128.42069999999998
6201.75,663.9,143.9679
6202.0,715.5939999999999,150.33859999999999
6202.25,657.0120000000001,149.6191
6202.5,658.65,148.1487
6202.75,718.294,148.77370000000002
6203.0,771.0640000000001,157.856
6203.25,793.0929999999998,150.9605
6203.5,804.8820000000001,150.5106
6203.75,767.211,145.3444
6204.0,721.575,136.445
6204.25,812.6260000000001,177.8096
6204.5,748.053,153.697
6204.75,765.607,159.8415
6205.0,783.646,155.5379
6205.25,698.6220000000001,150.9081
6205.5,641.795,135.48919999999998
6205.75,609.402,131.22899999999998
6206.0,608.815,134.9026
6206.25,567.111,123.6919
6206.5,611.54,126.82809999999999
6206.75,578.2439999999999,123.14609999999999
6207.0,536.988,117.7037
6207.25,731.567,185.9296
6207.5,541.236,126.243
6207.75,532.398,119.8544
6208.0,553.578,121.1279
6208.25,539.715,117.04570000000001
6208.5,620.664,147.0532
6208.75,573.153,125.9823
6209.0,561.606,137.4035
6209.25,635.519,168.5793
6209.5,669.192,178.0913
6209.75,605.4449999999999,141.6714
6210.0,636.77,150.6925
6210.25,585.968,138.69580000000002
6210.5,588.821,141.6047
6210.75,732.237,164.1541
6211.0,647.485,140.9149
6211.25,684.982,135.2117
6211.5,820.0670000000001,150.97660000000002
6211.75,854.065,209.78369999999998
6212.0,700.083,143.6523
6212.25,650.432,142.1203
6212.5,653.065,137.60229999999999
6212.75,824.2449999999999,215.56779999999998
6213.0,601.463,132.7745
6213.25,591.3040000000001,132.162
6213.5,521.6600000000001,121.3529
6213.75,581.588,120.064
6214.0,566.921,118.993
6214.25,578.594,123.63580000000002
6214.5,589.001,125.198
6214.75,566.02,124.334
6215.0,561.0229999999999,127.4004
6215.25,513.662,125.1476
6215.5,503.183,118.626
6215.75,482.30899999999997,119.21170000000001
6216.0,490.89,119.7758
6216.25,495.659,118.2311
6216.5,505.399,124.0703
6216.75,438.659,116.4504
6217.0,419.06000000000006,115.202
6217.25,439.831,112.6515
6217.5,461.704,112.72659999999999
6217.75,450.65,109.90559999999999
6218.0,408.61699999999996,111.9385
6218.25,412.247,112.21199999999999
6218.5,408.70400000000006,111.3041
6218.75,412.183,121.7884
6219.0,391.582,125.94220000000001
6219.25,378.449,125.36070000000001
6219.5,367.915,122.1661
6219.75,373.389,123.94739999999999
6220.0,370.14099999999996,129.91840000000002
6220.25,363.666,126.8812
6220.5,380.5,128.3429
6220.75,387.14200000000005,128.7875
6221.0,389.477,130.61450000000002
6221.25,378.844,128.9102
6221.5,394.244,128.63799999999998
6221.75,378.156,126.6731
6222.0,396.736,128.0226
6222.25,455.98299999999995,125.5281
6222.5,477.62,127.0565
6222.75,483.596,130.7308
6223.0,524.943,129.5832
6223.25,544.4159999999999,131.61599999999999
6223.5,607.018,128.7118
6223.75,593.38,127.8604
6224.0,570.904,135.8213
6224.25,588.108,136.1928
6224.5,605.22,138.4101
6224.75,615.51,144.8444
6225.0,660.374,152.1972
6225.25,642.3240000000001,156.3829
6225.5,616.5029999999999,144.3
6225.75,632.988,145.10829999999999
6226.0,685.0160000000001,149.9417
6226.25,654.099,151.7899
6226.5,584.762,130.1748
6226.75,665.457,156.2525
6227.0,699.0120000000001,149.8451
6227.25,679.542,155.0838
6227.5,710.466,162.1076
6227.75,720.0509999999999,160.7553
6228.0,719.439,156.56400000000002
6228.25,706.397,161.1316
6228.5,685.5939999999999,159.2217
6228.75,682.761,159.9067
6229.0,630.561,149.0567
6229.25,624.796,144.611
6229.5,606.177,149.2679
6229.75,721.6379999999999,185.2982
6230.0,580.452,149.2579
6230.25,685.356,183.91989999999998
6230.5,526.752,136.9567
6230.75,525.465,136.0725
6231.0,559.92,131.9676
6231.25,576.474,138.3367
6231.5,539.973,139.69
6231.75,532.445,137.0589
6232.0,547.134,141.6746
6232.25,615.879,161.3192
6232.5,522.802,137.558
6232.75,601.149,160.5304
6233.0,526.8870000000001,136.1467
6233.25,566.7629999999999,133.8228
6233.5,630.222,169.4466
6233.75,587.052,135.4348
6234.0,602.657,127.8776
6234.25,579.566,125.1362
6234.5,642.325,138.7483
6234.75,709.983,167.4891
6235.0,902.557,232.89890000000003
6235.25,722.5060000000001,178.99079999999998
6235.5,681.249,132.4348
6235.75,662.139,135.032
6236.0,775.621,180.16500000000002
6236.25,674.295,143.32319999999999
6236.5,637.814,143.6049
6236.75,591.623,138.2588
6237.0,615.559,140.2449
6237.25,652.1600000000001,138.0839
6237.5,585.7139999999999,132.6748
6237.75,549.8629999999999,123.8146
6238.0,560.0550000000001,128.0942
6238.25,520.765,125.88570000000001
6238.5,483.71599999999995,127.5246
6238.75,485.171,122.7534
6239.0,522.17,120.1189
6239.25,497.29100000000005,116.5468
6239.5,521.969,118.92490000000001
6239.75,455.357,119.557
6240.0,431.192,116.9569
6240.25,435.08799999999997,118.8426
6240.5,442.263,119.22300000000001
6240.75,388.09400000000005,113.0607
6241.0,386.118,112.6515
6241.25,379.497,115.0854
6241.5,374.026,118.654
6241.75,375.025,121.2637
6242.0,349.841,112.7578
6242.25,357.758,122.52260000000001
6242.5,351.865,123.35350000000001
6242.75,352.94,123.8965
6243.0,352.741,123.1042
6243.25,366.932,125.51360000000001
6243.5,364.54499999999996,129.0202
6243.75,361.743,128.0014
6244.0,363.604,124.50170000000001
6244.25,359.95099999999996,121.8198
6244.5,338.038,122.6635
6244.75,335.21000000000004,119.8057
6245.0,339.469,119.2851
6245.25,339.23,119.0609
6245.5,355.18600000000004,120.38130000000001
6245.75,357.718,121.3499
6246.0,382.847,123.35040000000001
6246.25,394.175,122.28609999999999
6246.5,436.406,126.49430000000001
6246.75,446.28400000000005,124.2072
6247.0,501.83500000000004,130.5552
6247.25,575.45,122.283
6247.5,584.655,130.7265
6247.75,569.239,139.43699999999998
6248.0,536.625,137.8534
6248.25,590.97,143.2197
6248.5,584.9780000000001,143.7496
6248.75,618.7470000000001,145.8915
6249.0,651.546,158.99380000000002
6249.25,615.72,146.387
6249.5,678.621,152.3497
6249.75,682.72,151.36790000000002
6250.0,655.6129999999999,151.2691
6250.25,648.173,142.8085
6250.5,584.177,134.1126
6250.75,705.567,163.6395
6251.0,709.423,133.6702
6251.25,726.677,141.4195
6251.5,921.413,210.228
6251.75,760.3380000000001,152.86419999999998
6252.0,784.9579999999999,162.2966
6252.25,797.2739999999999,157.8435
6252.5,808.914,161.298
6252.75,700.4970000000001,144.8734
6253.0,716.235,135.2385
6253.25,691.287,132.6264
6253.5,611.999,134.24849999999998
6253.75,644.774,132.4899
6254.0,656.827,138.9709
6254.25,903.184,214.81709999999998
6254.5,711.595,137.359
6254.75,672.8910000000001,132.7427
6255.0,1004.617,245.9895
6255.25,614.1669999999999,128.6003
6255.5,776.559,198.5095
6255.75,715.917,166.76
6256.0,1034.9470000000001,273.42449999999997
6256.25,1032.374,270.27290000000005
6256.5,587.667,142.22060000000002
6256.75,583.2810000000001,150.7349
6257.0,645.933,157.3441
6257.25,800.658,225.8969
6257.5,615.7620000000001,152.8123
6257.75,558.4960000000001,143.1054
6258.0,648.0840000000001,167.0392
6258.25,593.86,142.5185
6258.5,612.659,141.7766
6258.75,632.51,144.2744
6259.0,585.514,139.4113
6259.25,622.837,143.6104
6259.5,583.469,133.6516
6259.75,597.0509999999999,132.8887
6260.0,698.845,157.9527
6260.25,627.7620000000001,125.0661
6260.5,595.0039999999999,122.14419999999998
6260.75,545.654,116.927
6261.0,675.393,189.6338
6261.25,510.14,116.0539
6261.5,537.487,134.8281
6261.75,488.005,122.3726
6262.0,489.275,126.9055
6262.25,509.188,125.0627
6262.5,515.006,133.9568
6262.75,490.73300000000006,123.0622
6263.0,449.438,124.3512
6263.25,469.211,127.4838
6263.5,439.331,128.5411
6263.75,459.332,122.2055
6264.0,433.71,120.594
6264.25,439.543,123.4348
6264.5,438.1329999999999,120.83259999999999
6264.75,414.302,123.9296
6265.0,423.80600000000004,133.3173
6265.25,428.46400000000006,139.852
6265.5,396.116,134.1624
6265.75,396.971,131.8672
6266.0,392.011,133.4524
6266.25,400.391,134.3192
6266.5,426.844,132.7043
6266.75,420.53599999999994,131.7582
6267.0,462.035,141.0504
6267.25,457.41100000000006,139.3836
6267.5,422.3,135.716
6267.75,399.14,131.1567
6268.0,402.634,131.8044
6268.25,402.14,130.5122
6268.5,385.28200000000004,130.7252
6268.75,366.452,133.4837
6269.0,379.106,137.89929999999998
6269.25,395.87899999999996,137.8747
6269.5,403.187,134.0298
6269.75,370.712,130.411
6270.0,382.40200000000004,129.4943
6270.25,431.297,136.38320000000002
6270.5,437.416,134.7991
6270.75,474.51,132.4645
6271.0,545.773,135.9024
6271.25,601.629,137.63230000000001
6271.5,673.077,136.2459
6271.75,695.325,145.9174
6272.0,687.7159999999999,154.6155
6272.25,689.396,148.0164
6272.5,724.761,135.6018
6272.75,716.1790000000001,139.9424
6273.0,744.5129999999999,143.33859999999999
6273.25,825.984,175.6653
6273.5,751.7819999999999,146.314
6273.75,717.8439999999999,138.47729999999999
6274.0,708.301,142.2135
6274.25,678.69,142.9858
6274.5,612.087,140.159
6274.75,653.876,139.75990000000002
6275.0,920.934,201.0749
6275.25,750.803,148.61079999999998
6275.5,709.567,141.68470000000002
6275.75,773.752,169.4668
6276.0,749.136,168.8616
6276.25,686.928,164.1265
6276.5,711.0840000000001,155.0757
6276.75,690.765,144.4118
6277.0,630.777,147.0771
6277.25,621.09,145.58
6277.5,625.9590000000001,144.0328
6277.75,644.4590000000001,154.844
6278.0,651.711,154.1716
6278.25,641.633,153.1936
6278.5,609.504,146.7585
6278.75,799.7320000000001,223.39709999999997
6279.0,631.77,156.2355
6279.25,619.17,150.19989999999999
6279.5,626.748,147.9557
6279.75,640.278,149.10309999999998
6280.0,899.2139999999999,175.3046
6280.25,618.6410000000001,160.4196
6280.5,817.014,176.9188
6280.75,855.41,233.93290000000002
6281.0,580.14,171.289
6281.25,634.895,166.6621
6281.5,808.246,242.8013
6281.75,574.9110000000001,167.4076
6282.0,565.808,168.18540000000002
6282.25,592.111,158.4202
6282.5,575.621,145.70510000000002
6282.75,809.575,232.80360000000002
6283.0,654.881,163.1039
6283.25,620.836,162.79
6283.5,539.249,134.02949999999998
6283.75,571.287,138.48340000000002
6284.0,580.3720000000001,142.6348
6284.25,529.614,130.1452
6284.5,473.27600000000007,124.8922
6284.75,580.511,174.7384
6285.0,512.213,146.2778
6285.25,492.245,141.31650000000002
6285.5,469.75699999999995,129.5694
6285.75,497.624,134.4258
6286.0,486.25699999999995,132.4124
6286.25,457.607,130.58089999999999
6286.5,447.803,131.528
6286.75,438.972,135.5303
6287.0,439.49,128.1523
6287.25,476.447,139.6182
6287.5,466.67600000000004,139.37349999999998
6287.75,426.60800000000006,126.9924
6288.0,387.946,117.30069999999999
6288.25,399.959,122.7924
6288.5,374.813,118.99769999999998
6288.75,368.16200000000003,118.157
6289.0,368.509,117.98319999999998
6289.25,364.41200000000003,117.1565
6289.5,370.78000000000003,122.00450000000001
6289.75,361.018,122.09299999999999
6290.0,350.925,118.58699999999999
6290.25,354.36199999999997,118.6572
6290.5,335.769,118.9288
6290.75,342.403,119.60390000000001
6291.0,342.83299999999997,119.4095
6291.25,335.732,121.2926
6291.5,337.892,120.89359999999999
6291.75,329.15500000000003,122.0896
6292.0,327.947,122.0053
6292.25,346.96999999999997,126.28059999999999
6292.5,325.347,123.3577
6292.75,318.24699999999996,121.0798
6293.0,326.294,122.0039
6293.25,329.611,125.11609999999999
6293.5,341.09000000000003,129.9623
6293.75,336.625,126.4298
6294.0,347.328,125.47319999999999
6294.25,335.97999999999996,127.2587
6294.5,317.919,123.6711
6294.75,309.177,120.94720000000001
6295.0,316.346,117.30619999999999
6295.25,312.245,115.29650000000001
6295.5,325.32899999999995,121.04589999999999
6295.75,321.24699999999996,120.31750000000001
6296.0,288.71299999999997,110.6903
6296.25,270.7317,104.01660000000001
6296.5,312.05199999999996,107.7456
6296.75,326.925,113.5472
6297.0,332.37600000000003,109.6863
6297.25,379.702,115.47999999999999
6297.5,397.432,117.97359999999999
6297.75,415.193,123.1954
6298.0,413.083,119.2774
6298.25,407.81499999999994,119.29490000000001
6298.5,372.14300000000003,120.16290000000001
6298.75,395.12,118.62549999999999
6299.0,393.635,114.1891
6299.25,426.226,121.37950000000001
6299.5,437.14700000000005,121.4082
6299.75,428.756,119.98169999999999
6300.0,421.703,119.63189999999999
6300.25,411.875,122.34979999999999
6300.5,402.47900000000004,118.7424
6300.75,408.08299999999997,120.4802
6301.0,408.27200000000005,118.68199999999999
6301.25,422.55499999999995,121.4462
6301.5,415.259,115.708
6301.75,427.3299999999999,117.0667
6302.0,463.18399999999997,119.6745
6302.25,469.71500000000003,121.2859
6302.5,493.554,120.929
6302.75,475.45799999999997,120.70939999999999
6303.0,484.438,121.7723
6303.25,486.938,121.3121
6303.5,457.58500000000004,119.0505
6303.75,464.66600000000005,123.73490000000001
6304.0,456.039,123.32239999999999
6304.25,493.51300000000003,123.30599999999998
6304.5,495.513,125.12719999999999
6304.75,467.96000000000004,123.3592
6305.0,490.85900000000004,120.4368
6305.25,536.538,123.82300000000001
6305.5,533.106,127.29599999999999
6305.75,550.883,130.607
6306.0,509.687,122.5346
6306.25,502.781,122.68199999999999
6306.5,536.246,125.84280000000001
6306.75,551.899,125.72720000000001
6307.0,664.673,179.4005
6307.25,536.609,128.5223
6307.5,566.856,132.22230000000002
6307.75,574.3499999999999,130.4238
6308.0,524.295,127.35050000000001
6308.25,523.38,128.1335
6308.5,543.976,129.8121
6308.75,541.4970000000001,131.80349999999999
6309.0,544.186,133.2432
6309.25,564.634,137.3007
6309.5,565.471,134.2689
6309.75,522.938,127.0862
6310.0,505.75700000000006,129.05110000000002
6310.25,495.90999999999997,130.9962
6310.5,476.308,124.6456
6310.75,433.312,119.3175
6311.0,449.213,123.3484
6311.25,470.39599999999996,121.1062
6311.5,466.02699999999993,126.977
6311.75,455.388,128.8472
6312.0,436.29499999999996,123.56630000000001
6312.25,447.785,123.21460000000002
6312.5,431.029,126.14790000000002
6312.75,433.18600000000004,126.6918
6313.0,420.902,129.9419
6313.25,386.914,119.5747
6313.5,411.703,120.8536
6313.75,405.919,119.3531
6314.0,408.673,118.0941
6314.25,400.745,119.1859
6314.5,396.538,121.3921
6314.75,391.46900000000005,119.4745
6315.0,380.30899999999997,121.0137
6315.25,374.488,120.0591
6315.5,376.40500000000003,117.6073
6315.75,373.233,113.96109999999999
6316.0,365.996,116.99179999999998
6316.25,359.54200000000003,116.68849999999998
6316.5,362.44000000000005,117.54220000000001
6316.75,359.669,117.8128
6317.0,370.457,118.9019
6317.25,360.31399999999996,119.7668
6317.5,359.687,118.6964
6317.75,344.312,114.5302
6318.0,361.631,119.6032
6318.25,356.377,114.93030000000002
6318.5,349.349,114.7174
6318.75,355.517,113.57079999999999
6319.0,354.841,116.449
6319.25,351.212,116.0695
6319.5,355.798,115.138
6319.75,340.73400000000004,110.5548
6320.0,323.35,109.7987
6320.25,333.963,111.53640000000001
6320.5,321.268,108.4251
6320.75,340.536,109.38289999999999
6321.0,349.655,110.74279999999999
6321.25,369.77599999999995,110.7174
6321.5,392.29599999999994,110.63480000000001
6321.75,432.731,107.6781
6322.0,428.293,105.7039
6322.25,462.09499999999997,106.6654
6322.5,379.564,101.8213
6322.75,378.742,105.8475
6323.0,436.88800000000003,109.4905
6323.25,443.79999999999995,113.9117
6323.5,496.955,121.3826
6323.75,500.14000000000004,120.78320000000001
6324.0,474.14200000000005,120.18370000000002
6324.25,446.47499999999997,114.2166
6324.5,445.55,115.1639
6324.75,460.337,115.5435
6325.0,453.13199999999995,116.9745
6325.25,451.177,119.0955
6325.5,433.97799999999995,114.1802
6325.75,470.009,116.14359999999999
6326.0,463.13,113.864
6326.25,424.225,111.82419999999999
6326.5,441.09000000000003,107.1302
6326.75,471.972,108.9685
6327.0,441.46299999999997,105.863
6327.25,457.59800000000007,105.2629
6327.5,417.10999999999996,107.04490000000001
6327.75,434.23299999999995,105.0283
6328.0,442.34999999999997,110.35969999999999
6328.25,425.09299999999996,106.3061
6328.5,406.745,110.3325
6328.75,456.399,118.89999999999999
6329.0,454.927,117.3141
6329.25,456.1410000000001,116.7066
6329.5,452.317,121.005
6329.75,462.33399999999995,120.2628
6330.0,469.21299999999997,117.4896
6330.25,499.033,115.9186
6330.5,479.6,116.83190000000002
6330.75,523.942,112.94980000000001
6331.0,582.379,112.68
6331.25,556.755,111.37009999999998
6331.5,577.06,114.5216
6331.75,551.169,117.85790000000001
6332.0,540.807,118.41010000000001
6332.25,545.979,115.0651
6332.5,579.9449999999999,113.8862
6332.75,574.113,115.7244
6333.0,545.65,112.9774
6333.25,514.47,118.8338
6333.5,551.115,121.4451
6333.75,530.5350000000001,120.13850000000001
6334.0,532.491,124.1567
6334.25,544.691,137.09570000000002
6334.5,475.73999999999995,117.2713
6334.75,489.573,113.97979999999998
6335.0,464.702,115.7924
6335.25,471.583,123.5672
6335.5,466.222,124.83829999999999
6335.75,442.813,120.23230000000001
6336.0,418.17999999999995,119.3558
6336.25,408.26800000000003,113.7294
6336.5,399.001,114.8878
6336.75,390.79599999999994,114.3688
6337.0,392.635,114.66400000000002
6337.25,384.266,113.39099999999999
6337.5,389.486,116.34219999999999
6337.75,385.937,117.5496
6338.0,383.695,118.6323
6338.25,367.772,117.70790000000001
6338.5,364.939,112.77000000000001
6338.75,399.78999999999996,110.82499999999999
6339.0,375.32599999999996,109.43690000000001
6339.25,429.31,113.3475
6339.5,415.361,115.26589999999999
6339.75,411.197,118.4821
6340.0,412.75100000000003,116.01169999999999
6340.25,476.76700000000005,123.1202
6340.5,482.448,118.04759999999999
6340.75,474.26300000000003,131.55859999999998
6341.0,525.946,133.1109
6341.25,502.58099999999996,133.2989
6341.5,488.27,133.1481
6341.75,466.708,136.5881
6342.0,474.53599999999994,138.65730000000002
6342.25,451.289,137.4512
6342.5,497.87300000000005,141.3042
6342.75,535.197,142.9554
6343.0,598.212,141.5158
6343.25,641.184,137.2323
6343.5,648.405,139.4229
6343.75,659.472,142.1994
6344.0,695.7660000000001,149.3012
6344.25,697.967,137.25320000000002
6344.5,668.355,140.234
6344.75,675.84,143.8121
6345.0,728.737,138.8653
6345.25,720.096,135.3321
6345.5,742.908,148.9221
6345.75,767.439,153.062
6346.0,730.704,149.19490000000002
6346.25,723.861,139.3628
6346.5,686.256,128.8535
6346.75,743.206,134.8439
6347.0,828.994,136.5358
6347.25,811.23,156.391
6347.5,864.3119999999999,162.8178
6347.75,866.316,168.666
6348.0,787.879,152.3243
6348.25,823.5590000000001,143.30780000000001
6348.5,752.394,133.2002
6348.75,708.276,137.92399999999998
6349.0,653.973,131.4876
6349.25,637.6949999999999,128.6935
6349.5,639.197,130.898
6349.75,632.295,139.3219
6350.0,638.399,140.2357
6350.25,616.166,134.1624
6350.5,599.697,129.5351
6350.75,546.423,115.507
6351.0,573.935,121.44030000000001
6351.25,580.034,125.8951
6351.5,606.74,131.1292
6351.75,618.248,131.6766
6352.0,679.424,143.71
6352.25,668.238,133.7499
6352.5,583.5360000000001,129.1343
6352.75,701.082,186.45049999999998
6353.0,862.317,159.34980000000002
6353.25,877.914,156.3768
6353.5,708.5129999999999,162.0412
6353.75,671.343,140.0228
6354.0,660.8969999999999,138.0822
6354.25,717.498,163.77229999999997
6354.5,608.607,138.1935
6354.75,633.135,136.4391
6355.0,655.367,137.7114
6355.25,675.409,139.6196
6355.5,821.797,215.8795
6355.75,638.9540000000001,145.31459999999998
6356.0,836.723,170.3704
6356.25,790.1379999999999,214.57920000000001
6356.5,655.348,140.34539999999998
6356.75,694.881,139.8441
6357.0,642.89,133.0753
6357.25,577.274,130.7268
6357.5,600.101,134.56740000000002
6357.75,619.408,127.88640000000001
6358.0,581.534,123.3465
6358.25,543.026,123.65959999999998
6358.5,575.717,133.9284
6358.75,559.9549999999999,132.1793
6359.0,536.114,121.6937
6359.25,566.09,126.1423
6359.5,558.875,128.2529
6359.75,498.252,119.2402
6360.0,471.682,118.92580000000001
6360.25,456.379,122.97300000000001
6360.5,392.662,119.58250000000001
6360.75,392.29900000000004,111.9864
6361.0,409.91299999999995,114.3717
6361.25,410.416,110.6148
6361.5,428.231,114.82419999999999
6361.75,439.58799999999997,122.88310000000001
6362.0,438.542,132.14589999999998
6362.25,428.341,132.97050000000002
6362.5,492.92499999999995,133.6428
6362.75,494.30499999999995,137.3828
6363.0,482.27299999999997,135.05079999999998
6363.25,491.831,139.1214
6363.5,404.732,134.30450000000002
6363.75,384.35400000000004,130.2768
6364.0,396.76599999999996,129.9282
6364.25,403.769,130.4873
6364.5,411.18399999999997,130.1898
6364.75,447.119,135.61430000000001
6365.0,430.366,139.0816
6365.25,419.543,135.242
6365.5,393.03099999999995,131.7582
6365.75,394.702,128.6445
6366.0,439.793,131.0341
6366.25,480.586,134.38299999999998
6366.5,465.08899999999994,140.5734
6366.75,491.96599999999995,138.7953
6367.0,534.347,137.93810000000002
6367.25,616.245,136.283
6367.5,602.987,136.3756
6367.75,652.009,143.0334
6368.0,653.829,137.69400000000002
6368.25,641.484,127.5735
6368.5,648.825,131.4914
6368.75,662.0880000000001,131.9565
6369.0,684.332,137.821
6369.25,715.125,131.1008
6369.5,744.087,137.73329999999999
6369.75,707.854,137.3185
6370.0,703.2810000000001,141.8561
6370.25,707.822,139.25740000000002
6370.5,703.9559999999999,143.4669
6370.75,710.21,133.6137
6371.0,734.39,141.9729
6371.25,723.565,136.3811
6371.5,749.814,137.7037
6371.75,761.507,144.39929999999998
6372.0,750.927,141.2088
6372.25,785.6700000000001,145.6985
6372.5,707.592,140.746
6372.75,683.325,143.9697
6373.0,633.476,135.2521
6373.25,605.184,136.21030000000002
6373.5,596.432,135.125
6373.75,589.152,133.0404
6374.0,599.472,141.3751
6374.25,566.379,137.572
6374.5,537.622,131.3665
6374.75,516.216,126.07410000000002
6375.0,538.268,124.934
6375.25,550.586,127.68360000000001
6375.5,551.447,129.3439
6375.75,546.481,127.209
6376.0,572.4,131.7663
6376.25,582.06,123.0606
6376.5,628.677,165.0337
6376.75,568.149,134.6397
6377.0,687.462,191.705
6377.25,594.1179999999999,136.20780000000002
6377.5,662.352,139.3164
6377.75,876.211,228.7635
6378.0,695.78,151.58190000000002
6378.25,674.287,150.5578
6378.5,643.504,138.92419999999998
6378.75,875.14,218.3281
6379.0,690.874,135.3071
6379.25,670.3779999999999,132.2139
6379.5,765.898,152.2366
6379.75,684.175,131.95659999999998
6380.0,825.512,141.0206
6380.25,568.359,115.22820000000002
6380.5,610.186,116.40800000000002
6380.75,608.349,115.92099999999999
6381.0,613.232,117.65880000000001
6381.25,579.563,116.9899
6381.5,604.832,116.68530000000001
6381.75,595.992,117.5519
6382.0,582.6410000000001,114.588
6382.25,571.888,110.7013
6382.5,563.447,112.731
6382.75,526.357,107.47819999999999
6383.0,536.159,109.54049999999998
6383.25,541.78,106.2084
6383.5,531.707,111.87519999999998
6383.75,503.33500000000004,109.787
6384.0,483.27,113.3957
6384.25,451.21799999999996,114.70809999999999
6384.5,433.83399999999995,110.92989999999999
6384.75,435.8910000000001,110.41320000000002
6385.0,430.652,114.8421
6385.25,390.87800000000004,111.7027
6385.5,393.4,122.3999
6385.75,405.266,130.08530000000002
6386.0,445.13599999999997,132.5924
6386.25,445.202,132.9197
6386.5,445.624,126.29169999999999
6386.75,416.489,120.3757
6387.0,424.169,120.22510000000001
6387.25,401.22700000000003,118.73440000000001
6387.5,398.401,120.56830000000001
6387.75,379.534,121.775
6388.0,364.129,122.54830000000001
6388.25,359.334,118.9782
6388.5,351.392,116.3592
6388.75,360.591,115.1542
6389.0,371.68100000000004,117.6215
6389.25,369.029,120.77990000000001
6389.5,362.279,119.5428
6389.75,370.241,123.36449999999999
6390.0,405.76099999999997,121.74270000000001
6390.25,406.049,119.5179
6390.5,447.509,116.0274
6390.75,473.75300000000004,114.21610000000001
6391.0,536.6370000000001,116.69210000000001
6391.25,621.013,124.60799999999999
6391.5,607.384,124.45079999999999
6391.75,585.031,126.118
6392.0,566.913,123.6285
6392.25,597.024,123.6661
6392.5,598.977,121.39290000000001
6392.75,656.784,136.8517
6393.0,654.54,137.167
6393.25,630.757,128.6035
6393.5,632.811,133.8706
6393.75,639.663,131.7491
6394.0,729.273,161.6275
6394.25,656.087,127.49889999999999
6394.5,546.1379999999999,98.34970000000001
6394.75,623.25,115.2326
6395.0,672.03,122.18430000000001
6395.25,710.298,121.9583
6395.5,695.814,132.8281
6395.75,671.943,133.5491
6396.0,679.171,133.133
6396.25,712.143,126.97380000000001
6396.5,672.3340000000001,132.8558
6396.75,634.029,134.7244
6397.0,642.987,142.8933
6397.25,595.8230000000001,128.0078
6397.5,593.163,128.2835
6397.75,584.006,132.0481
6398.0,572.6189999999999,128.1309
6398.25,550.307,122.5074
6398.5,536.439,123.494
6398.75,518.115,111.18719999999999
6399.0,528.024,112.6107
6399.25,541.427,120.52510000000001
6399.5,524.74,125.3527
6399.75,644.748,178.57500000000002
6400.0,678.375,181.64030000000002
6400.25,596.379,141.2126
6400.5,560.626,143.2467
6400.75,596.173,158.6021
6401.0,775.512,151.8794
6401.25,501.15999999999997,126.2468
6401.5,529.73,126.436
6401.75,535.202,129.7185
6402.0,578.211,144.3025
6402.25,644.662,139.42419999999998
6402.5,581.876,136.3342
6402.75,613.616,142.7135
6403.0,602.452,138.7206
6403.25,604.501,138.769
6403.5,838.2069999999999,223.73540000000003
6403.75,878.125,221.4332
6404.0,625.289,130.5652
6404.25,742.476,154.913
6404.5,733.633,155.62529999999998
6404.75,639.446,134.62959999999998
6405.0,633.571,135.17180000000002
6405.25,591.2090000000001,131.5993
6405.5,628.7710000000001,130.31470000000002
6405.75,667.406,156.15879999999999
6406.0,730.0160000000001,192.0532
6406.25,643.332,127.40549999999999
6406.5,594.6220000000001,123.59259999999999
6406.75,575.275,115.63929999999999
6407.0,528.593,111.95739999999998
6407.25,531.098,119.1394
6407.5,542.815,124.9673
6407.75,516.882,126.0733
6408.0,482.22700000000003,122.40559999999999
6408.25,515.698,128.1508
6408.5,493.15200000000004,128.2038
6408.75,514.018,139.9842
6409.0,479.52699999999993,133.26350000000002
6409.25,477.538,132.00439999999998
6409.5,480.592,133.0093
6409.75,452.327,134.0253
6410.0,426.01699999999994,133.77779999999998
6410.25,479.644,140.3606
6410.5,488.21200000000005,136.2862
6410.75,481.111,138.3022
6411.0,479.35,136.3712
6411.25,464.36300000000006,133.12120000000002
6411.5,451.039,131.5493
6411.75,450.514,132.7155
6412.0,457.31000000000006,133.3068
6412.25,463.101,133.666
6412.5,454.37300000000005,138.6173
6412.75,495.94100000000003,140.7566
6413.0,446.63599999999997,135.618
6413.25,434.48199999999997,133.64600000000002
6413.5,416.606,126.9041
6413.75,422.098,126.23250000000002
6414.0,471.01099999999997,130.19119999999998
6414.25,539.669,132.942
6414.5,543.546,140.0316
6414.75,528.48,135.7646
6415.0,619.0,140.552
6415.25,663.1800000000001,132.9135
6415.5,665.889,134.51569999999998
6415.75,678.758,129.7259
6416.0,578.178,132.0953
6416.25,602.0880000000001,135.58870000000002
6416.5,615.696,135.70190000000002
6416.75,632.091,130.99009999999998
6417.0,723.849,163.6529
6417.25,625.748,124.79929999999999
6417.5,630.855,126.11
6417.75,674.421,128.6489
6418.0,636.033,126.79759999999999
6418.25,622.707,129.4278
6418.5,606.375,124.8575
6418.75,651.663,127.5339
6419.0,714.558,132.0385
6419.25,776.701,138.9426
6419.5,734.008,135.6081
6419.75,724.158,136.1792
6420.0,747.483,141.9674
6420.25,717.904,142.2101
6420.5,710.169,140.32799999999997
6420.75,780.735,162.5546
6421.0,715.233,145.19
6421.25,651.108,135.6881
6421.5,644.192,146.9807
6421.75,627.417,144.9961
6422.0,516.8879999999999,125.83049999999999
6422.25,523.221,119.24080000000001
6422.5,524.136,130.1004
6422.75,534.887,122.9234
6423.0,531.15,126.13810000000001
6423.25,506.015,115.0231
6423.5,501.30600000000004,117.51840000000001
6423.75,496.233,118.9935
6424.0,542.268,126.94789999999999
6424.25,536.037,118.75280000000001
6424.5,494.076,118.3348
6424.75,506.93399999999997,122.44049999999999
6425.0,603.492,161.4028
6425.25,531.189,126.86959999999999
6425.5,509.519,120.0984
6425.75,616.971,151.2903
6426.0,525.039,117.8077
6426.25,489.59299999999996,113.54749999999999
6426.5,552.6289999999999,122.63040000000001
6426.75,539.2729999999999,131.6352
6427.0,560.139,125.3255
6427.25,667.173,146.33350000000002
6427.5,647.962,133.8762
6427.75,596.145,131.2412
6428.0,603.235,131.76520000000002
6428.25,609.015,131.392
6428.5,631.26,134.2337
6428.75,634.703,136.1358
6429.0,646.001,128.13819999999998
6429.25,581.621,124.7211
6429.5,626.15,128.3533
6429.75,579.788,130.3919
6430.0,566.75,120.5771
6430.25,518.651,111.5805
6430.5,522.134,110.5332
6430.75,554.279,107.3483
6431.0,525.526,113.4451
6431.25,514.925,113.541
6431.5,534.068,122.9024
6431.75,541.952,124.04650000000001
6432.0,502.31600000000003,128.5576
6432.25,479.17600000000004,122.2559
6432.5,462.44899999999996,121.6207
6432.75,467.36199999999997,124.22890000000001
6433.0,449.548,121.44239999999999
6433.25,441.342,118.3048
6433.5,448.83399999999995,121.69760000000001
6433.75,437.366,123.4588
6434.0,480.895,128.77339999999998
6434.25,456.27699999999993,135.29579999999999
6434.5,463.09400000000005,128.2391
6434.75,431.734,128.2197
6435.0,433.60600000000005,127.9728
6435.25,445.198,127.98729999999999
6435.5,440.24,130.783
6435.75,445.85200000000003,132.0245
6436.0,411.614,132.7065
6436.25,421.126,130.8858
6436.5,432.091,126.95979999999999
6436.75,406.528,123.4324
6437.0,421.997,122.9154
6437.25,448.088,122.9503
6437.5,485.26300000000003,128.9846
6437.75,467.221,125.3143
6438.0,441.52799999999996,123.24790000000002
6438.25,449.011,123.1833
6438.5,475.247,113.53659999999999
6438.75,529.011,120.8964
6439.0,583.9549999999999,122.04670000000002
6439.25,592.995,111.31569999999999
6439.5,678.423,128.154
6439.75,662.887,136.6924
6440.0,648.336,145.5235
6440.25,673.257,144.38060000000002
6440.5,670.392,137.0833
6440.75,641.142,134.0025
6441.0,691.932,141.05759999999998
6441.25,687.483,146.1198
6441.5,721.669,142.1291
6441.75,697.443,138.6864
6442.0,720.756,142.9502
6442.25,768.9779999999998,153.0616
6442.5,660.371,141.0586
6442.75,646.8389999999999,134.6345
6443.0,705.201,134.5454
6443.25,720.396,138.9968
6443.5,736.4739999999999,143.42849999999999
6443.75,771.8609999999999,150.3105
6444.0,791.557,146.9807
6444.25,742.917,150.0818
6444.5,737.865,151.1792
6444.75,725.568,147.8847
6445.0,640.428,142.70499999999998
6445.25,617.091,145.51069999999999
6445.5,596.682,135.55849999999998
6445.75,597.1560000000001,141.1961
6446.0,598.158,138.5903
6446.25,563.806,134.2646
6446.5,586.743,136.63989999999998
6446.75,689.259,172.7629
6447.0,599.922,149.24540000000002
6447.25,562.653,132.4008
6447.5,546.9780000000001,131.7542
6447.75,545.88,125.5111
6448.0,560.238,127.6617
6448.25,548.704,121.37010000000001
6448.5,536.769,118.85900000000001
6448.75,743.962,201.05440000000002
6449.0,524.968,136.66
6449.25,614.837,165.4369
6449.5,615.854,161.93679999999998
6449.75,579.924,138.7309
6450.0,635.315,151.0011
6450.25,569.656,142.0302
6450.5,593.528,138.50220000000002
6450.75,634.684,137.9633
6451.0,645.797,137.7677
6451.25,629.135,139.78
6451.5,775.798,209.86200000000002
6451.75,621.5880000000001,128.3088
6452.0,595.97,122.0566
6452.25,578.09,125.57240000000002
6452.5,670.2370000000001,169.88549999999998
6452.75,538.0699999999999,120.5315
6453.0,508.669,115.5969
6453.25,520.808,122.9873
6453.5,500.844,127.8225
6453.75,488.078,128.3001
6454.0,519.422,131.9645
6454.25,523.0029999999999,127.9313
6454.5,466.082,113.30810000000001
6454.75,488.963,115.71369999999999
6455.0,483.273,114.2122
6455.25,478.04499999999996,115.3954
6455.5,439.06399999999996,116.38
6455.75,457.216,119.37650000000001
6456.0,441.836,124.7364
6456.25,443.6,122.40950000000001
6456.5,422.19100000000003,117.15290000000002
6456.75,434.416,120.82850000000002
6457.0,402.914,119.3583
6457.25,391.6,117.6687
6457.5,408.78200000000004,119.2273
6457.75,388.847,122.7637
6458.0,406.4309999999999,129.2526
6458.25,378.502,122.51939999999999
6458.5,363.56399999999996,110.81
6458.75,382.593,113.5515
6459.0,373.568,112.16120000000001
6459.25,358.596,112.5121
6459.5,373.564,111.989
6459.75,361.99300000000005,114.08449999999999
6460.0,357.13,116.2165
6460.25,364.461,115.6388
6460.5,344.892,111.99700000000001
6460.75,332.20399999999995,110.8602
6461.0,338.94399999999996,109.0641
6461.25,343.134,109.99109999999999
6461.5,391.00399999999996,111.7142
6461.75,395.347,112.98910000000001
6462.0,382.869,112.4796
6462.25,389.28,130.0303
6462.5,410.102,132.8164
6462.75,408.92600000000004,126.75229999999999
6463.0,403.14199999999994,122.6671
6463.25,409.591,123.77009999999999
6463.5,425.669,121.00869999999999
6463.75,499.7049999999999,120.02739999999999
6464.0,440.05899999999997,120.8715
6464.25,440.072,121.9982
6464.5,443.314,118.5152
6464.75,427.15599999999995,114.53379999999999
6465.0,432.42999999999995,117.095
6465.25,430.528,115.9859
6465.5,482.98699999999997,125.3447
6465.75,530.0419999999999,129.2401
6466.0,455.26599999999996,126.11189999999999
6466.25,455.833,130.5903
6466.5,422.62300000000005,123.59759999999999
6466.75,434.53600000000006,119.3127
6467.0,477.887,118.7203
6467.25,466.42199999999997,121.0273
6467.5,445.93399999999997,121.1174
6467.75,512.755,124.62729999999999
6468.0,503.626,118.9563
6468.25,508.48900000000003,123.34339999999999
6468.5,498.494,127.8715
6468.75,480.346,125.24539999999999
6469.0,466.40199999999993,122.67699999999999
6469.25,459.76699999999994,127.5463
6469.5,478.26,128.7107
6469.75,491.798,128.49869999999999
6470.0,497.71999999999997,126.07440000000001
6470.25,467.59899999999993,126.96870000000001
6470.5,531.5310000000001,126.43689999999998
6470.75,511.364,126.9023
6471.0,565.698,128.3982
6471.25,599.883,127.95570000000001
6471.5,568.9639999999999,126.02879999999999
6471.75,587.298,122.5051
6472.0,574.77,124.3374
6472.25,634.239,128.8132
6472.5,640.389,133.1875
6472.75,616.02,128.9482
6473.0,567.345,122.74109999999999
6473.25,603.028,129.5822
6473.5,617.76,127.25489999999999
6473.75,555.532,126.9101
6474.0,591.233,126.5202
6474.25,658.374,137.0721
6474.5,657.501,136.6381
6474.75,652.365,130.3526
6475.0,670.5120000000001,134.8165
6475.25,673.767,130.77280000000002
6475.5,743.727,166.3232
6475.75,684.186,130.43619999999999
6476.0,626.829,123.3784
6476.25,663.591,157.8306
6476.5,599.436,122.81530000000001
6476.75,661.3499999999999,146.6028
6477.0,574.9440000000001,131.56099999999998
6477.25,588.696,137.0917
6477.5,527.2159999999999,133.778
6477.75,499.557,128.8557
6478.0,523.659,126.45230000000001
6478.25,523.983,120.7107
6478.5,472.29499999999996,120.40899999999999
6478.75,487.553,120.27620000000002
6479.0,463.73400000000004,116.0832
6479.25,468.533,120.196
6479.5,508.78999999999996,125.4247
6479.75,478.06999999999994,121.7021
6480.0,436.22799999999995,117.5411
6480.25,412.03000000000003,114.2672
6480.5,387.068,109.71600000000001
6480.75,389.302,112.3622
6481.0,417.736,120.815
6481.25,421.77200000000005,119.27170000000001
6481.5,403.433,120.3957
6481.75,382.727,116.34469999999999
6482.0,350.075,110.25869999999999
6482.25,378.446,114.4091
6482.5,358.51,112.6411
6482.75,365.277,113.42779999999999
6483.0,371.19399999999996,115.2536
6483.25,367.20799999999997,117.425
6483.5,354.584,116.5009
6483.75,356.588,115.62950000000001
6484.0,340.463,112.02029999999999
6484.25,330.641,110.1666
6484.5,345.443,113.81410000000001
6484.75,364.54,116.75780000000002
6485.0,388.016,117.0711
6485.25,397.35400000000004,120.1951
6485.5,410.98400000000004,123.58529999999999
6485.75,425.385,123.71079999999999
6486.0,412.25199999999995,121.8555
6486.25,435.60799999999995,123.2294
6486.5,429.03799999999995,124.25019999999999
6486.75,414.89699999999993,124.99239999999999
6487.0,412.322,123.714
6487.25,387.803,125.41329999999999
6487.5,402.722,135.9914
6487.75,417.03400000000005,137.2034
6488.0,393.66200000000003,134.0033
6488.25,424.925,130.80089999999998
6488.5,398.921,124.70009999999999
6488.75,358.61800000000005,121.8749
6489.0,378.91999999999996,128.2281
6489.25,390.884,127.7035
6489.5,400.21999999999997,127.00389999999999
6489.75,442.456,128.4475
6490.0,433.23800000000006,126.2753
6490.25,457.202,131.9657
6490.5,373.311,125.8923
6490.75,364.03000000000003,117.42049999999998
6491.0,404.849,120.19380000000001
6491.25,407.903,116.02619999999999
6491.5,438.73199999999997,123.07850000000002
6491.75,471.65,120.4273
6492.0,560.677,133.7619
6492.25,511.60299999999995,133.8894
6492.5,511.16,134.8294
6492.75,516.0640000000001,134.0357
6493.0,481.85799999999995,131.8547
6493.25,490.75100000000003,128.2512
6493.5,451.423,126.0723
6493.75,458.56999999999994,131.191
6494.0,437.819,126.3459
6494.25,407.59099999999995,119.96430000000001
6494.5,444.71900000000005,124.33009999999999
6494.75,414.109,123.4879
6495.0,440.56,125.1326
6495.25,453.614,130.0444
6495.5,432.05899999999997,127.99680000000001
6495.75,435.278,120.26340000000002
6496.0,427.216,118.8477
6496.25,465.26199999999994,126.16810000000001
6496.5,471.18500000000006,121.1524
6496.75,488.445,118.369
6497.0,517.502,121.4015
6497.25,470.96599999999995,118.0736
6497.5,500.384,108.9076
6497.75,486.823,110.3067
6498.0,462.506,110.9624
6498.25,480.501,110.77619999999999
6498.5,515.852,112.32409999999999
6498.75,503.257,121.71560000000001
6499.0,546.576,128.32229999999998
6499.25,571.692,126.4887
6499.5,583.297,124.64590000000001
6499.75,591.381,118.67519999999999
6500.0,572.9200000000001,116.0934
6500.25,615.438,126.3474
6500.5,625.485,128.5806
6500.75,674.46,174.5239
6501.0,525.345,133.5866
6501.25,530.256,129.6695
6501.5,522.418,127.43870000000001
6501.75,527.594,126.6023
6502.0,532.606,125.2954
6502.25,507.91499999999996,122.0034
6502.5,497.745,121.5189
6502.75,495.736,125.4879
6503.0,519.729,125.2956
6503.25,476.202,121.6925
6503.5,471.139,121.9711
6503.75,459.931,116.6256
6504.0,475.55899999999997,121.8604
6504.25,434.206,121.1978
6504.5,434.971,122.25479999999999
6504.75,397.045,118.8355
6505.0,378.666,115.08869999999999
6505.25,394.226,117.34119999999999
6505.5,414.109,117.1352
6505.75,406.70000000000005,113.3901
6506.0,367.427,110.1968
6506.25,359.674,110.44430000000001
6506.5,368.154,111.90889999999999
6506.75,374.536,117.13319999999999
6507.0,379.348,125.4648
6507.25,427.129,128.9162
6507.5,413.60200000000003,125.2613
6507.75,472.07300000000004,126.82480000000001
6508.0,453.635,125.00390000000002
6508.25,426.70400000000006,127.2996
6508.5,415.202,126.6014
6508.75,389.43199999999996,124.96209999999999
6509.0,376.852,124.2558
6509.25,375.84200000000004,125.90890000000002
6509.5,423.595,129.5582
6509.75,387.2339999999999,128.3847
6510.0,421.02200000000005,128.7199
6510.25,453.64700000000005,135.1018
6510.5,433.709,121.967
6510.75,491.56399999999996,125.025
6511.0,544.044,130.3314
6511.25,637.574,137.9058
6511.5,608.613,131.2966
6511.75,616.095,139.38780000000003
6512.0,626.568,140.8462
6512.25,601.168,136.32350000000002
6512.5,671.688,135.7939
6512.75,715.135,134.8224
6513.0,737.9069999999999,137.4175
6513.25,708.3720000000001,142.2604
6513.5,714.761,140.6064
6513.75,655.677,145.78560000000002
6514.0,623.499,137.7288
6514.25,682.116,141.7173
6514.5,623.99,133.99509999999998
6514.75,630.3870000000001,123.755
6515.0,665.352,126.06519999999999
6515.25,707.517,132.0727
6515.5,707.952,141.63129999999998
6515.75,744.417,145.0532
6516.0,760.914,159.2026
6516.25,738.356,164.45319999999998
6516.5,728.799,167.1111
6516.75,735.429,161.86180000000002
6517.0,722.884,155.9994
6517.25,728.667,143.088
6517.5,758.139,167.8751
6517.75,900.753,224.55720000000002
6518.0,607.356,135.41140000000001
6518.25,600.639,129.8175
6518.5,585.33,132.0693
6518.75,551.344,129.4821
6519.0,575.742,140.0825
6519.25,566.035,131.3438
6519.5,550.013,132.9409
6519.75,548.0699999999999,129.1578
6520.0,612.186,137.4738
6520.25,619.275,132.32489999999999
6520.5,602.88,134.39
6520.75,598.38,138.8961
6521.0,572.65,139.4312
6521.25,587.424,130.7272
6521.5,673.976,164.6509
6521.75,518.505,120.0246
6522.0,620.136,155.2096
6522.25,579.37,125.0399
6522.5,564.222,119.96560000000001
6522.75,721.722,145.346
6523.0,678.768,128.0362
6523.25,724.207,152.9906
6523.5,654.634,136.1595
6523.75,668.837,131.84070000000003
6524.0,680.383,142.4681
6524.25,644.7629999999999,140.2662
6524.5,658.861,138.5513
6524.75,632.225,143.5308
6525.0,661.769,160.3481
6525.25,738.887,194.7049
6525.5,544.078,118.0496
6525.75,574.463,112.4854
6526.0,512.789,108.93690000000001
6526.25,567.7090000000001,109.32900000000001
6526.5,545.2280000000001,111.33619999999999
6526.75,540.893,113.3024
6527.0,498.96500000000003,116.47189999999999
6527.25,496.98699999999997,122.3569
6527.5,487.96999999999997,118.4185
6527.75,491.50399999999996,121.8675
6528.0,454.582,121.97710000000001
6528.25,424.421,120.162
6528.5,420.78799999999995,117.94669999999999
6528.75,393.39199999999994,119.06360000000001
6529.0,428.069,122.54849999999999
6529.25,473.313,123.03460000000001
6529.5,448.558,120.93100000000001
6529.75,419.744,122.7582
6530.0,418.063,125.3997
6530.25,397.463,124.36089999999999
6530.5,397.7049999999999,122.929
6530.75,394.296,124.5733
6531.0,402.90999999999997,129.8021
6531.25,362.321,127.34200000000001
6531.5,368.509,128.2369
6531.75,399.596,125.57500000000002
6532.0,380.003,123.7365
6532.25,371.009,122.47720000000001
6532.5,380.97299999999996,122.5986
6532.75,374.087,118.2251
6533.0,407.246,123.152
6533.25,419.924,128.5459
6533.5,429.88,129.59480000000002
6533.75,410.94100000000003,127.4609
6534.0,453.92499999999995,124.5648
6534.25,458.34000000000003,126.42920000000001
6534.5,494.366,130.56719999999999
6534.75,492.08299999999997,134.0926
6535.0,521.183,130.80259999999998
6535.25,579.149,126.3974
6535.5,555.882,122.9628
6535.75,554.7090000000001,119.76860000000002
6536.0,538.029,123.3483
6536.25,580.314,131.7464
6536.5,614.439,135.2988
6536.75,654.0509999999999,133.2727
6537.0,756.792,151.6343
6537.25,669.789,131.2814
6537.5,697.26,125.6175
6537.75,676.152,118.5957
6538.0,688.11,115.9929
6538.25,677.007,125.464
6538.5,644.453,123.4613
6538.75,679.578,135.1927
6539.0,726.128,139.8176
6539.25,758.575,134.38569999999999
6539.5,775.8610000000001,146.8728
6539.75,782.3130000000001,142.2015
6540.0,831.8430000000001,147.2462
6540.25,820.62,143.6077
6540.5,941.156,200.0369
6540.75,708.4590000000001,143.37939999999998
6541.0,672.741,148.1938
6541.25,673.149,134.9965
6541.5,610.617,135.8328
6541.75,589.347,125.5138
6542.0,579.0799999999999,126.0599
6542.25,568.5120000000001,120.0009
6542.5,568.8720000000001,120.84219999999999
6542.75,698.982,162.8967
6543.0,583.749,129.4154
6543.25,745.836,192.75709999999998
6543.5,574.698,123.054
6543.75,628.29,134.9566
6544.0,635.526,147.5753
6544.25,612.077,133.2465
6544.5,619.547,132.2814
6544.75,604.2929999999999,133.7944
6545.0,596.727,134.38420000000002
6545.25,601.401,129.1219
6545.5,623.941,131.2727
6545.75,637.4970000000001,140.20929999999998
6546.0,718.954,142.0372
6546.25,683.2139999999999,133.6789
6546.5,668.577,132.2781
6546.75,676.485,131.59660000000002
6547.0,682.26,130.8897
6547.25,794.9730000000001,165.7269
6547.5,687.829,121.818
6547.75,678.97,127.5772
6548.0,673.755,121.57070000000002
6548.25,624.203,123.08360000000002
6548.5,629.63,122.4479
6548.75,677.732,162.84269999999998
6549.0,671.282,144.14919999999998
6549.25,735.7719999999999,174.4511
6549.5,556.541,112.2199
6549.75,598.842,117.7022
6550.0,611.6030000000001,121.74969999999999
6550.25,583.82,126.185
6550.5,549.521,127.8132
6550.75,544.097,124.00129999999999
6551.0,537.467,123.46189999999999
6551.25,518.357,125.3993
6551.5,529.255,131.9796
6551.75,494.384,118.28450000000001
6552.0,463.096,113.3788
6552.25,457.88599999999997,116.6403
6552.5,422.33099999999996,115.3227
6552.75,425.141,114.96809999999999
6553.0,418.492,113.9849
6553.25,415.106,110.93519999999998
6553.5,393.06100000000004,113.45779999999999
6553.75,383.003,112.69739999999999
6554.0,383.966,112.4022
6554.25,368.509,109.89920000000001
6554.5,392.006,108.4257
6554.75,395.777,109.7546
6555.0,409.91,118.5545
6555.25,383.417,120.2424
6555.5,358.582,120.11600000000001
6555.75,359.092,120.69289999999998
6556.0,345.307,118.16839999999999
6556.25,361.51099999999997,118.18580000000001
6556.5,353.21000000000004,117.34379999999999
6556.75,345.06600000000003,115.78460000000001
6557.0,355.126,115.4899
6557.25,362.48,117.07880000000002
6557.5,350.683,117.3598
6557.75,352.529,114.8776
6558.0,379.752,112.0798
6558.25,425.078,112.1932
6558.5,418.03000000000003,118.6676
6558.75,448.162,123.4269
6559.0,504.19899999999996,127.4332
6559.25,581.4749999999999,134.6393
6559.5,623.0129999999999,131.0244
6559.75,643.105,134.7057
6560.0,627.0120000000001,135.6344
6560.25,748.392,183.3992
6560.5,685.758,147.327
6560.75,677.265,142.1465
6561.0,673.185,141.2792
6561.25,697.2660000000001,141.4366
6561.5,770.811,132.4835
6561.75,810.97,138.5958
6562.0,770.5349999999999,138.4553
6562.25,723.838,140.1081
6562.5,648.041,123.3621
6562.75,692.656,145.7048
6563.0,780.252,143.046
6563.25,799.413,141.9787
6563.5,755.946,145.8823
6563.75,777.31,159.99110000000002
6564.0,775.8999999999999,156.561
6564.25,791.394,161.412
6564.5,774.364,159.7269
6564.75,776.355,159.20080000000002
6565.0,696.6600000000001,147.94639999999998
6565.25,705.384,150.7193
6565.5,688.224,144.6932
6565.75,676.665,146.03979999999999
6566.0,663.155,147.7827
6566.25,638.154,144.663
6566.5,611.835,135.2747
6566.75,603.7159999999999,141.5575
6567.0,596.276,137.23059999999998
6567.25,685.837,144.535
6567.5,680.946,149.2861
6567.75,635.8530000000001,153.0336
6568.0,662.121,156.5242
6568.25,715.7850000000001,152.6587
6568.5,626.4449999999999,146.6841
6568.75,634.037,143.9976
6569.0,726.36,190.9469
6569.25,603.621,145.9423
6569.5,610.591,149.40750000000003
6569.75,669.396,157.8902
6570.0,719.7139999999999,161.77429999999998
6570.25,701.722,155.1568
6570.5,810.856,191.5692
6570.75,759.318,150.0796
6571.0,802.0060000000001,164.75400000000002
6571.25,713.553,149.6674
6571.5,745.4970000000001,145.40019999999998
6571.75,724.261,150.9959
6572.0,714.924,142.279
6572.25,934.606,227.26419999999996
6572.5,698.075,155.2749
6572.75,630.5600000000001,137.67630000000003
6573.0,792.244,153.8167
6573.25,608.402,123.9628
6573.5,614.687,120.80630000000001
6573.75,601.2719999999999,123.0612
6574.0,548.339,124.48899999999999
6574.25,547.991,129.70929999999998
6574.5,551.473,130.4113
6574.75,532.412,130.8038
6575.0,497.399,122.3926
6575.25,492.336,117.4817
6575.5,478.529,118.3714
6575.75,446.43,111.9503
6576.0,436.80899999999997,116.7073
6576.25,424.894,113.1082
6576.5,406.565,113.18299999999999
6576.75,410.558,112.537
6577.0,382.87,114.5958
6577.25,396.64599999999996,117.1876
6577.5,411.428,120.6693
6577.75,389.347,126.01729999999999
6578.0,387.99199999999996,126.9265
6578.25,370.745,120.8861
6578.5,368.218,123.93260000000001
6578.75,372.5,123.6216
6579.0,349.40799999999996,123.9333
6579.25,344.26300000000003,125.3609
6579.5,340.122,120.1574
6579.75,336.381,117.8592
6580.0,342.203,117.5521
6580.25,349.38199999999995,119.2457
6580.5,333.43,121.35159999999999
6580.75,345.53,126.4109
6581.0,349.591,127.57050000000001
6581.25,339.293,125.1555
6581.5,342.793,120.2222
6581.75,346.067,119.2685
6582.0,364.373,119.09779999999998
6582.25,400.08700000000005,118.7197
6582.5,390.226,122.0116
6582.75,409.976,124.93040000000002
6583.0,492.657,124.7432
6583.25,567.78,122.1226
6583.5,524.715,117.0575
6583.75,563.112,133.8683
6584.0,563.172,124.0332
6584.25,563.124,123.30069999999999
6584.5,582.234,122.94050000000001
6584.75,612.3000000000001,121.1938
6585.0,631.1940000000001,124.70750000000001
6585.25,612.287,130.22629999999998
6585.5,630.6659999999999,122.8751
6585.75,603.9630000000001,119.7457
6586.0,701.931,150.8057
6586.25,602.976,121.1917
6586.5,569.933,117.6412
6586.75,590.88,117.4396
6587.0,652.174,118.6208
6587.25,676.729,129.05020000000002
6587.5,668.0999999999999,134.1933
6587.75,695.257,147.80270000000002
6588.0,681.3679999999999,138.8239
6588.25,709.554,146.2689
6588.5,717.476,149.1796
6588.75,644.049,138.8054
6589.0,604.8399999999999,138.4171
6589.25,590.523,135.0198
6589.5,557.22,127.7381
6589.75,589.651,126.35400000000001
6590.0,588.855,129.55270000000002
6590.25,595.856,138.21679999999998
6590.5,574.829,125.70599999999999
6590.75,613.953,125.3665
6591.0,581.109,125.61309999999999
6591.25,550.439,130.304
6591.5,545.0840000000001,128.203
6591.75,550.629,131.12740000000002
6592.0,546.6569999999999,126.254
6592.25,579.7620000000001,127.25540000000001
6592.5,682.5029999999999,167.6405
6592.75,559.3050000000001,124.912
6593.0,565.083,124.9512
6593.25,597.284,129.7903
6593.5,678.328,161.6626
6593.75,602.079,125.79310000000001
6594.0,641.762,127.14420000000001
6594.25,626.057,127.6138
6594.5,585.701,126.1568
6594.75,688.977,143.3075
6595.0,592.832,122.826
6595.25,642.553,133.4549
6595.5,658.1279999999999,130.1529
6595.75,611.25,129.0487
6596.0,656.231,127.9316
6596.25,589.43,132.675
6596.5,571.4359999999999,128.4288
6596.75,538.799,131.2516
6597.0,568.739,130.13660000000002
6597.25,541.1179999999999,133.1492
6597.5,518.9929999999999,131.5704
6597.75,512.831,132.1633
6598.0,508.68499999999995,123.1952
6598.25,490.745,121.9329
6598.5,460.766,119.14370000000001
6598.75,480.209,123.4147
6599.0,475.874,126.22829999999999
6599.25,492.96,126.2146
6599.5,455.058,124.78719999999998
6599.75,464.11699999999996,122.4716
6600.0,439.692,119.1039
6600.25,436.169,113.31649999999999
6600.5,428.0,112.39320000000001
6600.75,395.437,114.489
6601.0,426.59000000000003,112.4365
6601.25,406.25,115.4126
6601.5,447.87699999999995,128.7459
6601.75,472.673,128.8095
6602.0,452.822,130.5804
6602.25,448.64,129.31529999999998
6602.5,433.465,128.3126
6602.75,437.35999999999996,130.6498
6603.0,413.603,128.1627
6603.25,399.30100000000004,127.2627
6603.5,372.943,127.09570000000001
6603.75,376.81399999999996,129.7005
6604.0,363.973,128.6233
6604.25,379.15099999999995,126.6528
6604.5,376.246,130.1888
6604.75,380.58500000000004,132.8591
6605.0,374.14,129.2407
6605.25,375.84799999999996,129.1994
6605.5,380.26099999999997,130.5531
6605.75,379.678,127.9526
6606.0,407.063,125.8616
6606.25,435.754,126.9703
6606.5,450.34099999999995,132.8706
6606.75,475.707,132.9464
6607.0,517.585,133.8846
6607.25,578.3480000000001,143.7105
6607.5,576.429,134.3646
6607.75,575.3190000000001,130.5811
6608.0,524.454,125.16980000000001
6608.25,535.017,123.5041
6608.5,561.78,134.3723
6608.75,594.7620000000001,136.1276
6609.0,620.886,144.4118
6609.25,594.123,147.4261
6609.5,608.8960000000001,142.3231
6609.75,621.298,140.2364
6610.0,626.782,136.8173
6610.25,646.59,134.036
6610.5,613.626,125.00070000000001
6610.75,687.039,143.5232
6611.0,733.97,146.5877
6611.25,684.778,144.6159
6611.5,734.924,152.6349
6611.75,725.482,149.5245
6612.0,716.518,153.7328
6612.25,779.6489999999999,163.7828
6612.5,764.434,159.7888
6612.75,775.6320000000001,161.2757
6613.0,713.0999999999999,161.3627
6613.25,648.87,148.18
6613.5,611.9069999999999,145.38299999999998
6613.75,630.3040000000001,151.3533
6614.0,722.592,186.9318
6614.25,651.35,142.5258
6614.5,610.846,140.3634
6614.75,586.357,140.0307
6615.0,575.71,144.3347
6615.25,578.646,145.4452
6615.5,560.829,144.3572
6615.75,576.8599999999999,147.3307
6616.0,591.346,150.07330000000002
6616.25,676.9259999999999,185.1223
6616.5,618.1800000000001,149.3047
6616.75,586.71,142.9662
6617.0,570.9179999999999,146.17419999999998
6617.25,551.485,143.6418
6617.5,535.0450000000001,137.2492
6617.75,555.388,149.76
6618.0,571.295,156.0399
6618.25,542.345,149.251
6618.5,550.787,147.3915
6618.75,626.832,140.7348
6619.0,642.951,153.1196
6619.25,639.736,150.2302
6619.5,764.375,203.416
6619.75,573.569,128.8268
6620.0,535.88,129.0061
6620.25,466.703,125.7937
6620.5,482.73499999999996,126.5438
6620.75,506.12,128.1377
6621.0,496.39,128.2889
6621.25,469.672,124.66460000000001
6621.5,478.54100000000005,126.99449999999999
6621.75,482.54699999999997,133.6547
6622.0,484.35900000000004,133.4339
6622.25,494.25199999999995,131.6561
6622.5,441.542,127.74610000000001
6622.75,494.946,140.912
6623.0,486.231,129.8033
6623.25,425.533,124.27590000000001
6623.5,406.756,119.33609999999999
6623.75,431.27299999999997,117.54579999999999
6624.0,419.332,118.4014
6624.25,389.477,117.64
6624.5,372.76599999999996,116.86510000000001
6624.75,366.09799999999996,115.229
6625.0,354.199,116.3104
6625.25,355.796,120.1212
6625.5,371.864,121.60430000000001
6625.75,351.236,121.0507
6626.0,348.63199999999995,120.7192
6626.25,343.33000000000004,120.8618
6626.5,336.73799999999994,117.7304
6626.75,352.225,116.78580000000001
6627.0,344.68,118.6916
6627.25,347.246,120.46860000000001
6627.5,338.606,123.80250000000001
6627.75,322.24,122.29270000000001
6628.0,314.529,119.99170000000001
6628.25,308.928,118.12049999999999
6628.5,305.182,116.4316
6628.75,306.844,119.0572
6629.0,317.623,117.6208
6629.25,321.096,117.4843
6629.5,372.65,129.88780000000003
6629.75,370.81899999999996,127.38419999999999
6630.0,363.019,131.8286
6630.25,353.996,131.0112
6630.5,342.068,127.9174
6630.75,368.53299999999996,127.5549
6631.0,351.602,119.4553
6631.25,364.37600000000003,116.2322
6631.5,384.56600000000003,117.7433
6631.75,402.097,118.56060000000001
6632.0,384.073,119.9284
6632.25,378.146,121.38300000000001
6632.5,363.547,122.07579999999999
6632.75,398.654,125.8491
6633.0,400.736,133.3991
6633.25,394.681,135.4425
6633.5,435.47300000000007,136.44490000000002
6633.75,463.28700000000003,138.5859
6634.0,458.89300000000003,146.58370000000002
6634.25,412.447,135.54840000000002
6634.5,380.433,137.79739999999998
6634.75,400.031,133.6578
6635.0,414.947,136.6317
6635.25,462.524,138.1656
6635.5,483.855,138.3182
6635.75,492.567,135.0304
6636.0,472.7049999999999,126.3075
6636.25,491.792,127.9051
6636.5,739.781,208.4564
6636.75,529.983,124.96180000000001
6637.0,449.82500000000005,125.63659999999999
6637.25,439.95599999999996,123.48580000000001
6637.5,448.6410000000001,125.247
6637.75,475.06999999999994,132.8272
6638.0,457.876,133.58929999999998
6638.25,479.773,127.48649999999999
6638.5,581.6279999999999,135.4998
6638.75,460.98800000000006,129.3373
6639.0,478.567,127.4231
6639.25,495.423,122.7379
6639.5,436.225,127.52619999999999
6639.75,445.48299999999995,125.02530000000002
6640.0,445.602,125.71209999999999
6640.25,458.869,123.24849999999999
6640.5,453.869,120.0582
6640.75,448.943,112.92530000000001
6641.0,438.548,108.08840000000001
6641.25,438.78,111.36949999999999
6641.5,415.144,122.1094
6641.75,478.59000000000003,134.9278
6642.0,512.72,142.6679
6642.25,514.616,132.0771
6642.5,513.96,132.7921
6642.75,550.442,137.6255
6643.0,585.625,128.9713
6643.25,544.131,136.0226
6643.5,621.428,168.0041
6643.75,620.987,179.9076
6644.0,501.63699999999994,130.6658
6644.25,582.893,183.6072
6644.5,498.56499999999994,141.43880000000001
6644.75,509.94100000000003,138.1157
6645.0,512.405,137.43880000000001
6645.25,491.79600000000005,139.9248
6645.5,494.97299999999996,144.42770000000002
6645.75,509.312,150.55190000000002
6646.0,487.98100000000005,143.12
6646.25,454.67600000000004,120.03
6646.5,428.014,114.90729999999999
6646.75,416.49199999999996,111.3447
6647.0,431.12500000000006,112.2535
6647.25,415.791,115.87429999999999
6647.5,404.98699999999997,116.42410000000001
6647.75,398.828,119.1277
6648.0,366.553,114.66989999999998
6648.25,381.728,116.12099999999998
6648.5,388.9649999999999,117.71000000000001
6648.75,358.53200000000004,110.0199
6649.0,355.07899999999995,113.2047
6649.25,347.21000000000004,113.38550000000001
6649.5,345.10400000000004,116.3905
6649.75,340.45099999999996,118.2459
6650.0,344.422,121.4614
6650.25,355.769,119.2463
6650.5,347.79999999999995,118.1026
6650.75,342.454,117.9103
6651.0,333.53700000000003,114.4836
6651.25,314.879,113.6834
6651.5,319.385,114.07509999999999
6651.75,324.017,113.79400000000001
6652.0,327.805,116.37100000000001
6652.25,308.60499999999996,116.2344
6652.5,309.419,116.5704
6652.75,309.377,117.9204
6653.0,318.531,118.4959
6653.25,321.354,120.01749999999998
6653.5,324.425,120.6574
6653.75,322.40099999999995,118.279
6654.0,344.07099999999997,122.5255
6654.25,348.113,120.1918
6654.5,370.55,124.2188
6654.75,381.50100000000003,136.7647
6655.0,346.015,133.2379
6655.25,362.572,133.7476
6655.5,369.593,138.33679999999998
6655.75,368.147,142.46020000000001
6656.0,319.66999999999996,128.13850000000002
6656.25,322.499,132.5677
6656.5,333.818,133.1852
6656.75,356.672,135.6103
6657.0,374.364,134.1638
6657.25,355.945,126.02990000000001
6657.5,367.784,121.64959999999999
6657.75,384.68899999999996,128.6824
6658.0,410.528,129.0398
6658.25,422.05899999999997,133.8402
6658.5,376.7,132.3412
6658.75,384.062,131.345
6659.0,412.85799999999995,131.3868
6659.25,461.55499999999995,128.7704
6659.5,469.95,131.2506
6659.75,465.78400000000005,135.7894
6660.0,493.117,145.10479999999998
6660.25,516.769,145.83429999999998
6660.5,479.10699999999997,139.6777
6660.75,482.903,140.305
6661.0,475.46200000000005,141.10569999999998
6661.25,477.55300000000005,142.8022
6661.5,477.68899999999996,141.1093
6661.75,472.023,147.1063
6662.0,473.95899999999995,145.89079999999998
6662.25,487.608,150.154
6662.5,471.512,146.16410000000002
6662.75,471.41,142.1486
6663.0,472.998,140.34799999999998
6663.25,616.527,201.98049999999998
6663.5,473.74,140.3394
6663.75,594.02,192.821
6664.0,475.248,134.2063
6664.25,494.78700000000003,139.6781
6664.5,509.553,138.1225
6664.75,601.665,189.1247
6665.0,485.717,141.71159999999998
6665.25,521.3879999999999,139.8533
6665.5,614.931,193.4178
6665.75,502.49800000000005,142.4367
6666.0,527.571,139.8886
6666.25,554.142,144.0327
6666.5,565.4100000000001,144.77339999999998
6666.75,615.189,146.177
6667.0,935.495,275.0597
6667.25,606.861,163.6669
6667.5,852.905,250.0086
6667.75,654.648,176.5929
6668.0,599.688,163.78369999999998
6668.25,598.2929999999999,159.9591
6668.5,596.9110000000001,152.2063
6668.75,691.158,157.7191
6669.0,611.939,151.66770000000002
6669.25,620.819,154.21030000000002
6669.5,570.14,134.51999999999998
6669.75,579.403,138.8172
6670.0,556.009,138.3576
6670.25,565.401,142.7973
6670.5,550.899,143.069
6670.75,512.569,145.0574
6671.0,533.3190000000001,140.9239
6671.25,575.295,140.9587
6671.5,561.912,138.0101
6671.75,574.222,136.73520000000002
6672.0,567.123,142.2581
6672.25,534.674,141.78859999999997
6672.5,517.313,144.3039
6672.75,504.50699999999995,144.5302
6673.0,514.229,142.2729
6673.25,498.92499999999995,131.8331
6673.5,507.14300000000003,134.3689
6673.75,492.23,132.66219999999998
6674.0,485.696,137.3988
6674.25,475.51,138.6579
6674.5,489.48100000000005,139.8863
6674.75,499.854,139.68529999999998
6675.0,505.006,138.3254
6675.25,499.08500000000004,136.9075
6675.5,510.115,136.9561
6675.75,530.874,136.4565
6676.0,496.744,137.5254
6676.25,482.776,137.5315
6676.5,458.69,138.17249999999999
6676.75,460.82599999999996,137.5778
6677.0,450.019,139.3364
6677.25,433.77099999999996,135.2682
6677.5,434.16200000000003,138.3196
6677.75,431.26699999999994,135.5662
6678.0,446.34800000000007,136.7126
6678.25,478.781,141.6184
6678.5,508.18100000000004,147.3281
6678.75,524.712,145.39499999999998
6679.0,536.999,143.8779
6679.25,598.2660000000001,139.8895
6679.5,594.846,138.12650000000002
6679.75,644.316,144.9291
6680.0,612.8340000000001,144.1191
6680.25,642.159,145.1813
6680.5,643.545,141.523
6680.75,716.3720000000001,149.9563
6681.0,728.365,155.9343
6681.25,856.1840000000001,191.8988
6681.5,856.533,210.1833
6681.75,693.697,139.9706
6682.0,711.553,137.0996
6682.25,706.6030000000001,141.298
6682.5,656.4169999999999,152.3868
6682.75,736.573,159.30200000000002
6683.0,745.038,163.6418
6683.25,862.2990000000001,187.9543
6683.5,925.849,204.97110000000004
6683.75,710.322,155.9641
6684.0,711.3119999999999,150.1641
6684.25,683.643,151.0934
6684.5,702.803,148.2739
6684.75,669.492,140.65449999999998
6685.0,634.53,142.0094
6685.25,590.934,144.5332
6685.5,595.875,142.5912
6685.75,602.3910000000001,136.2287
6686.0,619.896,135.0347
6686.25,613.065,144.0845
6686.5,623.2330000000001,143.7603
6686.75,574.6560000000001,132.8726
6687.0,586.8689999999999,144.1518
6687.25,610.178,139.71710000000002
6687.5,663.51,177.47209999999998
6687.75,610.722,137.2681
6688.0,607.4169999999999,142.7532
6688.25,669.861,179.1633
6688.5,624.818,164.2662
6688.75,555.732,143.6029
6689.0,647.943,195.306
6689.25,601.053,172.08120000000002
6689.5,518.064,120.79899999999999
6689.75,529.419,125.28649999999999
6690.0,534.7750000000001,123.5434
6690.25,553.865,128.2868
6690.5,619.784,146.4005
6690.75,563.327,120.09459999999999
6691.0,722.62,154.9531
6691.25,580.692,131.4142
6691.5,641.241,139.4797
6691.75,656.225,130.755
6692.0,641.8910000000001,128.8389
6692.25,553.95,125.95530000000001
6692.5,553.433,124.3098
6692.75,552.198,119.8191
6693.0,595.763,131.3404
6693.25,557.8299999999999,128.7362
6693.5,537.26,125.20079999999999
6693.75,540.229,122.11290000000001
6694.0,481.22900000000004,107.8303
6694.25,515.144,107.07239999999999
6694.5,474.17100000000005,108.84190000000001
6694.75,479.765,109.51089999999999
6695.0,468.54099999999994,110.5188
6695.25,444.138,108.5479
6695.5,470.828,115.0519
6695.75,431.462,116.28729999999999
6696.0,436.544,110.2358
6696.25,424.37199999999996,112.5743
6696.5,404.21599999999995,110.854
6696.75,383.478,112.24440000000001
6697.0,398.156,113.2517
6697.25,418.63,115.95490000000001
6697.5,442.897,119.54509999999999
6697.75,437.01700000000005,118.31660000000001
6698.0,424.03999999999996,116.5731
6698.25,435.27200000000005,124.3983
6698.5,412.03700000000003,122.7329
6698.75,391.277,120.60220000000001
6699.0,381.907,123.1452
6699.25,363.123,124.89519999999999
6699.5,355.507,124.3854
6699.75,361.52599999999995,128.3122
6700.0,364.33000000000004,129.9341
6700.25,363.256,131.4488
6700.5,355.508,128.63219999999998
6700.75,360.443,128.1084
6701.0,344.98699999999997,124.0026
6701.25,332.692,120.4777
6701.5,357.106,124.4216
6701.75,363.616,123.33079999999998
6702.0,379.628,123.61619999999999
6702.25,411.00199999999995,116.9907
6702.5,439.222,126.952
6702.75,462.01699999999994,127.5046
6703.0,551.0880000000001,135.53640000000001
6703.25,560.076,122.40969999999999
6703.5,570.467,132.9132
6703.75,619.665,139.2601
6704.0,617.7629999999999,140.8176
6704.25,644.076,145.1875
6704.5,679.9100000000001,146.6932
6704.75,674.484,145.4701
6705.0,641.844,146.9123
6705.25,639.018,140.6818
6705.5,678.624,144.3061
6705.75,656.529,143.9364
6706.0,728.832,162.067
6706.25,665.7719999999999,133.4622
6706.5,653.258,144.31400000000002
6706.75,684.9490000000001,147.6836
6707.0,683.092,147.5297
6707.25,764.236,146.91979999999998
6707.5,752.189,157.6116
6707.75,725.914,152.1146
6708.0,739.863,143.49869999999999
6708.25,762.2249999999999,148.1706
6708.5,723.954,155.5669
6708.75,700.1370000000001,156.279
6709.0,667.047,142.07459999999998
6709.25,621.5129999999999,138.12120000000002
6709.5,615.1379999999999,143.13
6709.75,586.538,140.10180000000003
6710.0,587.8580000000001,138.4365
6710.25,562.74,120.5646
6710.5,546.887,121.9428
6710.75,527.178,116.701
6711.0,511.38599999999997,112.9203
6711.25,521.337,120.2602
6711.5,651.306,179.0762
6711.75,560.435,114.25110000000001
6712.0,565.505,127.92450000000001
6712.25,651.27,169.15679999999998
6712.5,555.9749999999999,128.5861
6712.75,519.075,121.019
6713.0,516.766,122.4752
6713.25,612.927,146.07999999999998
6713.5,614.365,119.2953
6713.75,544.858,123.07749999999999
6714.0,633.5160000000001,158.2781
6714.25,597.6129999999999,124.70219999999999
6714.5,565.233,121.0189
6714.75,591.093,118.08529999999999
6715.0,790.654,138.5592
6715.25,640.711,125.52260000000001
6715.5,651.563,131.6489
6715.75,606.787,127.93280000000001
6716.0,629.3389999999999,132.0886
6716.25,614.009,131.1438
6716.5,624.306,130.3553
6716.75,605.967,125.78560000000002
6717.0,575.985,121.9498
6717.25,605.7349999999999,123.3021
6717.5,577.904,124.0557
6717.75,530.725,120.1344
6718.0,556.025,121.8007
6718.25,514.367,118.0145
6718.5,518.8580000000001,119.0168
6718.75,535.3789999999999,119.8031
6719.0,540.2660000000001,124.2071
6719.25,573.059,129.7174
6719.5,525.971,121.17699999999999
6719.75,449.918,108.00739999999999
6720.0,453.841,112.17419999999998
6720.25,440.164,113.97030000000001
6720.5,429.39099999999996,110.44839999999999
6720.75,421.955,115.10470000000001
6721.0,402.269,113.3029
6721.25,409.58,114.8168
6721.5,477.683,114.4589
6721.75,464.72900000000004,113.27440000000001
6722.0,473.106,109.5812
6722.25,491.844,119.51700000000001
6722.5,475.72,123.4253
6722.75,443.48,120.47049999999999
6723.0,381.25,117.94739999999999
6723.25,355.82,121.79589999999999
6723.5,389.113,121.0855
6723.75,411.956,123.2546
6724.0,412.24,124.00909999999999
6724.25,417.89200000000005,124.2089
6724.5,384.304,118.7809
6724.75,358.739,118.7403
6725.0,385.982,118.19550000000001
6725.25,387.34099999999995,117.72629999999998
6725.5,414.71599999999995,118.564
6725.75,426.55899999999997,117.9525
6726.0,430.97300000000007,123.86869999999999
6726.25,464.87899999999996,122.8699
6726.5,496.706,125.2501
6726.75,491.59299999999996,123.0792
6727.0,518.941,117.5509
6727.25,640.857,143.8462
6727.5,599.412,118.74369999999999
6727.75,597.348,115.929
6728.0,695.4630000000001,131.66989999999998
6728.25,660.636,132.6419
6728.5,659.493,131.5265
6728.75,664.917,137.5827
6729.0,602.52,123.95360000000001
6729.25,556.698,122.9819
6729.5,573.362,121.95940000000002
6729.75,652.462,135.2764
6730.0,670.342,125.2045
6730.25,687.207,133.8825
6730.5,632.595,122.3791
6730.75,638.342,146.8134
6731.0,636.672,127.8152
6731.25,661.17,126.65889999999999
6731.5,731.736,135.5019
6731.75,732.172,137.3622
6732.0,699.581,130.66809999999998
6732.25,696.033,143.4754
6732.5,689.9939999999999,139.75310000000002
6732.75,692.426,141.88510000000002
6733.0,698.611,140.8072
6733.25,650.9369999999999,132.1843
6733.5,700.185,184.29379999999998
6733.75,857.941,233.0952
6734.0,560.046,126.1858
6734.25,553.043,119.307
6734.5,516.237,120.7987
6734.75,489.025,120.14590000000001
6735.0,493.49700000000007,110.5967
6735.25,479.86,109.0711
6735.5,591.1790000000001,144.9237
6735.75,691.92,179.81709999999998
6736.0,607.053,136.6628
6736.25,604.174,133.7011
6736.5,588.615,130.3827
6736.75,671.835,178.4532
6737.0,554.748,143.91389999999998
6737.25,562.888,137.9343
6737.5,694.374,175.8136
6737.75,562.26,134.8795
6738.0,763.183,192.6308
6738.25,614.7629999999999,144.43880000000001
6738.5,592.282,128.0552
6738.75,727.197,181.5037
6739.0,600.1800000000001,131.661
6739.25,764.9110000000001,197.2673
6739.5,593.7470000000001,126.64439999999999
6739.75,603.395,129.2115
6740.0,595.452,124.9939
6740.25,580.215,119.7245
6740.5,577.303,119.01769999999999
6740.75,560.816,118.7673
6741.0,564.42,112.4969
6741.25,572.587,113.20079999999999
6741.5,614.2850000000001,140.9591
6741.75,571.027,121.0078
6742.0,578.0360000000001,122.7171
6742.25,566.192,127.77189999999999
6742.5,556.814,126.0282
6742.75,538.559,119.40859999999999
6743.0,543.94,121.90549999999999
6743.25,515.837,122.91290000000001
6743.5,504.419,128.3058
6743.75,497.93899999999996,126.8149
6744.0,473.773,129.489
6744.25,477.443,130.93900000000002
6744.5,443.231,114.655
6744.75,449.087,111.2003
6745.0,436.60299999999995,114.03649999999999
6745.25,431.629,116.2418
6745.5,441.947,117.22899999999998
6745.75,437.92,129.3487
6746.0,425.87,134.5643
6746.25,384.19300000000004,132.8909
6746.5,370.426,126.04599999999999
6746.75,358.925,124.81559999999999
6747.0,364.55899999999997,125.2127
6747.25,350.28,122.6841
6747.5,345.588,120.2496
6747.75,355.557,125.04679999999999
6748.0,334.048,124.56830000000001
6748.25,345.625,123.9359
6748.5,347.759,126.87480000000001
6748.75,333.42100000000005,124.08859999999999
6749.0,340.252,121.8395
6749.25,345.239,119.97139999999999
6749.5,353.13599999999997,123.1911
6749.75,375.131,124.0737
6750.0,391.247,124.0256
6750.25,424.319,129.3732
6750.5,424.90100000000007,127.9263
6750.75,466.951,126.58600000000001
6751.0,503.221,129.0367
6751.25,622.109,149.5089
6751.5,554.961,118.6995
6751.75,579.4390000000001,123.28620000000001
6752.0,522.078,130.19819999999999
6752.25,594.115,136.8414
6752.5,600.792,134.5674
6752.75,584.451,122.6345
6753.0,632.4060000000001,134.0075
6753.25,632.097,131.2759
6753.5,613.773,132.2098
6753.75,589.017,127.55740000000002
6754.0,565.4639999999999,114.884
6754.25,571.131,116.7953
6754.5,573.876,113.2994
6754.75,627.1679999999999,119.434
6755.0,692.109,126.3507
6755.25,658.578,124.7158
6755.5,630.072,134.2931
6755.75,671.844,147.0254
6756.0,639.1679999999999,134.93370000000002
6756.25,673.335,133.87109999999998
6756.5,665.598,138.7561
6756.75,709.4069999999999,158.47250000000003
6757.0,625.893,145.11270000000002
6757.25,683.662,174.2498
6757.5,562.155,133.7215
6757.75,599.451,130.574
6758.0,581.393,135.1543
6758.25,554.154,126.8933
6758.5,540.116,117.75129999999999
6758.75,497.448,112.0148
6759.0,498.267,114.28720000000001
6759.25,522.885,126.2784
6759.5,515.75,130.30020000000002
6759.75,516.273,131.8987
6760.0,522.0809999999999,131.79000000000002
6760.25,543.705,131.0417
6760.5,554.922,139.81709999999998
6760.75,698.145,194.5697
6761.0,755.19,223.31940000000003
6761.25,611.892,136.8441
6761.5,612.6990000000001,147.7924
6761.75,582.621,149.1611
6762.0,664.741,168.337
6762.25,621.3230000000001,143.23700000000002
6762.5,597.458,134.0389
6762.75,620.7470000000001,133.41199999999998
6763.0,679.8779999999999,127.7797
6763.25,631.063,122.56880000000001
6763.5,848.9110000000001,206.9425
6763.75,621.9590000000001,119.2196
6764.0,618.013,124.4253
6764.25,574.496,127.8408
6764.5,560.399,126.1902
6764.75,546.482,131.35430000000002
6765.0,523.746,129.8428
6765.25,524.7379999999999,124.16409999999999
6765.5,476.027,118.4757
6765.75,495.86400000000003,124.94800000000001
6766.0,500.66299999999995,127.683
6766.25,516.465,125.6711
6766.5,494.87,121.3756
6766.75,480.98,114.8329
6767.0,477.14300000000003,120.5277
6767.25,446.33900000000006,122.4955
6767.5,454.493,132.3599
6767.75,483.91100000000006,124.3242
6768.0,446.972,122.4057
6768.25,417.682,118.2082
6768.5,413.23900000000003,115.5326
6768.75,395.06800000000004,111.58019999999999
6769.0,364.61699999999996,111.0499
6769.25,354.268,109.53039999999999
6769.5,366.212,112.9985
6769.75,353.03999999999996,112.10649999999998
6770.0,407.75,114.5418
6770.25,365.169,112.2799
6770.5,369.665,112.65379999999999
6770.75,373.95000000000005,123.3057
6771.0,372.43399999999997,121.2723
6771.25,354.72999999999996,118.1428
6771.5,354.253,119.8323
6771.75,347.069,120.0341
6772.0,347.63599999999997,120.5095
6772.25,350.077,122.61419999999998
6772.5,341.175,123.5376
6772.75,339.153,121.9469
6773.0,353.452,122.8923
6773.25,338.935,121.185
6773.5,326.178,115.86250000000001
6773.75,330.715,115.9117
6774.0,360.315,117.8435
6774.25,426.02600000000007,118.4803
6774.5,425.96000000000004,122.4478
6774.75,421.03700000000003,123.8176
6775.0,446.53700000000003,128.72140000000002
6775.25,504.173,126.4586
6775.5,566.3710000000001,129.4761
6775.75,528.877,132.1805
6776.0,561.169,143.2255
6776.25,573.123,131.6393
6776.5,571.575,128.2616
6776.75,587.493,132.7268
6777.0,621.87,133.1094
6777.25,669.132,135.6016
6777.5,644.918,133.5203
6777.75,697.0409999999999,137.1593
6778.0,658.663,132.05489999999998
6778.25,657.234,134.711
6778.5,624.3340000000001,137.6846
6778.75,669.467,138.00979999999998
6779.0,730.344,133.4486
6779.25,754.213,139.5614
6779.5,753.24,143.9678
6779.75,745.509,146.744
6780.0,699.249,144.8409
6780.25,706.399,155.2292
6780.5,680.958,152.3253
6780.75,664.5229999999999,147.9917
6781.0,645.366,155.9737
6781.25,645.418,155.9535
6781.5,643.77,159.08769999999998
6781.75,664.564,161.6046
6782.0,950.7369999999999,255.4097
6782.25,832.7940000000001,208.6873
6782.5,873.415,217.5271
6782.75,615.375,139.888
6783.0,585.1379999999999,137.4013
6783.25,642.111,138.4531
6783.5,758.991,198.8943
6783.75,629.387,155.5278
6784.0,629.835,161.5268
6784.25,628.317,156.0166
6784.5,758.221,192.6628
6784.75,730.986,211.1439
6785.0,845.2800000000001,171.7048
6785.25,675.159,180.6793
6785.5,785.3899999999999,221.4712
6785.75,647.658,174.5195
6786.0,593.565,150.8169
6786.25,792.519,162.7894
6786.5,580.473,133.6445
6786.75,569.546,129.0717
6787.0,589.476,137.98129999999998
6787.25,925.96,260.8793
6787.5,917.893,256.53520000000003
6787.75,569.803,146.95499999999998
6788.0,617.659,167.9992
6788.25,547.769,144.7468
6788.5,554.2850000000001,148.9876
6788.75,535.556,146.9337
6789.0,553.4780000000001,144.40970000000002
6789.25,692.396,211.07150000000001
6789.5,569.297,154.66680000000002
6789.75,524.9480000000001,150.35
6790.0,530.822,136.5285
6790.25,488.69,129.9619
6790.5,462.569,127.10659999999999
6790.75,438.44,123.0333
6791.0,469.5690000000001,127.23310000000001
6791.25,464.43600000000004,128.73090000000002
6791.5,424.925,129.1628
6791.75,403.11400000000003,131.0809
6792.0,402.15299999999996,127.64920000000001
6792.25,443.975,134.2916
6792.5,403.394,132.3535
6792.75,391.395,132.56799999999998
6793.0,382.77000000000004,132.9764
6793.25,399.764,136.2233
6793.5,366.157,129.6521
6793.75,355.577,128.0925
6794.0,356.16700000000003,126.03750000000001
6794.25,380.714,130.3647
6794.5,362.831,128.30290000000002
6794.75,337.188,125.3411
6795.0,338.627,126.3405
6795.25,334.277,126.1478
6795.5,341.105,122.4821
6795.75,333.062,119.3808
6796.0,324.103,117.2818
6796.25,322.961,118.09719999999999
6796.5,322.025,113.28439999999999
6796.75,318.376,114.81450000000001
6797.0,331.15,111.85
6797.25,318.834,112.1776
6797.5,348.156,114.4066
6797.75,359.159,113.51230000000001
6798.0,338.75699999999995,109.17419999999998
6798.25,337.663,106.53899999999999
6798.5,332.747,104.6789
6798.75,328.194,109.0967
6799.0,360.953,116.33390000000001
6799.25,372.959,114.34960000000001
6799.5,396.692,114.8912
6799.75,420.062,116.6464
6800.0,404.486,123.1272
6800.25,424.7049999999999,130.8524
6800.5,417.658,121.4054
6800.75,457.172,120.9896
6801.0,595.296,171.0142
6801.25,469.721,133.3007
6801.5,488.084,138.82489999999999
6801.75,504.53,139.5704
6802.0,489.259,138.5476
6802.25,484.61300000000006,137.6286
6802.5,447.60699999999997,130.7057
6802.75,447.47900000000004,130.5196
6803.0,462.298,133.733
6803.25,480.34799999999996,138.60889999999998
6803.5,514.107,148.4571
6803.75,495.27,143.672
6804.0,523.3040000000001,149.05630000000002
6804.25,519.965,146.4345
6804.5,498.66700000000003,143.04430000000002
6804.75,573.842,150.9708
6805.0,504.123,146.4304
6805.25,495.722,148.2052
6805.5,686.9929999999999,224.432
6805.75,652.271,213.5946
6806.0,492.087,144.0408
6806.25,459.23199999999997,142.1086
6806.5,460.20599999999996,143.7591
6806.75,455.95,142.7968
6807.0,455.773,148.3356
6807.25,599.943,207.74540000000002
6807.5,459.95000000000005,142.7182
6807.75,471.83799999999997,134.06029999999998
6808.0,496.91600000000005,137.68290000000002
6808.25,490.548,139.20960000000002
6808.5,473.943,132.5969
6808.75,586.482,184.81400000000002
6809.0,503.85300000000007,139.4888
6809.25,556.095,187.4546
6809.5,659.0219999999999,155.5246
6809.75,511.009,135.8415
6810.0,617.901,172.2835
6810.25,608.1980000000001,174.149
6810.5,525.005,132.90709999999999
6810.75,519.414,136.1346
6811.0,564.1850000000001,137.46710000000002
6811.25,534.756,136.3705
6811.5,674.5909999999999,198.207
6811.75,548.138,138.5119
6812.0,493.50199999999995,132.3715
6812.25,485.41799999999995,129.4645
6812.5,479.313,131.2537
6812.75,453.18500000000006,125.3648
6813.0,480.816,126.09949999999999
6813.25,485.322,121.1954
6813.5,480.93500000000006,124.3838
6813.75,452.10799999999995,127.1273
6814.0,447.325,126.6147
6814.25,411.203,128.2085
6814.5,425.95099999999996,126.77690000000001
6814.75,450.985,127.19720000000001
6815.0,418.74699999999996,126.5814
6815.25,437.996,129.6828
6815.5,414.15700000000004,130.6525
6815.75,414.46299999999997,129.1447
6816.0,402.443,132.1236
6816.25,401.05100000000004,135.6306
6816.5,380.174,134.73590000000002
6816.75,377.806,131.0147
6817.0,392.55499999999995,133.8828
6817.25,389.881,121.11429999999999
6817.5,376.33599999999996,118.21900000000001
6817.75,380.078,121.3674
6818.0,379.667,124.71379999999999
6818.25,386.25600000000003,127.8527
6818.5,371.945,125.0935
6818.75,367.469,127.88829999999999
6819.0,361.074,123.3006
6819.25,360.371,124.40459999999999
6819.5,356.67100000000005,124.07730000000001
6819.75,359.339,122.5035
6820.0,344.93399999999997,122.77879999999999
6820.25,348.71999999999997,126.47640000000001
6820.5,348.449,124.44
6820.75,336.339,122.85470000000001
6821.0,331.18600000000004,120.15379999999999
6821.25,318.05899999999997,118.77250000000001
6821.5,341.803,126.2849
6821.75,328.374,125.02550000000001
6822.0,322.948,128.209
6822.25,320.66999999999996,132.66219999999998
6822.5,312.852,123.9003
6822.75,307.308,116.0685
6823.0,304.197,114.20769999999999
6823.25,304.086,109.36930000000001
6823.5,319.612,109.27489999999999
6823.75,321.843,111.1784
6824.0,285.25109999999995,112.81630000000001
6824.25,291.7,111.1305
6824.5,307.296,112.34179999999999
6824.75,355.52000000000004,118.1234
6825.0,364.773,117.3456
6825.25,392.33299999999997,118.2769
6825.5,407.852,117.1206
6825.75,415.313,121.4161
6826.0,398.174,121.7618
6826.25,398.024,118.71379999999999
6826.5,357.953,116.37259999999998
6826.75,373.688,114.8554
6827.0,386.582,117.4527
6827.25,398.762,118.1962
6827.5,424.341,124.9139
6827.75,421.67600000000004,123.72129999999999
6828.0,410.92999999999995,123.0097
6828.25,420.677,116.70669999999998
6828.5,413.561,123.0482
6828.75,386.116,117.2278
6829.0,339.712,115.2152
6829.25,379.384,118.941
6829.5,395.866,123.7338
6829.75,415.688,121.9625
6830.0,417.02600000000007,127.26539999999999
6830.25,392.063,125.5163
6830.5,391.77099999999996,129.8158
6830.75,406.21000000000004,131.1282
6831.0,421.43899999999996,134.28320000000002
6831.25,424.27,132.3279
6831.5,376.549,123.5951
6831.75,377.197,117.3057
6832.0,373.915,113.7131
6832.25,383.05999999999995,117.44909999999999
6832.5,369.12399999999997,113.4824
6832.75,386.779,121.96189999999999
6833.0,399.308,129.7548
6833.25,438.70099999999996,132.6688
6833.5,463.664,142.7474
6833.75,437.081,137.2762
6834.0,444.02,130.8733
6834.25,433.508,137.5844
6834.5,422.21599999999995,132.0234
6834.75,421.912,129.4779
6835.0,462.60400000000004,132.8628
6835.25,511.493,129.29500000000002
6835.5,535.413,133.20239999999998
6835.75,525.066,127.3763
6836.0,562.463,129.0268
6836.25,546.43,130.13819999999998
6836.5,532.077,126.20179999999999
6836.75,502.421,131.6362
6837.0,512.48,128.1607
6837.25,505.34000000000003,127.55780000000001
6837.5,473.384,115.6747
6837.75,462.68100000000004,112.4716
6838.0,469.591,109.24889999999999
6838.25,486.308,119.8922
6838.5,449.792,122.1396
6838.75,436.369,115.73039999999999
6839.0,437.329,116.94
6839.25,403.30699999999996,114.4229
6839.5,419.409,118.7191
6839.75,415.73299999999995,119.5634
6840.0,398.6,116.4021
6840.25,396.96400000000006,114.6464
6840.5,395.49800000000005,121.3489
6840.75,394.712,122.8027
6841.0,400.34700000000004,120.88730000000001
6841.25,405.44500000000005,125.06209999999999
6841.5,401.972,128.1335
6841.75,400.493,128.3102
6842.0,401.644,124.30100000000002
6842.25,413.32399999999996,126.26379999999999
6842.5,414.167,126.2474
6842.75,389.557,122.3406
6843.0,403.784,124.5051
6843.25,378.65,122.7456
6843.5,378.44,125.47799999999998
6843.75,367.05600000000004,128.299
6844.0,347.709,125.2235
6844.25,348.164,125.46480000000001
6844.5,339.332,127.0817
6844.75,342.46700000000004,126.9518
6845.0,360.614,128.57049999999998
6845.25,374.558,129.17340000000002
6845.5,367.51,125.99090000000001
6845.75,348.91499999999996,122.45670000000001
6846.0,384.49800000000005,125.3758
6846.25,409.87699999999995,127.7704
6846.5,409.696,130.75
6846.75,477.89200000000005,138.5785
6847.0,487.475,136.0978
6847.25,585.78,159.47039999999998
6847.5,566.177,136.9276
6847.75,550.184,135.8817
6848.0,536.996,136.3635
6848.25,578.952,144.9759
6848.5,583.215,141.5074
6848.75,569.7719999999999,146.0807
6849.0,614.061,151.2065
6849.25,582.828,149.0722
6849.5,612.927,148.26729999999998
6849.75,587.931,153.51170000000002
6850.0,594.746,139.66019999999997
6850.25,719.695,179.4078
6850.5,585.42,144.8958
6850.75,616.689,148.5302
6851.0,646.323,161.0052
6851.25,661.605,150.7046
6851.5,696.774,165.2683
6851.75,697.539,163.1686
6852.0,690.0840000000001,161.53719999999998
6852.25,657.885,151.4406
6852.5,658.255,147.0725
6852.75,649.401,149.6632
6853.0,606.999,146.7297
6853.25,600.309,145.7466
6853.5,614.138,151.2054
6853.75,588.303,156.5435
6854.0,656.697,165.8456
6854.25,708.676,177.67170000000002
6854.5,835.326,222.3256
6854.75,828.768,223.5852
6855.0,615.909,142.38049999999998
6855.25,893.4759999999999,231.1474
6855.5,779.2049999999999,215.44050000000001
6855.75,797.3820000000001,222.67159999999998
6856.0,603.189,152.9312
6856.25,832.6089999999999,222.5359
6856.5,599.1750000000001,148.20319999999998
6856.75,533.04,143.4963
6857.0,632.174,194.1884
6857.25,550.257,137.8726
6857.5,557.275,142.07219999999998
6857.75,569.226,146.7847
6858.0,693.778,194.67220000000003
6858.25,582.278,141.3817
6858.5,665.297,181.5944
6858.75,616.832,141.1907
6859.0,643.4830000000001,148.0601
6859.25,614.903,138.7754
6859.5,574.2719999999999,139.5529
6859.75,581.306,134.0365
6860.0,623.8779999999999,139.8962
6860.25,740.138,209.97750000000002
6860.5,554.783,137.73969999999997
6860.75,758.012,218.4216
6861.0,540.611,134.1863
6861.25,554.1289999999999,135.21359999999999
6861.5,555.077,126.9017
6861.75,528.884,122.24520000000001
6862.0,511.55,120.35409999999999
6862.25,487.262,123.9665
6862.5,489.48699999999997,123.9942
6862.75,496.536,121.36089999999999
6863.0,491.80699999999996,125.6701
6863.25,470.93000000000006,124.15519999999998
6863.5,470.27599999999995,125.41929999999999
6863.75,426.236,126.024
6864.0,409.967,122.6659
6864.25,415.74800000000005,129.0105
6864.5,390.61699999999996,117.94539999999999
6864.75,383.63800000000003,114.43450000000001
6865.0,370.649,117.02539999999999
6865.25,365.94100000000003,115.7292
6865.5,393.581,122.1319
6865.75,361.573,131.3537
6866.0,392.776,132.831
6866.25,427.648,126.1936
6866.5,417.68899999999996,126.5075
6866.75,413.37699999999995,126.6474
6867.0,406.84299999999996,125.0024
6867.25,392.488,120.63069999999999
6867.5,380.102,121.5291
6867.75,345.889,121.5029
6868.0,347.825,121.6231
6868.25,352.76,121.9941
6868.5,344.31600000000003,119.4827
6868.75,325.911,119.51249999999999
6869.0,335.231,120.21470000000001
6869.25,333.69800000000004,117.15630000000002
6869.5,342.76300000000003,118.74600000000001
6869.75,346.553,119.6233
6870.0,359.84000000000003,123.18199999999999
6870.25,372.135,118.77949999999998
6870.5,432.53200000000004,124.16659999999999
6870.75,476.726,126.1515
6871.0,490.381,125.40670000000001
6871.25,611.636,144.7422
6871.5,571.105,123.0019
6871.75,581.5889999999999,135.4957
6872.0,544.81,132.1924
6872.25,561.69,125.17000000000002
6872.5,584.656,133.2271
6872.75,623.3720000000001,134.7107
6873.0,659.565,138.5967
6873.25,778.7760000000001,178.3843
6873.5,676.356,139.3981
6873.75,715.861,133.0374
6874.0,828.609,190.2611
6874.25,705.101,131.2652
6874.5,660.9780000000001,143.093
6874.75,807.8530000000001,183.4543
6875.0,727.0360000000001,146.4595
6875.25,908.094,207.8639
6875.5,762.669,145.69799999999998
6875.75,743.4100000000001,144.17929999999998
6876.0,733.568,152.7956
6876.25,768.2020000000001,160.15720000000002
6876.5,716.984,151.48000000000002
6876.75,699.611,151.431
6877.0,674.067,152.2971
6877.25,655.2059999999999,148.3352
6877.5,601.056,138.7295
6877.75,584.183,130.44459999999998
6878.0,613.132,137.65980000000002
6878.25,624.509,139.6753
6878.5,594.379,134.9504
6878.75,539.484,135.00570000000002
6879.0,564.17,135.879
6879.25,860.038,160.2683
6879.5,803.617,210.07110000000003
6879.75,547.883,137.5496
6880.0,817.9279999999999,219.40300000000002
6880.25,845.6219999999998,215.7419
6880.5,826.9050000000001,201.0025
6880.75,669.665,163.48590000000002
6881.0,646.946,157.4305
6881.25,710.806,191.58859999999999
6881.5,595.299,153.1815
6881.75,567.7439999999999,147.8212
6882.0,801.643,231.25390000000002
6882.25,623.927,145.7079
6882.5,589.9730000000001,137.91150000000002
6882.75,581.061,137.7961
6883.0,581.237,132.9588
6883.25,606.8190000000001,147.97050000000002
6883.5,578.9490000000001,149.476
6883.75,682.883,186.30329999999998
6884.0,584.25,139.32729999999998
6884.25,833.6469999999999,217.8488
6884.5,594.038,133.8202
6884.75,531.1099999999999,127.1736
6885.0,552.472,133.001
6885.25,627.596,139.78910000000002
6885.5,565.333,125.60929999999999
6885.75,617.816,155.8928
6886.0,671.046,187.4984
6886.25,532.996,127.1157
6886.5,528.589,124.4193
6886.75,541.883,131.20270000000002
6887.0,511.832,126.7448
6887.25,485.908,131.14749999999998
6887.5,459.515,131.0342
6887.75,458.70799999999997,133.2971
6888.0,418.72,128.3379
6888.25,418.60600000000005,125.0487
6888.5,409.961,127.11789999999999
6888.75,415.132,133.51
6889.0,423.03400000000005,135.1222
6889.25,393.194,132.5727
6889.5,399.08799999999997,134.1606
6889.75,390.99800000000005,137.0982
6890.0,422.852,131.4207
6890.25,450.56600000000003,130.234
6890.5,433.874,132.721
6890.75,426.148,130.9365
6891.0,453.83,130.8887
6891.25,440.952,131.5442
6891.5,421.72900000000004,130.3131
6891.75,385.10900000000004,126.94239999999999
6892.0,413.225,129.0852
6892.25,414.54499999999996,127.0598
6892.5,399.209,126.6909
6892.75,403.05100000000004,124.9125
6893.0,398.669,126.8034
6893.25,402.27699999999993,125.08670000000001
6893.5,403.703,127.1543
6893.75,421.37500000000006,125.04600000000002
6894.0,462.39799999999997,126.2584
6894.25,460.349,124.8373
6894.5,510.668,127.9851
6894.75,561.621,134.3056
6895.0,569.436,132.7808
6895.25,613.4540000000001,136.8673
6895.5,621.8879999999999,135.7259
6895.75,678.78,141.39530000000002
6896.0,664.17,136.2312
6896.25,666.258,141.9633
6896.5,700.8720000000001,139.1855
6896.75,769.951,147.26
6897.0,788.6700000000001,152.19279999999998
6897.25,887.2739999999999,188.66379999999998
6897.5,748.659,149.1977
6897.75,805.1499999999999,155.9528
6898.0,788.0739999999998,158.5321
6898.25,760.844,164.5171
6898.5,818.058,197.0321
6898.75,909.969,215.71570000000003
6899.0,863.9710000000001,157.8646
6899.25,868.7320000000001,162.6484
6899.5,890.8330000000001,172.8598
6899.75,853.7429999999999,179.4213
6900.0,1177.0339999999999,282.5911
6900.25,912.9300000000001,192.2113
6900.5,1038.622,240.054
6900.75,886.594,189.0251
6901.0,874.0889999999999,186.0048
6901.25,1022.6680000000001,206.00709999999998
6901.5,1117.7859999999998,203.3236
6901.75,845.587,189.2149
6902.0,845.983,209.1771
6902.25,876.7629999999999,181.1764
6902.5,822.9870000000001,177.57049999999998
6902.75,815.9669999999999,177.03410000000002
6903.0,977.116,229.0992
6903.25,813.2829999999999,175.6529
6903.5,824.206,178.7971
6903.75,833.473,172.54379999999998
6904.0,1127.9850000000001,291.1474
6904.25,853.9900000000001,175.98579999999998
6904.5,785.11,172.6779
6904.75,688.38,165.9229
6905.0,884.547,233.926
6905.25,692.31,162.4249
6905.5,693.3240000000001,159.2834
6905.75,682.01,158.17430000000002
6906.0,680.502,163.5894
6906.25,699.126,163.0365
6906.5,719.046,175.0462
6906.75,688.48,153.6308
6907.0,689.191,154.22899999999998
6907.25,704.874,175.55419999999998
6907.5,693.337,165.1748
6907.75,763.049,180.9764
6908.0,826.729,224.846
6908.25,703.9849999999999,177.3761
6908.5,692.2239999999999,167.0648
6908.75,816.724,236.5469
6909.0,562.418,137.5875
6909.25,574.9849999999999,131.6086
6909.5,551.783,130.1442
6909.75,521.2660000000001,130.8766
6910.0,556.261,137.9265
6910.25,532.892,131.0591
6910.5,522.188,142.7156
6910.75,493.709,140.7167
6911.0,515.741,141.2709
6911.25,502.874,136.8278
6911.5,487.118,142.27460000000002
6911.75,475.09099999999995,139.95669999999998
6912.0,448.28,122.323
6912.25,456.977,121.843
6912.5,436.637,114.33959999999999
6912.75,445.80499999999995,115.6462
6913.0,435.134,117.4902
6913.25,412.832,124.8887
6913.5,414.167,136.97480000000002
6913.75,405.25399999999996,137.8453
6914.0,421.105,137.7462
6914.25,410.937,141.7477
6914.5,433.667,140.019
6914.75,419.69500000000005,139.8256
6915.0,401.75300000000004,139.67510000000001
6915.25,411.397,143.3681
6915.5,391.96000000000004,139.0103
6915.75,379.40200000000004,139.7644
6916.0,375.733,137.09369999999998
6916.25,386.33500000000004,139.45929999999998
6916.5,373.619,136.1352
6916.75,407.79499999999996,137.2537
6917.0,386.836,134.8438
6917.25,381.445,134.27089999999998
6917.5,377.192,136.0629
6917.75,380.105,138.8408
6918.0,389.53700000000003,142.5048
6918.25,470.13300000000004,146.1613
6918.5,514.298,140.76479999999998
6918.75,548.2429999999999,147.54680000000002
6919.0,581.4580000000001,150.87990000000002
6919.25,576.137,141.3172
6919.5,605.922,142.3522
6919.75,614.4549999999999,138.4629
6920.0,699.612,172.1688
6920.25,746.748,191.8158
6920.5,677.721,144.1693
6920.75,693.8340000000001,154.5748
6921.0,693.133,156.59789999999998
6921.25,672.21,146.23590000000002
6921.5,668.482,144.0269
6921.75,730.6800000000001,162.9432
6922.0,685.6659999999999,142.0872
6922.25,693.24,139.9778
6922.5,660.78,137.82389999999998
6922.75,652.224,133.59199999999998
6923.0,708.1179999999999,136.4236
6923.25,757.2660000000001,161.5889
6923.5,689.683,146.2981
6923.75,679.939,145.1094
6924.0,674.063,140.1269
6924.25,681.031,147.8828
6924.5,722.178,149.0509
6924.75,694.484,152.9299
6925.0,669.117,149.3117
6925.25,640.809,136.2455
6925.5,630.3530000000001,140.8474
6925.75,633.163,134.161
6926.0,896.8969999999999,228.0509
6926.25,601.045,133.6701
6926.5,998.659,248.9458
6926.75,975.5409999999999,242.7265
6927.0,676.442,150.9504
6927.25,840.0819999999999,153.2126
6927.5,571.851,130.5054
6927.75,652.848,158.3481
6928.0,973.3199999999999,257.7287
6928.25,612.489,137.72050000000002
6928.5,612.655,137.5523
6928.75,580.836,140.0083
6929.0,568.818,143.1691
6929.25,860.143,167.81709999999998
6929.5,601.2719999999999,149.111
6929.75,830.7089999999998,216.1046
6930.0,643.121,148.02460000000002
6930.25,620.9369999999999,140.0229
6930.5,767.832,202.13529999999997
6930.75,605.192,134.092
6931.0,734.563,176.7302
6931.25,648.108,144.0571
6931.5,660.361,149.2971
6931.75,626.231,149.197
6932.0,623.6419999999999,148.19050000000001
6932.25,536.155,139.7364
6932.5,617.729,148.8896
6932.75,544.078,140.97390000000001
6933.0,540.755,133.7456
6933.25,540.062,132.7429
6933.5,507.85999999999996,132.2016
6933.75,481.85900000000004,128.074
6934.0,519.515,131.3513
6934.25,545.656,131.8984
6934.5,504.76099999999997,131.5708
6934.75,511.547,136.811
6935.0,467.33,132.7628
6935.25,473.10800000000006,124.99259999999998
6935.5,483.47900000000004,132.92849999999999
6935.75,445.55600000000004,131.0986
6936.0,399.563,124.2964
6936.25,387.64300000000003,124.9436
6936.5,416.558,126.2647
6936.75,413.75199999999995,123.386
6937.0,420.817,116.26930000000002
6937.25,429.808,117.3476
6937.5,401.006,116.8618
6937.75,418.72900000000004,121.7091
6938.0,393.53499999999997,120.17590000000001
6938.25,387.374,125.8072
6938.5,396.725,124.1169
6938.75,370.214,124.8337
6939.0,357.98,127.1877
6939.25,359.85699999999997,129.7963
6939.5,371.756,127.8596
6939.75,391.406,127.1862
6940.0,393.097,127.47820000000002
6940.25,389.13699999999994,129.9588
6940.5,377.269,128.8274
6940.75,367.306,126.67599999999999
6941.0,370.409,129.05689999999998
6941.25,371.88,126.03190000000001
6941.5,369.35900000000004,127.7453
6941.75,377.23699999999997,123.6189
6942.0,272.5623,120.1609
6942.25,23.93383,54.225
6942.5,23.94228,54.29509999999999
6942.75,23.94231,54.29509999999999
6943.0,23.94231,54.29509999999999
6943.25,23.94231,54.29509999999999
6943.5,23.94231,54.29509999999999
6943.75,23.94231,54.29509999999999
6944.0,23.94231,54.29509999999999
6944.25,23.94231,54.29509999999999
6944.5,23.94231,54.29509999999999
6944.75,23.94231,54.29509999999999
6945.0,23.94231,54.29509999999999
6945.25,23.94231,54.29509999999999
6945.5,23.94231,54.29509999999999
6945.75,448.784,144.0859
6946.0,586.734,173.8995
6946.25,618.536,173.797
6946.5,587.521,161.6909
6946.75,593.6220000000001,149.3735
6947.0,603.111,150.2212
6947.25,643.1610000000001,159.0469
6947.5,666.684,163.41570000000002
6947.75,679.152,163.7758
6948.0,649.8870000000001,162.7739
6948.25,621.621,162.4445
6948.5,649.365,158.17340000000002
6948.75,667.989,152.75130000000001
6949.0,647.664,147.2389
6949.25,621.4849999999999,142.2512
6949.5,612.37,151.1037
6949.75,608.304,142.5294
6950.0,620.241,140.9033
6950.25,627.331,140.95180000000002
6950.5,602.346,149.24020000000002
6950.75,709.383,193.2108
6951.0,781.596,227.6596
6951.25,758.163,212.6387
6951.5,712.98,206.2751
6951.75,699.194,201.0935
6952.0,682.815,196.18079999999998
6952.25,659.163,188.45929999999998
6952.5,662.136,178.3069
6952.75,706.383,187.1944
6953.0,692.454,189.7749
6953.25,776.376,193.49470000000002
6953.5,760.596,192.962
6953.75,791.844,212.61700000000002
6954.0,762.619,200.9599
6954.25,765.043,199.2451
6954.5,746.854,193.3383
6954.75,788.6379999999999,197.357
6955.0,798.177,199.14000000000001
6955.25,746.389,190.47750000000002
6955.5,717.337,185.1047
6955.75,758.296,193.2256
6956.0,692.7349999999999,176.9981
6956.25,495.39799999999997,125.4143
6956.5,512.627,125.5928
6956.75,509.546,128.1213
6957.0,490.83500000000004,125.28630000000001
6957.25,478.9440000000001,117.13510000000001
6957.5,463.061,119.1514
6957.75,452.918,116.8881
6958.0,434.745,118.89340000000001
6958.25,466.481,121.3766
6958.5,449.765,121.8014
6958.75,466.38199999999995,127.9349
6959.0,461.0880000000001,121.70850000000002
6959.25,419.444,122.0743
6959.5,429.03200000000004,128.45409999999998
6959.75,431.0880000000001,129.8056
6960.0,429.48800000000006,135.4144
6960.25,401.005,138.1213
6960.5,366.528,128.6907
6960.75,373.416,128.187
6961.0,367.414,132.3066
6961.25,351.38,124.8288
6961.5,343.478,120.99099999999999
6961.75,345.14300000000003,117.43010000000001
6962.0,332.83000000000004,117.91130000000001
6962.25,356.707,123.4734
6962.5,377.341,125.58869999999999
6962.75,359.031,122.45660000000001
6963.0,350.186,117.9719
6963.25,337.018,121.8392
6963.5,332.379,119.3304
6963.75,334.822,119.83879999999999
6964.0,329.539,117.72970000000001
6964.25,311.982,113.4707
6964.5,316.08500000000004,114.27449999999999
6964.75,316.66499999999996,113.9307
6965.0,313.63300000000004,122.2371
6965.25,326.499,124.64320000000001
6965.5,336.851,118.2995
6965.75,344.331,123.3923
6966.0,347.955,131.6427
6966.25,342.568,130.3896
6966.5,368.453,133.09050000000002
6966.75,375.849,134.26440000000002
6967.0,379.725,134.6889
6967.25,380.18,133.3512
6967.5,393.15000000000003,135.4724
6967.75,388.95799999999997,139.8496
6968.0,386.395,137.6839
6968.25,429.63200000000006,143.71
6968.5,428.72799999999995,144.35109999999997
6968.75,429.16099999999994,144.3433
6969.0,420.33500000000004,137.3385
6969.25,434.73800000000006,134.1962
6969.5,441.73299999999995,135.802
6969.75,466.49,140.82240000000002
6970.0,516.3230000000001,140.3912
6970.25,453.029,133.9845
6970.5,449.092,132.0429
6970.75,430.64599999999996,132.1902
6971.0,462.48800000000006,133.4847
6971.25,471.224,137.606
6971.5,478.061,139.28680000000003
6971.75,475.663,142.7224
6972.0,463.4,139.857
6972.25,464.831,141.57240000000002
6972.5,456.69800000000004,145.7077
6972.75,468.30600000000004,141.3954
6973.0,396.71599999999995,129.1997
6973.25,432.874,133.1227
6973.5,410.56399999999996,135.9475
6973.75,408.60400000000004,135.20749999999998
6974.0,450.95399999999995,138.3836
6974.25,462.33500000000004,140.012
6974.5,468.92499999999995,138.9708
6974.75,455.845,140.5362
6975.0,434.23400000000004,143.2858
6975.25,488.774,144.86520000000002
6975.5,443.183,143.0936
6975.75,455.56999999999994,143.413
6976.0,484.406,141.4225
6976.25,454.11,141.10469999999998
6976.5,455.399,143.8665
6976.75,469.28599999999994,139.19940000000003
6977.0,477.75199999999995,139.3399
6977.25,493.92400000000004,130.9278
6977.5,506.246,132.8277
6977.75,513.5079999999999,134.316
6978.0,493.58899999999994,129.70319999999998
6978.25,449.616,129.4122
6978.5,472.745,127.90639999999999
6978.75,473.366,123.283
6979.0,487.98,119.7569
6979.25,478.389,115.8977
6979.5,505.377,115.7586
6979.75,484.298,114.4784
6980.0,487.53400000000005,118.3751
6980.25,479.347,120.24279999999999
6980.5,438.827,114.24109999999999
6980.75,444.177,117.36519999999999
6981.0,457.019,119.8503
6981.25,430.999,120.54060000000001
6981.5,425.42600000000004,123.7083
6981.75,434.692,118.7079
6982.0,420.93199999999996,115.457
6982.25,403.21399999999994,112.88470000000001
6982.5,392.91499999999996,113.7395
6982.75,384.515,110.9602
6983.0,397.77099999999996,115.0513
6983.25,380.277,112.464
6983.5,388.10900000000004,113.2154
6983.75,385.94999999999993,112.1752
6984.0,375.494,112.43519999999998
6984.25,362.33299999999997,113.22219999999999
6984.5,346.422,115.6426
6984.75,346.51,114.63210000000001
6985.0,365.58299999999997,115.5152
6985.25,333.65200000000004,113.88990000000001
6985.5,332.551,116.93010000000001
6985.75,344.604,119.0926
6986.0,351.991,118.681
6986.25,331.373,115.93119999999999
6986.5,336.76,116.02709999999999
6986.75,325.149,117.4174
6987.0,309.44100000000003,114.2491
6987.25,309.619,111.23709999999998
6987.5,309.267,113.292
6987.75,314.042,114.88920000000002
6988.0,303.374,114.38430000000001
6988.25,310.116,114.67320000000001
6988.5,306.623,111.89940000000001
6988.75,304.365,112.0927
6989.0,295.7398,111.61670000000001
6989.25,309.31600000000003,109.9264
6989.5,308.32,112.4371
6989.75,310.91999999999996,111.4649
6990.0,294.3514,113.5439
6990.25,283.46959999999996,115.36619999999999
6990.5,279.5594,111.8169
6990.75,275.5211,106.6859
6991.0,279.9128,107.39779999999999
6991.25,308.832,110.1856
6991.5,311.945,123.2171
6991.75,320.997,123.93020000000001
6992.0,338.606,124.0934
6992.25,360.146,127.48669999999998
6992.5,350.417,127.34510000000002
6992.75,356.30899999999997,124.757
6993.0,346.18399999999997,123.9495
6993.25,349.13599999999997,120.8487
6993.5,364.904,120.1143
6993.75,373.772,121.4497
6994.0,409.68399999999997,121.6491
6994.25,358.081,117.3942
6994.5,306.779,107.93289999999999
6994.75,294.3363,99.39189999999999
6995.0,357.95500000000004,99.41959999999999
6995.25,369.41,102.0762
6995.5,380.216,108.9511
6995.75,417.51800000000003,107.39089999999999
6996.0,405.64300000000003,106.539
6996.25,422.76800000000003,108.6017
6996.5,420.073,111.11930000000001
6996.75,423.857,110.02329999999999
6997.0,370.538,108.4709
6997.25,374.921,108.83169999999998
6997.5,410.27299999999997,111.47370000000001
6997.75,403.054,109.4949
6998.0,374.924,108.82350000000001
6998.25,374.915,110.5453
6998.5,369.253,109.7775
6998.75,380.70799999999997,111.09459999999999
6999.0,381.799,114.16649999999998
6999.25,362.307,114.1889
6999.5,355.421,114.52820000000001
6999.75,353.81399999999996,115.45
7000.0,379.78299999999996,113.00649999999999
7000.25,361.536,109.12219999999999
7000.5,409.759,113.37180000000001
7000.75,432.635,111.1372
7001.0,413.548,109.48830000000001
7001.25,380.481,107.9082
7001.5,417.742,108.5455
7001.75,424.274,106.90960000000001
7002.0,441.116,111.44050000000001
7002.25,443.46500000000003,115.3116
7002.5,451.145,111.0467
7002.75,512.268,112.44019999999999
7003.0,517.718,115.3469
7003.25,511.446,113.6439
7003.5,524.333,120.8206
7003.75,541.199,117.9487
7004.0,534.7439999999999,116.54069999999999
7004.25,523.271,118.4229
7004.5,509.62300000000005,119.0234
7004.75,456.01599999999996,112.6104
7005.0,437.50399999999996,114.6584
7005.25,473.59400000000005,117.06199999999998
7005.5,501.135,124.79579999999999
7005.75,452.759,119.00220000000002
7006.0,457.552,115.79670000000002
7006.25,489.115,122.4434
7006.5,469.564,115.82289999999999
7006.75,471.26,114.61059999999999
7007.0,463.082,123.02350000000001
7007.25,458.401,121.449
7007.5,442.94500000000005,122.3143
7007.75,445.783,125.0956
7008.0,438.46999999999997,124.70930000000001
7008.25,433.30400000000003,124.50809999999998
7008.5,404.689,124.5302
7008.75,402.5,118.3021
7009.0,416.558,118.5394
7009.25,369.598,113.48
7009.5,373.159,114.4625
7009.75,366.478,115.9096
7010.0,389.15099999999995,116.1471
7010.25,376.928,115.2243
7010.5,376.544,118.57730000000001
7010.75,361.44,114.8355
7011.0,354.356,114.0319
7011.25,343.188,113.292
7011.5,338.634,115.3401
7011.75,336.814,116.12639999999999
7012.0,340.51300000000003,112.4916
7012.25,349.118,115.15809999999999
7012.5,343.248,115.71289999999999
7012.75,337.09799999999996,114.37190000000001
7013.0,342.482,114.77609999999999
7013.25,364.30400000000003,118.30400000000002
7013.5,352.923,117.74660000000002
7013.75,364.647,119.67319999999998
7014.0,393.797,119.3297
7014.25,408.245,118.80210000000001
7014.5,448.118,121.8834
7014.75,450.69499999999994,125.4837
7015.0,465.21799999999996,129.0667
7015.25,528.551,133.05859999999998
7015.5,572.442,138.4609
7015.75,580.9559999999999,141.0224
7016.0,533.0540000000001,141.0447
7016.25,563.268,143.7817
7016.5,593.037,140.4361
7016.75,580.443,136.1186
7017.0,617.0550000000001,132.7577
7017.25,616.2,135.18349999999998
7017.5,572.154,124.1664
7017.75,593.337,133.90689999999998
7018.0,578.223,125.61869999999999
7018.25,616.395,127.626
7018.5,573.3679999999999,124.01429999999999
7018.75,614.667,130.6929
7019.0,635.718,127.576
7019.25,637.071,129.089
7019.5,684.8050000000001,134.6831
7019.75,688.455,138.5292
7020.0,672.789,140.8117
7020.25,662.0429999999999,145.2966
7020.5,688.227,144.1653
7020.75,711.9449999999999,154.18060000000003
7021.0,666.739,142.8179
7021.25,637.002,150.4533
7021.5,606.189,144.8603
7021.75,576.65,141.0542
7022.0,607.962,148.8908
7022.25,621.2280000000001,148.8349
7022.5,564.681,142.0994
7022.75,533.354,141.70749999999998
7023.0,534.5989999999999,129.73569999999998
7023.25,536.361,138.4672
7023.5,554.985,145.26330000000002
7023.75,591.432,152.7782
7024.0,579.082,151.14679999999998
7024.25,596.6759999999999,151.6396
7024.5,548.2139999999999,150.52779999999998
7024.75,561.969,150.3626
7025.0,529.5029999999999,146.5093
7025.25,532.893,135.1837
7025.5,530.052,132.0332
7025.75,560.021,138.93560000000002
7026.0,514.614,127.8986
7026.25,574.018,131.1039
7026.5,527.165,129.7758
7026.75,538.886,138.8329
7027.0,566.304,134.8182
7027.25,616.532,133.4488
7027.5,643.634,126.7351
7027.75,664.383,133.38940000000002
7028.0,652.6179999999999,135.8559
7028.25,603.236,131.0697
7028.5,603.172,131.6872
7028.75,575.685,130.049
7029.0,569.609,130.7203
7029.25,591.9490000000001,135.37669999999997
7029.5,545.6469999999999,124.54429999999999
7029.75,604.313,130.1181
7030.0,556.348,127.60329999999999
7030.25,526.298,122.97489999999999
7030.5,515.395,121.56580000000001
7030.75,489.26,121.1672
7031.0,511.631,123.6438
7031.25,488.456,126.0746
7031.5,446.01,123.5983
7031.75,434.297,119.6826
7032.0,449.548,121.7725
7032.25,429.901,126.8553
7032.5,395.554,123.3114
7032.75,388.25300000000004,119.266
7033.0,369.673,118.68140000000001
7033.25,402.699,129.6226
7033.5,424.145,128.5581
7033.75,406.697,124.10149999999999
7034.0,424.58299999999997,126.0544
7034.25,398.26699999999994,122.4277
7034.5,374.57,123.1823
7034.75,354.801,120.79569999999998
7035.0,351.121,121.6291
7035.25,337.447,118.43790000000001
7035.5,336.65200000000004,117.79429999999999
7035.75,337.59000000000003,118.80210000000001
7036.0,373.406,120.03
7036.25,379.23,116.07339999999999
7036.5,369.008,113.1387
7036.75,376.14300000000003,115.21159999999998
7037.0,366.444,110.8004
7037.25,384.017,117.2132
7037.5,358.671,124.49939999999998
7037.75,347.84000000000003,121.4848
7038.0,351.26300000000003,118.1902
7038.25,424.46599999999995,119.3099
7038.5,452.279,125.8341
7038.75,466.256,128.3881
7039.0,538.423,138.885
7039.25,561.279,139.59789999999998
7039.5,564.412,140.45520000000002
7039.75,606.768,143.2416
7040.0,606.574,139.4226
7040.25,603.639,141.5851
7040.5,631.2719999999999,147.5422
7040.75,632.2860000000001,147.051
7041.0,690.267,144.79739999999998
7041.25,660.8340000000001,148.41629999999998
7041.5,640.4250000000001,141.19050000000001
7041.75,648.3430000000001,142.61880000000002
7042.0,616.047,141.6051
7042.25,678.211,150.9721
7042.5,635.667,145.431
7042.75,661.5,147.7352
7043.0,729.481,152.506
7043.25,753.1179999999999,152.2977
7043.5,747.841,153.0726
7043.75,733.253,146.3604
7044.0,740.0699999999999,150.8547
7044.25,751.023,151.03969999999998
7044.5,750.913,156.92929999999998
7044.75,760.5219999999999,152.1461
7045.0,707.828,145.3512
7045.25,656.697,143.7274
7045.5,639.633,143.957
7045.75,667.6600000000001,148.2149
7046.0,650.303,146.4755
7046.25,639.049,144.57139999999998
7046.5,642.903,141.1161
7046.75,617.9659999999999,147.166
7047.0,650.281,146.46730000000002
7047.25,611.73,140.91580000000002
7047.5,644.526,139.6748
7047.75,660.064,145.2198
7048.0,678.749,144.5257
7048.25,776.599,168.40460000000002
7048.5,785.299,175.89589999999998
7048.75,689.7090000000001,166.8741
7049.0,669.231,165.6454
7049.25,666.495,162.0085
7049.5,709.694,174.6062
7049.75,687.5840000000001,169.9985
7050.0,722.547,167.8366
7050.25,621.68,153.34120000000001
7050.5,644.196,151.2622
7050.75,679.669,158.8792
7051.0,712.218,159.3388
7051.25,690.496,165.1913
7051.5,693.108,158.5691
7051.75,670.8199999999999,151.4963
7052.0,696.784,151.5521
7052.25,672.174,154.2966
7052.5,658.748,154.1975
7052.75,674.188,163.12740000000002
7053.0,659.143,167.35500000000002
7053.25,662.0840000000001,169.747
7053.5,665.0229999999999,160.24790000000002
7053.75,612.394,144.9059
7054.0,619.717,145.92860000000002
7054.25,607.928,150.63
7054.5,621.781,142.1184
7054.75,577.085,130.0636
7055.0,542.477,130.4196
7055.25,490.97900000000004,124.17
7055.5,464.50100000000003,125.91050000000001
7055.75,479.66600000000005,126.1836
7056.0,423.779,112.8135
7056.25,423.451,114.5541
7056.5,444.33500000000004,112.86519999999999
7056.75,438.22499999999997,122.53999999999999
7057.0,414.23,120.25290000000001
7057.25,377.806,116.39579999999998
7057.5,382.574,124.7034
7057.75,385.586,129.7477
7058.0,429.437,132.0693
7058.25,420.55699999999996,130.53629999999998
7058.5,406.42999999999995,128.3867
7058.75,395.6,126.5199
7059.0,374.93399999999997,126.60589999999999
7059.25,373.127,128.0173
7059.5,358.619,134.26
7059.75,351.164,132.9947
7060.0,351.71000000000004,123.9837
7060.25,370.06,125.57819999999998
7060.5,362.693,123.56890000000001
7060.75,356.16200000000003,126.4453
7061.0,363.595,128.9125
7061.25,359.04999999999995,127.2508
7061.5,363.223,128.5402
7061.75,349.029,125.67540000000001
7062.0,376.97900000000004,124.6161
7062.25,415.07599999999996,133.10899999999998
7062.5,431.26300000000003,131.842
7062.75,443.965,131.2126
7063.0,507.86799999999994,135.0294
7063.25,538.604,135.0322
7063.5,551.549,142.49259999999998
7063.75,500.185,127.47229999999999
7064.0,521.32,122.51910000000001
7064.25,533.1869999999999,117.368
7064.5,557.394,125.89330000000001
7064.75,602.0429999999999,136.4365
7065.0,641.5350000000001,146.0004
7065.25,633.351,141.99970000000002
7065.5,646.95,146.9792
7065.75,649.081,140.2039
7066.0,605.919,142.2394
7066.25,673.6800000000001,141.9496
7066.5,563.1569999999999,133.2813
7066.75,636.099,145.9986
7067.0,650.5029999999999,136.17579999999998
7067.25,684.9590000000001,143.05349999999999
7067.5,695.0129999999999,147.8356
7067.75,702.925,149.6693
7068.0,700.809,152.3407
7068.25,743.415,160.0497
7068.5,698.222,157.77609999999999
7068.75,652.152,156.75560000000002
7069.0,663.606,157.5433
7069.25,615.979,151.49079999999998
7069.5,618.188,151.2699
7069.75,618.904,155.0488
7070.0,606.242,154.862
7070.25,601.615,151.8197
7070.5,573.6669999999999,147.6447
7070.75,589.896,143.28750000000002
7071.0,559.063,139.7045
7071.25,580.136,134.0584
7071.5,571.6030000000001,135.44830000000002
7071.75,560.333,136.3275
7072.0,563.029,134.99360000000001
7072.25,556.256,143.9355
7072.5,528.717,144.57639999999998
7072.75,560.986,144.4142
7073.0,535.808,146.4465
7073.25,518.2620000000001,141.1762
7073.5,533.142,144.4101
7073.75,552.492,148.75549999999998
7074.0,535.814,146.1787
7074.25,576.186,147.2314
7074.5,527.5699999999999,130.59269999999998
7074.75,576.689,132.929
7075.0,579.725,141.9023
7075.25,609.044,139.03230000000002
7075.5,636.351,135.4829
7075.75,611.119,131.4643
7076.0,586.275,130.0677
7076.25,544.967,135.314
7076.5,595.8109999999999,144.2708
7076.75,598.456,148.6523
7077.0,557.609,135.5245
7077.25,591.116,144.1351
7077.5,565.925,137.7854
7077.75,537.704,133.0196
7078.0,516.101,143.3611
7078.25,542.018,146.2506
7078.5,540.809,148.347
7078.75,517.321,132.0384
7079.0,487.38,135.1471
7079.25,482.80400000000003,135.0531
7079.5,502.321,135.9863
7079.75,464.60900000000004,130.26260000000002
7080.0,432.01800000000003,132.5159
7080.25,414.66200000000003,131.332
7080.5,396.658,128.5317
7080.75,401.404,132.0033
7081.0,390.331,136.317
7081.25,391.03000000000003,137.9976
7081.5,381.88300000000004,138.4136
7081.75,372.991,135.04240000000001
7082.0,372.869,134.3527
7082.25,380.822,134.2961
7082.5,382.722,136.0854
7082.75,369.94800000000004,133.3101
7083.0,366.35,134.0655
7083.25,364.535,134.9002
7083.5,369.931,137.406
7083.75,362.794,137.3967
7084.0,374.71700000000004,127.84060000000001
7084.25,378.553,125.6765
7084.5,380.554,125.6117
7084.75,370.0,125.62959999999998
7085.0,355.876,123.6429
7085.25,366.14300000000003,127.50040000000001
7085.5,362.20099999999996,129.1012
7085.75,335.81500000000005,121.9196
7086.0,342.671,115.9327
7086.25,391.385,118.92339999999999
7086.5,404.171,121.064
7086.75,482.06800000000004,128.4214
7087.0,507.628,124.6177
7087.25,567.609,129.3694
7087.5,589.14,132.6646
7087.75,587.679,133.77999999999997
7088.0,583.947,128.9408
7088.25,623.592,125.75450000000001
7088.5,639.882,124.18440000000001
7088.75,699.943,134.7212
7089.0,722.276,139.6996
7089.25,685.758,131.5894
7089.5,710.7850000000001,129.0875
7089.75,762.2529999999999,136.90019999999998
7090.0,728.5540000000001,137.0402
7090.25,712.3629999999999,135.1587
7090.5,738.508,138.6234
7090.75,746.116,136.7555
7091.0,834.1,134.5584
7091.25,792.904,144.8578
7091.5,785.3009999999999,153.46519999999998
7091.75,824.455,155.2827
7092.0,820.97,151.8831
7092.25,792.133,148.8775
7092.5,774.4900000000001,143.0282
7092.75,753.873,147.4053
7093.0,728.825,146.5774
7093.25,721.075,150.77460000000002
7093.5,724.6659999999999,146.602
7093.75,735.177,145.13260000000002
7094.0,763.4290000000001,149.86520000000002
7094.25,795.5350000000001,152.9443
7094.5,790.336,151.4264
7094.75,709.721,146.4984
7095.0,709.945,145.0884
7095.25,712.772,150.7627
7095.5,711.829,143.49179999999998
7095.75,740.014,147.12099999999998
7096.0,740.587,145.7254
7096.25,712.987,147.8099
7096.5,731.239,153.01010000000002
7096.75,721.907,154.5083
7097.0,698.779,167.1184
7097.25,671.1610000000001,157.0758
7097.5,660.987,164.4487
7097.75,633.537,166.68110000000001
7098.0,682.428,172.6748
7098.25,683.22,167.6207
7098.5,633.7429999999999,160.66809999999998
7098.75,650.02,158.12380000000002
7099.0,669.551,160.5897
7099.25,673.545,157.3505
7099.5,628.5840000000001,147.0823
7099.75,615.8389999999999,140.6942
7100.0,589.983,140.7338
7100.25,544.763,138.7209
7100.5,575.0419999999999,147.9756
7100.75,573.8910000000001,147.0949
7101.0,565.181,151.36169999999998
7101.25,561.494,137.09380000000002
7101.5,528.5540000000001,133.8509
7101.75,496.649,137.9303
7102.0,527.147,144.383
7102.25,541.499,141.2907
7102.5,510.292,141.2131
7102.75,511.16,139.0927
7103.0,500.3,136.8674
7103.25,493.871,132.895
7103.5,469.652,124.1017
7103.75,446.34799999999996,121.1172
7104.0,431.75300000000004,124.8552
7104.25,438.13,122.0659
7104.5,414.01699999999994,120.88220000000001
7104.75,392.509,123.52210000000001
7105.0,412.03700000000003,128.8199
7105.25,397.894,126.39930000000001
7105.5,404.81800000000004,127.6779
7105.75,395.011,127.96620000000001
7106.0,424.58899999999994,127.46010000000001
7106.25,398.244,128.8778
7106.5,384.685,127.3385
7106.75,399.17900000000003,128.5677
7107.0,417.794,130.0816
7107.25,417.109,127.1221
7107.5,441.842,130.6948
7107.75,431.258,134.02540000000002
7108.0,418.02200000000005,133.9592
7108.25,422.575,132.40519999999998
7108.5,404.64199999999994,130.5886
7108.75,387.85299999999995,129.7901
7109.0,376.13599999999997,131.0731
7109.25,382.49,132.4019
7109.5,377.541,131.9771
7109.75,365.221,130.404
7110.0,382.403,129.40980000000002
7110.25,414.619,133.0539
7110.5,420.841,131.81130000000002
7110.75,463.45400000000006,130.1022
7111.0,510.054,133.6046
7111.25,521.213,138.5034
7111.5,581.124,153.58010000000002
7111.75,641.512,153.1408
7112.0,627.279,152.0224
7112.25,637.02,147.8711
7112.5,655.0619999999999,153.7023
7112.75,694.45,159.5541
7113.0,775.575,163.3746
7113.25,746.704,160.4011
7113.5,778.537,150.0112
7113.75,792.898,159.9954
7114.0,758.578,152.9292
7114.25,739.48,150.5104
7114.5,697.617,145.9166
7114.75,723.814,144.8314
7115.0,837.613,162.86260000000001
7115.25,812.1309999999999,159.9436
7115.5,853.042,166.72390000000001
7115.75,895.405,166.1444
7116.0,870.394,169.7068
7116.25,830.8779999999999,161.5462
7116.5,794.173,159.19979999999998
7116.75,776.4789999999998,155.9127
7117.0,758.437,148.1906
7117.25,780.2930000000001,157.43990000000002
7117.5,757.506,155.0591
7117.75,795.3999999999999,154.4125
7118.0,762.874,146.1581
7118.25,832.173,175.0086
7118.5,946.835,231.6653
7118.75,894.31,234.68959999999998
7119.0,903.067,235.14159999999998
7119.25,900.163,227.92739999999998
7119.5,865.567,225.74269999999999
7119.75,846.9670000000001,232.94060000000002
7120.0,813.9779999999998,226.58089999999999
7120.25,841.8409999999999,222.6342
7120.5,833.481,224.76730000000003
7120.75,798.2559999999999,218.72820000000002
7121.0,777.249,229.55239999999998
7121.25,743.3879999999999,220.4134
7121.5,746.28,226.35590000000002
7121.75,763.899,224.4281
7122.0,734.095,213.6696
7122.25,736.135,225.4228
7122.5,730.285,218.3256
7122.75,744.451,225.60410000000002
7123.0,732.208,213.5439
7123.25,729.4689999999999,207.755
7123.5,746.4549999999999,215.80079999999998
7123.75,710.7429999999999,210.728
7124.0,743.722,208.0851
7124.25,666.749,205.3906
7124.5,640.837,203.1154
7124.75,653.5909999999999,201.61700000000002
7125.0,656.819,204.2202
7125.25,658.026,199.6368
7125.5,682.994,205.4224
7125.75,633.692,197.2985
7126.0,574.7330000000001,180.9421
7126.25,461.16499999999996,138.1601
7126.5,473.40700000000004,136.9531
7126.75,432.36199999999997,132.6725
7127.0,453.812,136.5478
7127.25,436.86199999999997,133.2625
7127.5,441.086,135.647
7127.75,420.71599999999995,136.6747
7128.0,415.59900000000005,132.90789999999998
7128.25,422.48699999999997,134.8647
7128.5,387.425,125.6779
7128.75,382.949,121.9322
7129.0,402.068,122.64680000000001
7129.25,385.07900000000006,126.06139999999999
7129.5,377.783,127.9529
7129.75,370.156,129.94420000000002
7130.0,370.673,130.9015
7130.25,372.21099999999996,130.0538
7130.5,366.73900000000003,127.92339999999999
7130.75,371.39300000000003,126.36880000000001
7131.0,364.049,127.0828
7131.25,360.88800000000003,124.615
7131.5,347.91,126.75880000000001
7131.75,353.942,127.54319999999998
7132.0,340.981,124.34389999999999
7132.25,342.506,123.2912
7132.5,359.141,122.4949
7132.75,350.777,120.3107
7133.0,351.58000000000004,120.23490000000001
7133.25,348.53499999999997,120.4833
7133.5,352.201,125.5419
7133.75,329.015,121.70769999999999
7134.0,317.036,120.0018
7134.25,301.034,117.3469
7134.5,312.516,120.3404
7134.75,315.068,120.88400000000001
7135.0,317.74300000000005,120.21549999999999
7135.25,300.413,115.5205
7135.5,318.228,121.7947
7135.75,317.718,121.37970000000001
7136.0,293.2673,117.99499999999999
7136.25,315.469,113.1512
7136.5,337.867,111.5394
7136.75,315.044,109.9686
7137.0,333.49,113.74090000000001
7137.25,369.08799999999997,116.01310000000001
7137.5,368.43499999999995,116.45960000000001
7137.75,370.38800000000003,118.5809
7138.0,358.293,115.92859999999999
7138.25,366.993,116.02040000000001
7138.5,335.75800000000004,112.6728
7138.75,389.011,115.38419999999999
7139.0,414.671,117.6218
7139.25,426.101,115.66050000000001
7139.5,448.57000000000005,119.2664
7139.75,456.714,116.2371
7140.0,452.60799999999995,113.31739999999999
7140.25,473.44300000000004,115.5379
7140.5,440.933,117.76420000000002
7140.75,416.00199999999995,117.73240000000001
7141.0,394.07599999999996,122.4163
7141.25,371.818,127.2517
7141.5,387.8829999999999,128.581
7141.75,388.17400000000004,126.4601
7142.0,382.917,129.08689999999999
7142.25,416.332,132.3432
7142.5,383.82899999999995,128.0108
7142.75,407.098,133.5757
7143.0,391.38800000000003,135.1627
7143.25,381.917,131.2534
7143.5,377.09000000000003,129.3261
7143.75,378.746,135.3773
7144.0,466.68199999999996,160.2053
7144.25,571.358,203.1241
7144.5,568.8979999999999,206.3041
7144.75,533.399,199.70680000000002
7145.0,549.3389999999999,202.23059999999998
7145.25,548.807,196.1918
7145.5,537.391,192.4287
7145.75,521.69,183.2184
7146.0,555.315,183.2943
7146.25,557.906,179.08839999999998
7146.5,523.3040000000001,170.7424
7146.75,533.5730000000001,167.3795
7147.0,570.902,172.1299
7147.25,641.163,187.8519
7147.5,625.232,197.54090000000002
7147.75,608.894,195.3091
7148.0,597.552,191.6957
7148.25,588.72,198.3268
7148.5,577.088,189.6205
7148.75,570.914,188.345
7149.0,541.424,185.2237
7149.25,587.124,190.0248
7149.5,566.232,177.1702
7149.75,575.0540000000001,177.23510000000002
7150.0,530.1750000000001,168.1297
7150.25,516.876,170.3005
7150.5,462.383,140.7984
7150.75,410.012,121.06700000000001
7151.0,428.975,127.2525
7151.25,397.79200000000003,126.7428
7151.5,382.58,128.5531
7151.75,386.076,124.2877
7152.0,343.586,116.69239999999999
7152.25,347.732,117.5701
7152.5,358.515,118.8802
7152.75,349.54499999999996,121.2881
7153.0,334.245,120.9239
7153.25,365.323,120.8948
7153.5,369.55999999999995,122.0279
7153.75,344.303,121.86439999999999
7154.0,340.496,122.91380000000001
7154.25,351.711,127.2158
7154.5,342.971,125.4527
7154.75,343.169,125.6699
7155.0,338.055,123.12530000000001
7155.25,316.57500000000005,123.34119999999999
7155.5,319.385,120.608
7155.75,316.432,118.8506
7156.0,310.997,121.30679999999998
7156.25,304.745,120.75829999999999
7156.5,293.84139999999996,119.09740000000001
7156.75,301.65,119.0574
7157.0,297.99839999999995,120.5291
7157.25,309.89300000000003,123.6849
7157.5,322.094,122.2559
7157.75,319.068,114.52940000000001
7158.0,309.094,114.9322
7158.25,288.821,117.35669999999999
7158.5,285.5393,118.2834
7158.75,278.65909999999997,117.91309999999999
7159.0,283.7342,117.6979
7159.25,287.0054,118.08779999999999
7159.5,289.0385,116.8907
7159.75,301.313,118.8764
7160.0,265.1465,115.02510000000001
7160.25,261.9223,117.222
7160.5,274.4002,117.1651
7160.75,276.1412,119.21350000000001
7161.0,304.716,124.9572
7161.25,329.369,122.91059999999999
7161.5,369.452,126.011
7161.75,352.645,123.4096
7162.0,353.069,123.2044
7162.25,373.478,123.235
7162.5,328.972,119.1255
7162.75,344.522,117.9896
7163.0,350.149,115.2469
7163.25,380.596,118.31739999999999
7163.5,358.55199999999996,116.9937
7163.75,370.976,116.2261
7164.0,365.33299999999997,117.34129999999999
7164.25,366.897,118.05269999999999
7164.5,342.25100000000003,116.9493
7164.75,352.781,115.3615
7165.0,331.021,113.89500000000001
7165.25,329.519,116.2638
7165.5,356.13599999999997,120.4701
7165.75,392.558,125.411
7166.0,356.88800000000003,122.5446
7166.25,359.50699999999995,121.44380000000001
7166.5,358.10499999999996,125.7002
7166.75,367.521,123.91290000000001
7167.0,335.75100000000003,119.1934
7167.25,337.034,117.7519
7167.5,318.765,120.3972
7167.75,318.402,122.31190000000001
7168.0,347.193,123.0567
7168.25,372.108,127.87110000000001
7168.5,369.69800000000004,122.35459999999998
7168.75,367.649,124.2169
7169.0,376.90700000000004,127.84800000000001
7169.25,385.043,129.5686
7169.5,404.678,133.5503
7169.75,393.39,128.7292
7170.0,392.024,129.448
7170.25,411.71000000000004,130.29080000000002
7170.5,385.649,121.2673
7170.75,373.06399999999996,123.12180000000001
7171.0,412.7339999999999,127.0167
7171.25,435.674,119.4813
7171.5,512.349,131.5231
7171.75,486.794,126.9135
7172.0,505.977,121.25989999999999
7172.25,467.375,120.6736
7172.5,478.86199999999997,127.90099999999998
7172.75,477.89,127.6703
7173.0,460.811,131.4573
7173.25,485.11699999999996,137.68150000000003
7173.5,474.40900000000005,131.8733
7173.75,456.116,136.3615
7174.0,409.097,127.27790000000002
7174.25,400.26300000000003,122.1216
7174.5,390.8,121.63329999999999
7174.75,415.364,130.5812
7175.0,406.52700000000004,129.4679
7175.25,402.64000000000004,127.2301
7175.5,419.61199999999997,128.7567
7175.75,424.28200000000004,130.3671
7176.0,399.77299999999997,128.185
7176.25,397.36699999999996,127.65879999999999
7176.5,383.552,130.0652
7176.75,371.438,127.9951
7177.0,369.188,128.8096
7177.25,367.43100000000004,125.03330000000001
7177.5,363.05400000000003,120.95840000000001
7177.75,375.332,121.79509999999999
7178.0,373.955,124.25880000000001
7178.25,379.693,122.60399999999998
7178.5,370.445,121.9167
7178.75,362.432,120.55699999999999
7179.0,351.13300000000004,121.9477
7179.25,345.127,119.89150000000001
7179.5,336.422,117.0779
7179.75,338.14,119.51939999999999
7180.0,330.69800000000004,119.80269999999999
7180.25,332.053,121.0046
7180.5,320.23799999999994,118.8871
7180.75,321.741,116.237
7181.0,325.02000000000004,115.84840000000001
7181.25,334.666,117.8691
7181.5,334.18100000000004,114.77730000000001
7181.75,322.94100000000003,114.0962
7182.0,317.955,115.2816
7182.25,320.211,113.37989999999999
7182.5,341.75699999999995,114.0758
7182.75,334.991,110.1361
7183.0,359.26,107.6498
7183.25,348.506,108.5256
7183.5,354.818,113.5249
7183.75,386.855,123.23589999999999
7184.0,367.755,115.1018
7184.25,344.432,113.52900000000001
7184.5,342.368,115.09450000000001
7184.75,349.946,114.74770000000001
7185.0,386.308,117.89500000000001
7185.25,391.118,114.62119999999999
7185.5,403.15900000000005,113.6325
7185.75,421.2579999999999,115.02420000000001
7186.0,439.34299999999996,114.17350000000002
7186.25,432.327,115.3119
7186.5,384.87800000000004,111.6357
7186.75,393.05,114.68950000000001
7187.0,393.527,106.4604
7187.25,392.90500000000003,107.05080000000001
7187.5,432.70099999999996,106.4899
7187.75,438.72299999999996,114.864
7188.0,433.635,115.79430000000002
7188.25,436.562,116.34380000000002
7188.5,460.68500000000006,117.90799999999999
7188.75,447.53499999999997,114.0777
7189.0,394.501,106.8447
7189.25,388.23800000000006,109.56819999999999
7189.5,416.3,113.97310000000002
7189.75,462.4440000000001,117.86080000000001
7190.0,482.545,121.01089999999999
7190.25,494.963,116.75080000000001
7190.5,476.408,117.99949999999998
7190.75,452.96900000000005,119.8697
7191.0,432.482,125.6138
7191.25,444.19100000000003,127.6743
7191.5,418.578,123.2293
7191.75,401.53600000000006,125.4534
7192.0,379.89799999999997,123.9042
7192.25,403.154,134.77009999999999
7192.5,405.283,127.51910000000001
7192.75,396.11300000000006,128.0173
7193.0,387.05600000000004,127.08859999999999
7193.25,402.395,131.1819
7193.5,415.049,132.487
7193.75,415.717,131.70850000000002
7194.0,413.069,132.9524
7194.25,411.293,130.4452
7194.5,393.917,128.5631
7194.75,381.623,123.1635
7195.0,419.078,122.77369999999999
7195.25,454.601,117.2596
7195.5,485.57900000000006,116.3688
7195.75,494.942,119.6961
7196.0,511.85900000000004,127.7972
7196.25,537.0799999999999,120.43430000000001
7196.5,510.95000000000005,120.763
7196.75,507.587,120.2268
7197.0,515.2159999999999,120.5274
7197.25,505.948,119.3084
7197.5,478.78999999999996,119.706
7197.75,475.30100000000004,126.72389999999999
7198.0,460.44800000000004,125.779
7198.25,443.73499999999996,124.5889
7198.5,448.923,124.5469
7198.75,441.383,116.80010000000001
7199.0,441.55699999999996,119.0753
7199.25,443.423,123.5471
7199.5,449.0,123.0666
7199.75,426.37300000000005,123.5094
7200.0,380.101,118.35299999999998
7200.25,383.377,113.9439
7200.5,369.497,111.67249999999999
7200.75,388.168,113.5584
7201.0,373.514,109.67840000000001
7201.25,366.8,114.2903
7201.5,377.995,118.4751
7201.75,380.062,120.6498
7202.0,360.272,116.76310000000001
7202.25,355.778,114.07870000000001
7202.5,366.17499999999995,113.03960000000001
7202.75,349.17699999999996,111.84700000000001
7203.0,331.103,111.46710000000002
7203.25,326.473,111.83000000000001
7203.5,328.48699999999997,111.416
7203.75,319.978,109.9026
7204.0,315.424,109.2167
7204.25,316.381,109.095
7204.5,318.037,107.7459
7204.75,313.708,107.11340000000001
7205.0,317.377,111.8475
7205.25,328.54499999999996,109.7915
7205.5,331.394,108.8964
7205.75,318.721,108.5947
7206.0,306.05600000000004,108.66310000000001
7206.25,331.94,108.78630000000001
7206.5,337.209,110.2579
7206.75,319.683,106.661
7207.0,331.46000000000004,107.3201
7207.25,324.57099999999997,119.88999999999999
7207.5,345.983,110.6591
7207.75,360.209,111.8125
7208.0,320.68600000000004,103.47149999999999
7208.25,319.957,100.9794
7208.5,313.29499999999996,102.2851
7208.75,329.578,101.16940000000001
7209.0,346.74199999999996,101.7798
7209.25,350.25,103.41480000000001
7209.5,340.84799999999996,108.1583
7209.75,372.43,114.51920000000001
7210.0,368.26300000000003,113.70259999999999
7210.25,376.85499999999996,113.9325
7210.5,350.899,104.81290000000001
7210.75,345.964,105.0009
7211.0,394.681,107.19809999999998
7211.25,385.86199999999997,106.296
7211.5,370.642,107.4324
7211.75,351.958,105.2633
7212.0,365.846,102.8527
7212.25,397.438,108.04559999999998
7212.5,433.288,110.87979999999999
7212.75,410.24800000000005,105.37120000000002
7213.0,370.76200000000006,103.2004
7213.25,368.053,104.23240000000001
7213.5,384.65500000000003,107.0616
7213.75,389.0079999999999,112.5582
7214.0,404.827,117.5909
7214.25,425.64799999999997,115.3864
7214.5,440.17999999999995,117.4487
7214.75,462.166,108.588
7215.0,440.039,103.85659999999999
7215.25,450.139,103.78699999999999
7215.5,460.028,106.7604
7215.75,442.433,113.86059999999999
7216.0,431.581,114.38069999999999
7216.25,435.995,114.98159999999999
7216.5,434.58399999999995,112.3827
7216.75,442.341,119.674
7217.0,462.71599999999995,126.6811
7217.25,432.60799999999995,123.9819
7217.5,467.469,127.2028
7217.75,461.63800000000003,126.6833
7218.0,481.09400000000005,117.4186
7218.25,490.472,112.4074
7218.5,516.587,118.973
7218.75,531.338,115.48419999999999
7219.0,566.312,109.7034
7219.25,582.431,110.2096
7219.5,633.011,115.3356
7219.75,626.268,116.8633
7220.0,564.182,112.12620000000001
7220.25,593.139,117.8466
7220.5,576.079,117.1164
7220.75,575.895,119.43100000000001
7221.0,600.9169999999999,120.71800000000002
7221.25,577.248,120.18469999999999
7221.5,563.501,121.65
7221.75,537.281,125.63390000000001
7222.0,542.723,126.8056
7222.25,484.796,124.12700000000001
7222.5,504.266,125.52529999999999
7222.75,467.372,119.3324
7223.0,454.73,120.2969
7223.25,463.34000000000003,120.06970000000001
7223.5,460.64300000000003,126.7793
7223.75,410.834,124.1969
7224.0,391.62800000000004,120.8735
7224.25,421.99,123.419
7224.5,425.62699999999995,125.5611
7224.75,414.27099999999996,118.6705
7225.0,424.009,119.6737
7225.25,404.50100000000003,117.65090000000001
7225.5,408.38599999999997,121.01600000000002
7225.75,424.55600000000004,129.9549
7226.0,407.94100000000003,129.0263
7226.25,398.03,128.2204
7226.5,401.69,129.5086
7226.75,411.26,127.3929
7227.0,380.10699999999997,128.4891
7227.25,410.34499999999997,128.9379
7227.5,425.474,128.15370000000001
7227.75,421.59800000000007,126.7533
7228.0,443.221,125.1499
7228.25,467.47900000000004,127.3186
7228.5,435.527,124.48159999999999
7228.75,435.28000000000003,128.2192
7229.0,405.48499999999996,126.9203
7229.25,408.43100000000004,129.3604
7229.5,380.16,128.2704
7229.75,382.93499999999995,128.9821
7230.0,417.73400000000004,128.6934
7230.25,452.183,131.35070000000002
7230.5,454.205,133.3653
7230.75,446.10400000000004,126.2688
7231.0,521.222,124.85040000000001
7231.25,573.272,137.9185
7231.5,571.4939999999999,132.2804
7231.75,606.72,136.61829999999998
7232.0,646.698,139.1559
7232.25,643.149,136.4306
7232.5,662.34,133.0692
7232.75,642.065,133.5234
7233.0,665.328,136.7289
7233.25,666.729,138.117
7233.5,583.764,124.70000000000002
7233.75,582.924,126.4346
7234.0,587.625,132.9247
7234.25,597.1560000000001,130.3044
7234.5,583.0740000000001,116.58909999999999
7234.75,618.153,130.7278
7235.0,649.11,130.5129
7235.25,726.29,140.99900000000002
7235.5,709.773,142.343
7235.75,680.033,143.7573
7236.0,694.146,129.9147
7236.25,701.085,127.6318
7236.5,686.31,139.0271
7236.75,672.727,135.3157
7237.0,593.613,129.3492
7237.25,599.091,132.0065
7237.5,549.3399999999999,133.424
7237.75,562.1940000000001,129.7571
7238.0,572.569,125.2935
7238.25,564.813,122.7396
7238.5,544.2379999999999,131.14010000000002
7238.75,506.145,121.27340000000001
7239.0,496.08399999999995,125.3583
7239.25,509.121,122.90720000000002
7239.5,505.032,122.50670000000001
7239.75,484.40099999999995,119.8134
7240.0,502.7049999999999,124.3886
7240.25,515.403,126.40709999999999
7240.5,490.11899999999997,121.4615
7240.75,551.8050000000001,120.4683
7241.0,547.1220000000001,123.2576
7241.25,559.74,119.30449999999999
7241.5,546.626,118.65209999999999
7241.75,589.768,121.78819999999999
7242.0,623.847,125.7915
7242.25,612.926,129.2372
7242.5,658.204,137.91660000000002
7242.75,725.716,141.89409999999998
7243.0,658.008,137.6949
7243.25,664.229,128.8818
7243.5,643.669,126.2465
7243.75,701.17,129.333
7244.0,725.7660000000001,136.3547
7244.25,664.197,135.3006
7244.5,686.2090000000001,137.5772
7244.75,658.094,142.8628
7245.0,607.115,128.6988
7245.25,636.989,127.43100000000001
7245.5,629.117,131.5655
7245.75,566.546,119.1853
7246.0,548.153,122.50639999999999
7246.25,563.246,126.8862
7246.5,547.19,126.8373
7246.75,584.251,128.86610000000002
7247.0,577.7239999999999,125.26310000000001
7247.25,628.418,121.6582
7247.5,588.775,132.17899999999997
7247.75,574.123,130.54059999999998
7248.0,532.456,122.0929
7248.25,538.447,122.92150000000001
7248.5,510.282,119.3843
7248.75,530.32,122.0831
7249.0,484.326,125.2391
7249.25,468.616,122.8012
7249.5,475.08399999999995,119.58780000000002
7249.75,463.84799999999996,120.09649999999999
7250.0,464.26599999999996,122.3563
7250.25,433.918,118.7081
7250.5,412.79200000000003,118.85310000000001
7250.75,406.52600000000007,116.4231
7251.0,410.963,113.7969
7251.25,400.95799999999997,111.376
7251.5,396.81100000000004,111.2008
7251.75,370.24,115.97800000000001
7252.0,381.06100000000004,117.4821
7252.25,422.2,119.31790000000001
7252.5,400.067,119.1079
7252.75,389.30899999999997,118.7342
7253.0,386.78599999999994,117.27449999999999
7253.25,365.358,116.43410000000002
7253.5,395.845,117.2947
7253.75,370.868,116.79500000000002
7254.0,372.11,115.22049999999999
7254.25,414.758,115.5076
7254.5,484.277,122.3554
7254.75,424.55899999999997,121.1688
7255.0,463.658,116.7442
7255.25,569.823,120.62910000000001
7255.5,606.8009999999999,121.9613
7255.75,551.962,128.8238
7256.0,516.717,119.91770000000001
7256.25,555.711,124.88539999999999
7256.5,510.51,116.27820000000001
7256.75,518.287,119.8726
7257.0,551.115,121.82570000000001
7257.25,533.718,122.8931
7257.5,515.346,124.30430000000001
7257.75,571.251,128.9862
7258.0,565.092,123.63419999999999
7258.25,562.92,124.41229999999999
7258.5,561.776,116.0866
7258.75,575.436,119.71560000000001
7259.0,585.87,120.45079999999999
7259.25,597.842,124.1337
7259.5,652.704,136.3709
7259.75,679.077,141.94740000000002
7260.0,665.487,134.90800000000002
7260.25,682.4639999999999,132.76479999999998
7260.5,692.712,135.0672
7260.75,647.274,133.571
7261.0,593.688,127.7598
7261.25,615.198,135.93970000000002
7261.5,586.8779999999999,130.2924
7261.75,601.221,133.5976
7262.0,568.92,131.433
7262.25,544.335,128.8801
7262.5,524.856,126.5712
7262.75,520.908,126.77250000000001
7263.0,531.2080000000001,128.623
7263.25,552.6659999999999,138.7265
7263.5,518.062,133.75130000000001
7263.75,497.56500000000005,131.3699
7264.0,511.378,134.2269
7264.25,539.946,129.67510000000001
7264.5,534.933,128.5778
7264.75,533.004,129.6725
7265.0,527.726,128.5436
7265.25,512.655,124.37559999999999
7265.5,552.481,130.252
7265.75,604.6,142.29059999999998
7266.0,565.952,141.6696
7266.25,546.731,128.2984
7266.5,584.513,129.0929
7266.75,560.6500000000001,125.4076
7267.0,599.408,129.9321
7267.25,643.616,132.5469
7267.5,636.0350000000001,126.6757
7267.75,646.274,119.84460000000001
7268.0,629.2439999999999,121.066
7268.25,562.706,119.7988
7268.5,557.46,117.0384
7268.75,530.288,122.1171
7269.0,515.659,119.2887
7269.25,541.951,123.69730000000001
7269.5,516.7159999999999,123.44740000000002
7269.75,520.39,125.3402
7270.0,491.57599999999996,124.8837
7270.25,473.3,121.29500000000002
7270.5,487.025,123.31799999999998
7270.75,464.321,118.65980000000002
7271.0,482.246,120.6181
7271.25,460.52099999999996,121.64849999999998
7271.5,481.38800000000003,117.8836
7271.75,494.63,119.0813
7272.0,442.313,117.55149999999999
7272.25,440.41099999999994,118.8578
7272.5,416.4549999999999,120.1311
7272.75,407.33799999999997,117.566
7273.0,391.645,114.11019999999999
7273.25,395.302,112.1998
7273.5,390.755,117.0774
7273.75,423.93199999999996,116.65629999999999
7274.0,462.736,124.2892
7274.25,437.36300000000006,131.9023
7274.5,418.969,130.90800000000002
7274.75,432.27699999999993,127.1202
7275.0,437.14700000000005,128.8954
7275.25,418.53799999999995,127.18879999999999
7275.5,409.573,122.4608
7275.75,411.931,119.8016
7276.0,378.523,117.7389
7276.25,391.106,119.5931
7276.5,371.606,118.51249999999999
7276.75,381.144,117.2115
7277.0,375.892,118.1517
7277.25,394.54900000000004,116.8253
7277.5,394.481,115.9321
7277.75,383.62,117.52680000000001
7278.0,445.351,119.7294
7278.25,440.177,118.1701
7278.5,434.119,115.78910000000002
7278.75,481.467,121.3027
7279.0,515.819,126.2129
7279.25,592.827,127.4263
7279.5,601.432,141.2848
7279.75,640.626,149.2961
7280.0,600.606,149.3388
7280.25,572.005,144.7092
7280.5,601.113,155.0139
7280.75,608.9369999999999,151.8755
7281.0,651.618,153.9948
7281.25,675.421,144.7595
7281.5,631.386,141.0411
7281.75,628.202,149.5405
7282.0,645.318,137.24300000000002
7282.25,644.0699999999999,145.8254
7282.5,605.258,137.49880000000002
7282.75,647.631,143.9408
7283.0,740.604,152.33780000000002
7283.25,731.691,155.5636
7283.5,777.321,171.4574
7283.75,853.736,191.6678
7284.0,850.1229999999998,193.64839999999998
7284.25,805.518,181.3037
7284.5,819.537,184.2007
7284.75,760.143,180.4839
7285.0,730.4639999999999,179.1107
7285.25,702.354,174.4068
7285.5,714.75,184.0342
7285.75,757.692,181.7165
7286.0,716.886,182.6883
7286.25,719.343,175.4034
7286.5,683.778,176.9691
7286.75,629.844,177.48930000000001
7287.0,659.346,175.877
7287.25,698.808,172.2329
7287.5,685.452,164.8622
7287.75,668.904,171.4588
7288.0,690.399,180.248
7288.25,680.814,183.2217
7288.5,669.939,185.0813
7288.75,728.4300000000001,192.2618
7289.0,749.1750000000001,197.99470000000002
7289.25,734.403,194.3299
7289.5,701.555,199.22729999999999
7289.75,600.537,153.9072
7290.0,564.428,142.2612
7290.25,570.67,151.4089
7290.5,567.5419999999999,144.7812
7290.75,572.384,141.0163
7291.0,568.814,146.81900000000002
7291.25,598.862,145.5111
7291.5,599.086,146.7236
7291.75,634.533,149.4504
7292.0,645.553,153.5387
7292.25,562.893,141.2514
7292.5,512.177,128.012
7292.75,458.027,128.78789999999998
7293.0,474.33000000000004,132.0888
7293.25,429.96799999999996,132.5438
7293.5,441.842,131.3833
7293.75,471.167,126.25789999999999
7294.0,463.019,128.2265
7294.25,425.255,120.7625
7294.5,411.96500000000003,118.1879
7294.75,412.51099999999997,115.181
7295.0,417.246,124.52610000000001
7295.25,412.608,126.1388
7295.5,396.173,126.5659
7295.75,411.778,127.5438
7296.0,426.10299999999995,126.96450000000002
7296.25,391.702,124.1317
7296.5,375.509,122.9596
7296.75,388.81999999999994,127.0583
7297.0,375.959,128.31709999999998
7297.25,365.765,119.51230000000001
7297.5,363.047,118.18879999999999
7297.75,364.933,117.7005
7298.0,353.517,116.83600000000001
7298.25,334.852,110.6875
7298.5,355.166,117.1235
7298.75,352.211,115.3665
7299.0,344.545,117.3059
7299.25,345.149,116.3923
7299.5,327.774,117.1824
7299.75,313.524,115.78469999999999
7300.0,306.384,116.32350000000001
7300.25,306.067,113.29839999999999
7300.5,303.70399999999995,113.4924
7300.75,311.653,115.96589999999999
7301.0,320.41499999999996,113.0561
7301.25,325.66999999999996,114.3173
7301.5,337.947,117.23339999999999
7301.75,318.856,114.83269999999999
7302.0,341.04999999999995,119.7637
7302.25,340.85900000000004,127.7346
7302.5,339.41999999999996,131.782
7302.75,336.563,131.2912
7303.0,339.735,128.5146
7303.25,335.339,123.07920000000001
7303.5,376.567,126.56790000000001
7303.75,355.93499999999995,125.55080000000001
7304.0,353.357,125.95940000000002
7304.25,342.375,123.2389
7304.5,381.389,125.46130000000001
7304.75,373.731,123.0256
7305.0,396.02299999999997,121.9784
7305.25,427.111,120.9556
7305.5,464.71999999999997,123.25909999999999
7305.75,450.368,124.3571
7306.0,432.742,127.5256
7306.25,406.35799999999995,125.4557
7306.5,367.497,126.13929999999999
7306.75,383.943,129.1828
7307.0,385.92099999999994,131.5219
7307.25,399.746,129.921
7307.5,423.419,128.1161
7307.75,440.50000000000006,131.113
7308.0,437.52200000000005,130.7554
7308.25,429.39099999999996,128.9297
7308.5,456.627,130.8231
7308.75,473.42499999999995,131.9735
7309.0,432.722,133.7893
7309.25,434.52699999999993,137.2347
7309.5,435.971,133.4339
7309.75,441.469,132.9249
7310.0,455.329,130.63920000000002
7310.25,412.486,131.26160000000002
7310.5,402.611,133.7346
7310.75,402.355,132.2862
7311.0,404.006,132.64249999999998
7311.25,419.693,134.0454
7311.5,400.50199999999995,133.7327
7311.75,412.954,134.4219
7312.0,414.91999999999996,138.9235
7312.25,421.9,136.9403
7312.5,411.04100000000005,133.7799
7312.75,412.64200000000005,137.62
7313.0,427.952,138.9885
7313.25,451.322,140.23669999999998
7313.5,407.317,136.736
7313.75,428.327,138.68460000000002
7314.0,445.346,137.8446
7314.25,463.67900000000003,133.43009999999998
7314.5,451.01300000000003,127.3668
7314.75,471.857,125.5642
7315.0,511.885,132.3585
7315.25,476.80699999999996,131.3938
7315.5,521.4280000000001,129.6749
7315.75,523.5690000000001,135.37369999999999
7316.0,433.03999999999996,120.88500000000002
7316.25,453.55899999999997,125.1443
7316.5,474.24699999999996,128.12900000000002
7316.75,456.569,126.13489999999999
7317.0,463.712,129.3338
7317.25,407.111,125.4194
7317.5,403.09099999999995,125.7031
7317.75,402.26199999999994,124.14680000000001
7318.0,419.098,126.1954
7318.25,405.92900000000003,127.0941
7318.5,401.342,122.41669999999999
7318.75,357.932,116.30560000000001
7319.0,366.029,119.44550000000001
7319.25,388.312,121.46209999999999
7319.5,364.493,120.65289999999999
7319.75,376.34000000000003,119.8281
7320.0,360.18399999999997,120.6543
7320.25,356.46,119.94059999999999
7320.5,326.033,118.132
7320.75,337.265,120.95779999999999
7321.0,334.31399999999996,123.1996
7321.25,375.602,124.28970000000001
7321.5,381.749,128.6141
7321.75,375.368,128.32649999999998
7322.0,366.674,125.80189999999999
7322.25,359.92,125.33780000000002
7322.5,342.233,124.6866
7322.75,332.565,125.0192
7323.0,316.365,117.7458
7323.25,318.976,110.3082
7323.5,320.46500000000003,107.25470000000001
7323.75,317.71500000000003,106.8893
7324.0,308.849,106.27180000000001
7324.25,301.92100000000005,106.3547
7324.5,285.5281,103.7697
7324.75,288.8806,104.8507
7325.0,291.6253,103.1626
7325.25,286.7491,104.7433
7325.5,294.2101,105.17240000000001
7325.75,284.426,108.7826
7326.0,290.8116,110.2944
7326.25,280.3544,106.3325
7326.5,281.0516,108.1151
7326.75,285.9768,108.3513
7327.0,298.3461,109.3021
7327.25,305.262,107.41799999999999
7327.5,288.0852,109.1647
7327.75,286.91009999999994,110.4195
7328.0,262.9055,106.04260000000001
7328.25,260.5807,108.02449999999999
7328.5,269.1176,107.8603
7328.75,297.88230000000004,112.279
7329.0,316.778,115.193
7329.25,308.64300000000003,114.7155
7329.5,309.669,111.3109
7329.75,324.51,111.54500000000002
7330.0,328.317,109.6856
7330.25,331.74199999999996,109.14659999999999
7330.5,307.034,109.31739999999999
7330.75,308.157,107.91040000000001
7331.0,318.897,110.4443
7331.25,331.773,108.38980000000001
7331.5,363.347,109.13719999999998
7331.75,384.37699999999995,111.6138
7332.0,387.397,112.244
7332.25,377.324,113.7123
7332.5,366.856,110.51240000000001
7332.75,366.044,112.7042
7333.0,338.894,112.53300000000002
7333.25,360.129,119.63719999999998
7333.5,377.18399999999997,126.0549
7333.75,413.866,128.4921
7334.0,427.361,128.1561
7334.25,426.24800000000005,125.89080000000001
7334.5,406.631,125.1545
7334.75,394.83500000000004,124.30959999999999
7335.0,394.81999999999994,128.3401
7335.25,381.371,133.7225
7335.5,359.121,134.0959
7335.75,384.71799999999996,137.39929999999998
7336.0,385.97300000000007,137.0222
7336.25,399.69499999999994,137.47789999999998
7336.5,399.21500000000003,125.5598
7336.75,402.505,124.6074
7337.0,396.94899999999996,123.3309
7337.25,385.37,119.4559
7337.5,388.969,116.9554
7337.75,401.81600000000003,119.9366
7338.0,415.058,122.6294
7338.25,428.476,130.6763
7338.5,433.193,130.3876
7338.75,460.23499999999996,127.2184
7339.0,477.119,129.0264
7339.25,495.895,127.5123
7339.5,481.34299999999996,127.6795
7339.75,509.655,130.5598
7340.0,489.1,127.9234
7340.25,474.446,122.802
7340.5,519.609,134.0336
7340.75,543.1329999999999,133.1658
7341.0,502.39300000000003,134.1802
7341.25,506.844,131.79950000000002
7341.5,505.014,133.9312
7341.75,513.7760000000001,140.7048
7342.0,492.21400000000006,138.5434
7342.25,474.88,136.87369999999999
7342.5,450.17800000000005,136.0001
7342.75,475.183,138.94209999999998
7343.0,446.938,136.0476
7343.25,450.404,130.9562
7343.5,455.173,134.069
7343.75,437.23400000000004,133.5202
7344.0,419.76800000000003,129.6603
7344.25,414.67999999999995,133.8165
7344.5,407.52099999999996,133.6027
7344.75,399.428,130.9482
7345.0,388.91,131.7417
7345.25,391.34299999999996,134.6137
7345.5,398.647,135.636
7345.75,418.85900000000004,135.8571
7346.0,415.543,135.048
7346.25,428.20899999999995,136.1836
7346.5,427.59499999999997,134.3668
7346.75,402.93399999999997,129.9093
7347.0,362.782,130.55960000000002
7347.25,359.12600000000003,131.2557
7347.5,364.088,130.60719999999998
7347.75,418.62100000000004,134.05259999999998
7348.0,446.734,133.5274
7348.25,419.489,132.4959
7348.5,368.50100000000003,127.0507
7348.75,387.461,126.6551
7349.0,410.119,136.3989
7349.25,391.12,135.3523
7349.5,384.57500000000005,132.5905
7349.75,379.654,134.0437
7350.0,377.919,133.06
7350.25,390.774,131.4469
7350.5,415.54100000000005,136.51229999999998
7350.75,427.115,135.77700000000002
7351.0,511.544,148.8961
7351.25,586.3900000000001,176.1593
7351.5,637.182,181.3385
7351.75,697.365,180.9428
7352.0,716.124,188.5687
7352.25,716.049,199.45999999999998
7352.5,753.045,187.1792
7352.75,771.576,191.57240000000002
7353.0,814.2760000000001,187.7609
7353.25,819.296,188.7262
7353.5,795.969,179.6472
7353.75,774.105,182.16199999999998
7354.0,781.272,185.6395
7354.25,788.4970000000001,185.4469
7354.5,772.056,190.409
7354.75,754.1940000000001,179.30780000000001
7355.0,800.4779999999998,182.1746
7355.25,819.105,186.2707
7355.5,819.352,193.14800000000002
7355.75,841.821,195.6494
7356.0,877.758,198.639
7356.25,892.8699999999999,204.2791
7356.5,877.863,194.392
7356.75,859.5450000000001,201.82260000000002
7357.0,808.128,204.46339999999998
7357.25,822.2429999999999,200.8863
7357.5,847.1759999999999,210.9625
7357.75,848.4570000000001,205.152
7358.0,858.1569999999999,206.1461
7358.25,865.1390000000001,205.0571
7358.5,871.225,203.6177
7358.75,832.7620000000001,196.21049999999997
7359.0,841.5640000000001,203.77159999999998
7359.25,843.421,197.9702
7359.5,828.9069999999999,203.02930000000003
7359.75,829.771,189.844
7360.0,797.0889999999999,191.16230000000002
7360.25,793.837,186.39049999999997
7360.5,755.443,185.5101
7360.75,709.1759999999999,186.3366
7361.0,611.568,159.2569
7361.25,561.354,152.4602
7361.5,544.818,149.087
7361.75,514.815,150.8027
7362.0,578.837,163.8421
7362.25,561.536,156.72109999999998
7362.5,553.094,152.6683
7362.75,555.764,150.1088
7363.0,574.7850000000001,143.0595
7363.25,630.333,146.1725
7363.5,633.911,147.3483
7363.75,580.511,141.424
7364.0,539.7049999999999,139.3347
7364.25,546.077,142.5026
7364.5,594.417,148.3142
7364.75,568.049,144.349
7365.0,572.51,142.4658
7365.25,563.495,139.1869
7365.5,555.425,140.8919
7365.75,526.4300000000001,137.5842
7366.0,492.119,138.2221
7366.25,490.739,141.74179999999998
7366.5,494.114,128.27589999999998
7366.75,497.528,127.4125
7367.0,495.033,132.00130000000001
7367.25,498.51099999999997,139.1814
7367.5,497.80400000000003,143.287
7367.75,503.78,146.7258
7368.0,462.97,142.1293
7368.25,479.14700000000005,140.4597
7368.5,433.124,128.24689999999998
7368.75,444.09800000000007,125.4757
7369.0,460.063,133.9729
7369.25,469.755,141.3984
7369.5,467.28799999999995,139.8966
7369.75,458.788,141.3451
7370.0,430.471,140.24200000000002
7370.25,404.078,139.4965
7370.5,405.80899999999997,140.57920000000001
7370.75,406.711,141.81550000000001
7371.0,431.689,138.5277
7371.25,420.961,138.8117
7371.5,413.303,137.4616
7371.75,400.37300000000005,135.82840000000002
7372.0,388.006,136.9308
7372.25,386.89200000000005,135.6979
7372.5,367.915,134.6728
7372.75,369.998,137.7693
7373.0,364.167,135.9244
7373.25,370.453,135.3901
7373.5,364.541,136.1119
7373.75,355.054,132.79559999999998
7374.0,369.597,131.9395
7374.25,371.063,131.112
7374.5,403.681,136.6052
7374.75,458.626,145.2003
7375.0,618.1790000000001,187.19490000000002
7375.25,617.313,186.3546
7375.5,616.9559999999999,190.9926
7375.75,669.1469999999999,197.37529999999998
7376.0,715.4490000000001,191.4732
7376.25,763.058,195.9221
7376.5,789.321,194.34779999999998
7376.75,789.258,206.2441
7377.0,829.251,211.4159
7377.25,837.7510000000001,220.9387
7377.5,910.4949999999999,220.1055
7377.75,925.969,228.0072
7378.0,946.604,218.49150000000003
7378.25,896.3199999999999,225.86020000000002
7378.5,910.9620000000001,219.85750000000002
7378.75,907.48,219.8674
7379.0,959.974,220.123
7379.25,984.2289999999998,217.073
7379.5,1004.379,225.0697
7379.75,1015.33,234.9639
7380.0,1037.312,247.72660000000002
7380.25,1026.242,240.14339999999999
7380.5,1001.9089999999999,241.64280000000002
7380.75,1010.743,243.5677
7381.0,982.4710000000001,231.6046
7381.25,980.125,224.06
7381.5,955.135,218.4433
7381.75,1015.186,224.73739999999998
7382.0,1045.855,229.4624
7382.25,1062.799,236.91410000000002
7382.5,1046.587,238.18420000000003
7382.75,1039.4379999999999,227.9136
7383.0,1051.66,231.4921
7383.25,1027.7620000000002,237.2657
7383.5,1000.562,223.912
7383.75,1020.9580000000001,209.6183
7384.0,1014.1510000000001,216.993
7384.25,985.417,210.35559999999998
7384.5,921.2950000000001,202.8187
7384.75,836.893,187.9244
7385.0,762.778,169.4402
7385.25,698.543,155.1447
7385.5,669.9159999999999,157.622
7385.75,695.985,170.273
7386.0,642.7180000000001,169.1261
7386.25,641.278,168.2627
7386.5,652.157,160.9554
7386.75,621.7860000000001,157.6984
7387.0,643.203,162.00639999999999
7387.25,618.806,152.2592
7387.5,610.8109999999999,155.62240000000003
7387.75,651.1949999999999,155.7972
7388.0,632.279,151.7072
7388.25,625.166,151.25209999999998
7388.5,563.292,152.72449999999998
7388.75,588.575,154.547
7389.0,581.972,151.3799
7389.25,610.565,147.9442
7389.5,592.54,151.6644
7389.75,596.941,156.6099
7390.0,564.3679999999999,145.0883
7390.25,519.4879999999999,143.2339
7390.5,511.807,143.5978
7390.75,507.644,145.661
7391.0,516.039,152.9107
7391.25,519.419,137.15699999999998
7391.5,510.84299999999996,129.7196
7391.75,492.173,132.9721
7392.0,483.653,131.1989
7392.25,483.722,129.2043
7392.5,468.529,129.0333
7392.75,469.93600000000004,128.5866
7393.0,479.145,130.717
7393.25,469.85200000000003,134.6589
7393.5,481.52099999999996,139.76190000000003
7393.75,477.383,147.9262
7394.0,457.586,149.0129
7394.25,511.19899999999996,152.4488
7394.5,509.26800000000003,148.8786
7394.75,523.683,152.0469
7395.0,486.99800000000005,149.8033
7395.25,490.744,150.1036
7395.5,464.98299999999995,147.3452
7395.75,452.05699999999996,150.2335
7396.0,452.402,150.5374
7396.25,465.222,151.2656
7396.5,451.48699999999997,146.5615
7396.75,456.526,138.1624
7397.0,484.998,136.7374
7397.25,473.68100000000004,137.4087
7397.5,465.25800000000004,135.441
7397.75,410.26699999999994,136.4158
7398.0,423.527,138.3186
7398.25,526.168,138.0655
7398.5,530.707,147.4238
7398.75,524.38,146.6908
7399.0,638.477,175.22820000000002
7399.25,753.114,205.279
7399.5,795.443,221.6364
7399.75,829.908,222.68529999999998
7400.0,887.259,210.86169999999998
7400.25,897.509,217.941
7400.5,880.751,210.8327
7400.75,846.2249999999999,209.71750000000003
7401.0,868.2860000000001,208.8831
7401.25,840.648,199.3216
7401.5,825.9250000000001,204.91320000000002
7401.75,780.783,203.7038
7402.0,823.6989999999998,207.5163
7402.25,879.8039999999999,221.66719999999998
7402.5,854.921,195.8834
7402.75,895.9869999999999,212.8755
7403.0,871.124,199.1254
7403.25,925.0629999999999,217.2713
7403.5,919.307,226.9296
7403.75,982.808,236.7096
7404.0,999.863,238.9168
7404.25,1017.675,249.9354
7404.5,998.3810000000001,242.3146
7404.75,967.5809999999999,246.51399999999998
7405.0,950.7339999999999,244.1478
7405.25,966.874,236.5498
7405.5,972.79,229.39569999999998
7405.75,959.5450000000001,232.9878
7406.0,948.798,221.6816
7406.25,950.933,219.08450000000002
7406.5,934.7320000000001,231.53250000000003
7406.75,894.164,230.1356
7407.0,893.2749999999999,230.17110000000002
7407.25,880.78,235.9099
7407.5,873.4330000000001,215.5304
7407.75,874.0240000000001,220.0639
7408.0,888.6609999999998,204.0394
7408.25,875.1899999999999,219.15929999999997
7408.5,856.5870000000001,210.7396
7408.75,816.7210000000001,207.0876
7409.0,744.696,209.01760000000002
7409.25,756.604,206.5727
7409.5,753.1669999999999,210.18509999999998
7409.75,744.879,220.1019
7410.0,807.1500000000001,214.80800000000002
7410.25,777.393,205.81439999999998
7410.5,743.5210000000001,203.56369999999998
7410.75,767.9739999999999,217.01919999999998
7411.0,764.452,217.74760000000003
7411.25,747.194,212.7362
7411.5,782.749,220.8134
7411.75,720.941,209.84269999999998
7412.0,684.608,198.64149999999998
7412.25,623.189,196.90050000000002
7412.5,652.171,197.3397
7412.75,642.8770000000001,183.1017
7413.0,624.2379999999999,168.58429999999998
7413.25,659.5550000000001,170.9053
7413.5,566.306,149.75560000000002
7413.75,490.034,118.8734
7414.0,474.30999999999995,116.5472
7414.25,486.491,125.551
7414.5,486.745,122.27270000000001
7414.75,446.183,123.05499999999999
7415.0,458.898,127.86930000000001
7415.25,451.698,128.09279999999998
7415.5,451.29499999999996,127.82140000000001
7415.75,435.86299999999994,130.4318
7416.0,415.78999999999996,129.27069999999998
7416.25,428.899,131.4843
7416.5,402.14,126.3004
7416.75,417.93399999999997,130.1715
7417.0,401.069,131.4028
7417.25,396.98199999999997,125.5952
7417.5,390.00199999999995,124.39179999999999
7417.75,405.202,132.3087
7418.0,407.144,140.8
7418.25,402.05899999999997,141.2653
7418.5,405.467,141.676
7418.75,396.311,139.7319
7419.0,380.363,134.5938
7419.25,377.921,136.46030000000002
7419.5,375.106,134.5709
7419.75,386.764,135.00560000000002
7420.0,374.848,135.0448
7420.25,367.803,131.83960000000002
7420.5,361.409,131.4073
7420.75,359.078,129.62290000000002
7421.0,362.443,120.4683
7421.25,373.694,120.54919999999998
7421.5,386.081,118.13910000000001
7421.75,345.79600000000005,115.52769999999998
7422.0,358.43399999999997,116.45999999999998
7422.25,387.39,115.97
7422.5,376.933,117.466
7422.75,433.211,124.16789999999999
7423.0,506.231,135.9019
7423.25,571.8689999999999,160.957
7423.5,613.064,161.979
7423.75,608.232,160.0729
7424.0,606.966,170.5559
7424.25,610.937,153.4271
7424.5,618.219,151.3241
7424.75,698.439,152.5267
7425.0,749.899,151.8845
7425.25,728.0999999999999,155.23
7425.5,703.848,154.2595
7425.75,699.852,171.89010000000002
7426.0,724.197,165.4908
7426.25,724.215,163.49380000000002
7426.5,734.481,167.4419
7426.75,762.568,170.3428
7427.0,745.542,166.4688
7427.25,759.2249999999999,176.0907
7427.5,785.508,174.5777
7427.75,802.029,182.2335
7428.0,797.3130000000001,179.6729
7428.25,810.899,191.5864
7428.5,805.488,196.92789999999997
7428.75,850.6890000000001,210.1523
7429.0,816.5699999999999,204.47660000000002
7429.25,785.0360000000001,201.4196
7429.5,758.437,205.89260000000002
7429.75,754.0889999999999,206.5595
7430.0,772.6890000000001,211.19050000000001
7430.25,792.328,218.83669999999998
7430.5,755.566,207.5546
7430.75,763.047,210.49329999999998
7431.0,728.185,199.97250000000003
7431.25,702.648,180.9917
7431.5,687.6030000000001,190.3397
7431.75,701.14,192.29250000000002
7432.0,715.4490000000001,197.9854
7432.25,690.009,194.13559999999998
7432.5,705.549,204.0994
7432.75,735.894,205.7111
7433.0,714.192,212.2849
7433.25,696.518,207.0702
7433.5,659.492,206.11860000000001
7433.75,680.0709999999999,223.3619
7434.0,701.051,222.0078
7434.25,725.386,209.8294
7434.5,652.564,187.34640000000002
7434.75,619.453,177.6986
7435.0,573.128,157.3653
7435.25,561.077,135.6623
7435.5,549.348,134.8742
7435.75,580.805,141.4896
7436.0,543.034,136.4325
7436.25,529.352,147.2243
7436.5,513.1850000000001,142.4797
7436.75,527.51,143.1849
7437.0,489.212,141.39190000000002
7437.25,477.452,133.5591
7437.5,474.47900000000004,125.77050000000001
7437.75,482.762,129.7464
7438.0,456.513,133.72549999999998
7438.25,454.724,130.2226
7438.5,411.053,116.13250000000001
7438.75,435.713,115.8198
7439.0,417.298,121.19539999999999
7439.25,437.297,127.6857
7439.5,423.731,126.34100000000001
7439.75,399.11699999999996,122.04939999999999
7440.0,403.4,119.4034
7440.25,407.42499999999995,123.86180000000002
7440.5,389.009,122.0368
7440.75,384.40700000000004,123.6017
7441.0,364.92100000000005,122.43709999999999
7441.25,372.077,123.57130000000001
7441.5,405.022,124.86350000000002
7441.75,412.519,129.0509
7442.0,417.13,135.5122
7442.25,417.422,136.3165
7442.5,397.744,133.3085
7442.75,394.875,132.1029
7443.0,391.418,133.36169999999998
7443.25,387.649,135.2913
7443.5,360.382,130.48760000000001
7443.75,374.853,127.49719999999999
7444.0,377.186,129.3546
7444.25,401.37100000000004,136.3001
7444.5,395.881,133.5957
7444.75,371.83000000000004,137.0861
7445.0,383.087,135.3278
7445.25,388.22900000000004,138.6399
7445.5,384.85299999999995,139.9047
7445.75,386.20400000000006,139.5771
7446.0,360.959,136.8048
7446.25,414.322,137.6333
7446.5,433.274,136.0658
7446.75,464.39300000000003,142.1611
7447.0,542.3309999999999,146.4645
7447.25,586.279,151.7457
7447.5,628.3040000000001,152.5185
7447.75,627.642,162.0538
7448.0,637.9559999999999,157.223
7448.25,642.3720000000001,149.1076
7448.5,682.2090000000001,149.6035
7448.75,697.4250000000001,159.09589999999997
7449.0,723.8969999999999,157.50400000000002
7449.25,700.4369999999999,156.68390000000002
7449.5,694.995,152.6825
7449.75,732.33,167.3077
7450.0,755.337,171.5159
7450.25,756.445,155.2578
7450.5,712.173,146.7739
7450.75,717.72,151.10240000000002
7451.0,722.7909999999999,153.18
7451.25,717.597,147.5397
7451.5,723.0360000000001,152.73680000000002
7451.75,759.2130000000001,148.88670000000002
7452.0,774.759,154.8835
7452.25,751.08,146.5034
7452.5,765.249,140.5533
7452.75,797.835,157.0309
7453.0,817.2700000000001,158.1044
7453.25,812.754,162.0966
7453.5,821.9860000000001,161.0047
7453.75,817.4669999999999,165.3376
7454.0,804.681,165.1728
7454.25,780.279,151.6705
7454.5,723.993,144.2427
7454.75,710.473,147.4223
7455.0,713.829,144.7401
7455.25,743.4549999999999,144.3371
7455.5,712.08,156.9084
7455.75,724.008,157.9522
7456.0,726.465,162.5933
7456.25,735.501,155.9499
7456.5,680.28,147.6269
7456.75,619.314,121.83769999999998
7457.0,586.4100000000001,133.77089999999998
7457.25,558.412,129.73329999999999
7457.5,536.376,125.75899999999999
7457.75,565.9730000000001,128.4925
7458.0,566.63,130.1257
7458.25,555.365,126.16919999999999
7458.5,561.335,125.3413
7458.75,559.217,125.86000000000001
7459.0,571.04,123.79599999999999
7459.25,576.953,118.35819999999998
7459.5,598.11,123.17519999999999
7459.75,624.923,128.976
7460.0,619.981,119.95520000000002
7460.25,563.906,117.77539999999999
7460.5,537.938,118.1823
7460.75,529.6790000000001,118.821
7461.0,539.6030000000001,112.3673
7461.25,509.83299999999997,112.05269999999999
7461.5,509.85900000000004,110.935
7461.75,541.13,113.3792
7462.0,504.60400000000004,117.99510000000001
7462.25,499.51200000000006,122.0315
7462.5,500.381,119.0418
7462.75,479.082,114.2149
7463.0,459.318,110.26050000000001
7463.25,460.124,114.35589999999999
7463.5,473.149,119.9725
7463.75,448.706,121.8315
7464.0,421.65,110.09559999999999
7464.25,407.797,108.606
7464.5,419.748,109.5009
7464.75,402.601,109.49959999999999
7465.0,393.87699999999995,111.5345
7465.25,398.40999999999997,111.11500000000001
7465.5,389.59400000000005,112.55550000000001
7465.75,384.703,111.7001
7466.0,362.407,112.8631
7466.25,355.211,115.0236
7466.5,364.73,115.3124
7466.75,336.246,113.12639999999999
7467.0,318.707,110.97980000000001
7467.25,323.57899999999995,113.6431
7467.5,309.23400000000004,110.38150000000002
7467.75,310.69100000000003,107.3719
7468.0,308.93,108.9964
7468.25,301.214,105.613
7468.5,298.2808,105.0483
7468.75,298.59819999999996,107.3012
7469.0,305.2,108.5926
7469.25,316.307,108.2884
7469.5,317.67699999999996,107.03009999999999
7469.75,322.70500000000004,110.50880000000001
7470.0,332.719,114.27839999999999
7470.25,323.127,114.0692
7470.5,340.427,113.96610000000001
7470.75,326.541,109.3781
7471.0,344.65700000000004,120.43100000000001
7471.25,356.904,119.9989
7471.5,355.398,120.3838
7471.75,349.214,125.37289999999999
7472.0,334.48699999999997,124.52529999999999
7472.25,358.596,121.44319999999999
7472.5,372.512,122.6979
7472.75,385.115,130.2895
7473.0,430.09299999999996,135.71179999999998
7473.25,415.66099999999994,133.6491
7473.5,418.84099999999995,130.6277
7473.75,407.12300000000005,128.5846
7474.0,412.03000000000003,126.62129999999999
7474.25,410.258,125.59089999999999
7474.5,352.574,117.12639999999999
7474.75,357.991,112.44520000000001
7475.0,368.97999999999996,116.07079999999999
7475.25,380.247,123.7325
7475.5,442.274,125.01770000000002
7475.75,438.836,119.3999
7476.0,426.14,118.49090000000001
7476.25,437.993,121.8783
7476.5,426.728,116.5096
7476.75,486.73900000000003,120.0421
7477.0,423.83,117.0283
7477.25,404.38,112.9483
7477.5,428.048,118.15180000000001
7477.75,423.091,116.065
7478.0,390.70400000000006,114.81530000000001
7478.25,405.06100000000004,117.2842
7478.5,412.45099999999996,115.91750000000002
7478.75,434.986,120.4028
7479.0,405.7,119.6311
7479.25,421.061,119.91959999999999
7479.5,371.52700000000004,116.6573
7479.75,390.33000000000004,116.8012
7480.0,407.29100000000005,119.20849999999999
7480.25,417.793,119.17349999999999
7480.5,387.976,118.297
7480.75,359.878,113.4312
7481.0,397.649,113.5955
7481.25,401.546,113.24709999999999
7481.5,411.244,112.48320000000001
7481.75,394.408,111.275
7482.0,453.61699999999996,111.1854
7482.25,454.46900000000005,115.8366
7482.5,452.33500000000004,116.8989
7482.75,463.903,112.9048
7483.0,502.505,116.7196
7483.25,465.541,112.03380000000001
7483.5,471.411,111.65350000000001
7483.75,481.552,109.58340000000001
7484.0,468.85400000000004,111.7414
7484.25,435.98299999999995,112.86370000000001
7484.5,429.83799999999997,114.0952
7484.75,439.58899999999994,117.9217
7485.0,431.243,114.7363
7485.25,435.62899999999996,115.65079999999999
7485.5,431.66600000000005,119.11770000000001
7485.75,397.68999999999994,111.8195
7486.0,422.384,116.35719999999999
7486.25,398.174,117.53620000000001
7486.5,407.65599999999995,116.74950000000001
7486.75,441.62899999999996,118.4419
7487.0,433.331,113.012
7487.25,398.379,112.56369999999998
7487.5,399.787,116.1352
7487.75,401.92,117.0711
7488.0,356.76800000000003,104.62339999999999
7488.25,362.292,105.2293
7488.5,343.31600000000003,105.3378
7488.75,349.156,105.09079999999999
7489.0,380.843,106.9383
7489.25,381.805,108.04660000000001
7489.5,366.38800000000003,109.148
7489.75,363.437,110.07690000000001
7490.0,342.87399999999997,112.7937
7490.25,332.257,112.4319
7490.5,329.30999999999995,111.9171
7490.75,318.494,108.677
7491.0,304.77000000000004,105.9785
7491.25,333.881,104.1994
7491.5,307.55,98.1937
7491.75,295.411,99.2116
7492.0,297.7252,100.8999
7492.25,305.178,101.088
7492.5,292.35299999999995,100.5413
7492.75,279.56399999999996,97.0711
7493.0,293.8078,99.0086
7493.25,303.567,99.8391
7493.5,282.5743,97.7439
7493.75,280.79729999999995,99.03479999999999
7494.0,287.6445,105.01689999999999
7494.25,307.361,113.2442
7494.5,318.56399999999996,113.13029999999999
7494.75,308.319,112.47569999999999
7495.0,314.172,109.09049999999999
7495.25,333.541,110.2744
7495.5,335.081,112.4176
7495.75,309.182,112.9855
7496.0,328.946,112.7218
7496.25,364.429,112.7298
7496.5,349.158,108.44730000000001
7496.75,363.526,112.89450000000001
7497.0,360.836,116.76089999999999
7497.25,373.736,115.7296
7497.5,396.973,117.4665
7497.75,413.433,112.7031
7498.0,421.146,124.38550000000001
7498.25,401.245,125.7723
7498.5,358.899,122.05159999999998
7498.75,368.384,121.65619999999998
7499.0,393.714,125.7692
7499.25,388.139,126.83420000000001
7499.5,422.399,131.8664
7499.75,451.24299999999994,130.271
7500.0,493.81999999999994,129.8584
7500.25,460.294,129.69740000000002
7500.5,416.33,120.1372
7500.75,419.503,112.61869999999999
7501.0,378.36199999999997,113.8793
7501.25,348.017,114.37
7501.5,378.887,115.2853
7501.75,403.946,118.2861
7502.0,408.433,116.7792
7502.25,358.811,112.59030000000001
7502.5,357.368,111.7489
7502.75,373.79200000000003,110.8965
7503.0,363.909,110.0891
7503.25,405.38800000000003,108.86160000000001
7503.5,386.41099999999994,108.7353
7503.75,385.69300000000004,109.7098
7504.0,375.803,108.25899999999999
7504.25,376.73199999999997,112.4449
7504.5,337.824,109.11059999999999
7504.75,361.008,109.4115
7505.0,418.043,112.5066
7505.25,443.17,119.18119999999999
7505.5,427.83500000000004,121.1385
7505.75,407.09299999999996,117.3858
7506.0,408.131,109.299
7506.25,437.36199999999997,114.5777
7506.5,440.37699999999995,118.66749999999999
7506.75,439.667,117.0059
7507.0,490.854,121.3306
7507.25,487.533,119.0312
7507.5,512.108,117.0739
7507.75,525.665,118.6923
7508.0,497.755,117.4194
7508.25,453.211,111.5772
7508.5,451.739,111.3477
7508.75,470.689,119.2321
7509.0,517.789,122.02690000000001
7509.25,504.87,119.4315
7509.5,485.601,115.6557
7509.75,454.57399999999996,116.5395
7510.0,468.616,116.80600000000001
7510.25,459.42099999999994,117.0903
7510.5,446.762,111.5573
7510.75,443.05699999999996,115.4567
7511.0,432.815,119.3351
7511.25,417.028,115.5333
7511.5,435.914,116.15120000000002
7511.75,406.994,112.86929999999998
7512.0,384.571,113.30859999999998
7512.25,377.05899999999997,111.30760000000001
7512.5,364.379,111.14920000000001
7512.75,372.53700000000003,111.2723
7513.0,351.82,110.6899
7513.25,373.271,123.9774
7513.5,412.164,147.29930000000002
7513.75,409.031,141.4966
7514.0,399.129,134.9993
7514.25,376.997,130.2855
7514.5,398.76700000000005,135.4565
7514.75,387.23,132.6256
7515.0,355.165,131.32649999999998
7515.25,356.092,130.916
7515.5,351.6,124.49189999999999
7515.75,345.614,123.3358
7516.0,349.524,125.3853
7516.25,351.551,126.41730000000001
7516.5,350.05999999999995,127.24680000000001
7516.75,345.871,124.4126
7517.0,335.604,123.4836
7517.25,326.228,119.96759999999999
7517.5,330.807,121.87200000000001
7517.75,325.96999999999997,119.23259999999999
7518.0,349.925,120.7897
7518.25,393.884,121.7594
7518.5,403.796,126.16139999999999
7518.75,464.995,134.1184
7519.0,520.359,135.6778
7519.25,576.188,129.7442
7519.5,542.577,125.8707
7519.75,576.1800000000001,131.8557
7520.0,544.815,130.5319
7520.25,575.509,143.9162
7520.5,596.376,161.7999
7520.75,621.06,142.4474
7521.0,633.1410000000001,144.0907
7521.25,648.078,147.2818
7521.5,655.646,152.6232
7521.75,700.75,151.1812
7522.0,697.977,152.0821
7522.25,685.514,157.0806
7522.5,668.952,150.1576
7522.75,654.627,145.13099999999997
7523.0,668.337,141.5883
7523.25,693.631,137.5323
7523.5,745.6030000000001,143.8528
7523.75,742.612,151.0178
7524.0,750.563,146.221
7524.25,749.366,144.4912
7524.5,693.6859999999999,137.5995
7524.75,702.438,138.8641
7525.0,660.5550000000001,140.14350000000002
7525.25,701.202,138.7121
7525.5,664.149,147.3275
7525.75,619.665,144.2263
7526.0,616.578,142.7073
7526.25,607.173,132.7791
7526.5,569.8489999999999,133.386
7526.75,537.924,122.0296
7527.0,549.129,116.0341
7527.25,573.693,126.6119
7527.5,567.795,125.9745
7527.75,551.64,128.9765
7528.0,580.239,135.4013
7528.25,568.701,132.40890000000002
7528.5,560.787,128.9173
7528.75,565.946,134.6531
7529.0,522.276,136.96609999999998
7529.25,511.32399999999996,131.1375
7529.5,510.725,148.7296
7529.75,500.35,143.765
7530.0,536.059,146.1162
7530.25,536.402,137.57580000000002
7530.5,530.177,135.7342
7530.75,529.202,130.3596
7531.0,555.732,128.8853
7531.25,596.777,129.4659
7531.5,637.561,133.5605
7531.75,612.308,126.18610000000001
7532.0,582.521,129.2034
7532.25,519.201,128.16
7532.5,519.458,128.6883
7532.75,583.81,134.0129
7533.0,583.399,138.6092
7533.25,592.694,143.5282
7533.5,566.3,134.6159
7533.75,574.676,126.9033
7534.0,507.188,125.2784
7534.25,511.927,128.46890000000002
7534.5,563.51,130.4498
7534.75,538.607,126.0044
7535.0,525.494,132.1308
7535.25,512.8910000000001,131.9717
7535.5,485.355,129.8627
7535.75,455.327,115.0837
7536.0,423.33500000000004,109.723
7536.25,388.37500000000006,105.24459999999999
7536.5,382.162,106.1468
7536.75,389.833,109.8748
7537.0,383.903,111.79049999999998
7537.25,432.72,119.57669999999999
7537.5,463.571,140.1678
7537.75,421.058,132.86329999999998
7538.0,411.18500000000006,128.786
7538.25,446.071,132.1832
7538.5,456.34400000000005,129.9127
7538.75,453.40100000000007,132.914
7539.0,416.503,132.0204
7539.25,422.158,133.1462
7539.5,429.904,132.5452
7539.75,426.72399999999993,135.5005
7540.0,386.404,130.862
7540.25,368.654,132.4837
7540.5,411.289,132.5814
7540.75,396.706,132.9752
7541.0,391.09099999999995,130.2651
7541.25,377.993,129.215
7541.5,345.485,131.9676
7541.75,341.148,126.14439999999999
7542.0,349.163,127.01350000000001
7542.25,418.11199999999997,125.8397
7542.5,431.567,123.9659
7542.75,432.872,130.55540000000002
7543.0,465.11199999999997,126.1069
7543.25,572.028,138.1541
7543.5,615.144,134.2436
7543.75,604.866,139.61090000000002
7544.0,625.969,145.10020000000003
7544.25,628.971,141.6764
7544.5,673.764,139.8029
7544.75,725.697,156.10680000000002
7545.0,744.2280000000001,148.9202
7545.25,691.8689999999999,142.0097
7545.5,780.0930000000001,140.4501
7545.75,757.182,139.8204
7546.0,728.1600000000001,145.5095
7546.25,717.314,141.53050000000002
7546.5,677.221,138.2858
7546.75,750.0840000000001,141.1705
7547.0,786.0,147.1012
7547.25,755.653,139.84359999999998
7547.5,770.714,146.0808
7547.75,858.874,157.2774
7548.0,834.8319999999999,151.1927
7548.25,831.2460000000001,163.18280000000001
7548.5,824.809,171.4438
7548.75,827.0999999999999,170.38
7549.0,829.308,176.2792
7549.25,825.817,170.9099
7549.5,802.808,171.2162
7549.75,777.739,167.002
7550.0,768.3699999999999,166.6543
7550.25,758.165,160.67450000000002
7550.5,770.44,155.1327
7550.75,730.135,166.13569999999999
7551.0,735.64,162.3689
7551.25,785.788,163.6039
7551.5,714.727,155.058
7551.75,687.748,155.6572
7552.0,705.605,155.1544
7552.25,719.217,154.2207
7552.5,702.0219999999999,155.751
7552.75,699.6030000000001,150.882
7553.0,654.6600000000001,161.1987
7553.25,624.788,175.9475
7553.5,606.873,159.9727
7553.75,620.148,170.9091
7554.0,608.1460000000001,155.11419999999998
7554.25,568.635,139.3769
7554.5,601.354,152.1181
7554.75,544.283,139.4589
7555.0,528.434,138.854
7555.25,542.207,135.4501
7555.5,574.037,141.2908
7555.75,603.696,143.2491
7556.0,621.492,137.0129
7556.25,582.998,134.1968
7556.5,542.987,136.5543
7556.75,549.5840000000001,142.05710000000002
7557.0,554.126,141.0408
7557.25,595.562,144.2039
7557.5,569.741,139.03949999999998
7557.75,558.655,135.9041
7558.0,604.319,139.9488
7558.25,535.394,131.7996
7558.5,501.91100000000006,134.3607
7558.75,519.851,140.40089999999998
7559.0,541.8109999999999,139.7173
7559.25,469.706,130.1389
7559.5,477.245,130.4601
7559.75,477.599,121.9969
7560.0,445.356,120.4765
7560.25,440.89300000000003,118.28309999999999
7560.5,444.53200000000004,123.85390000000001
7560.75,469.02599999999995,124.83000000000001
7561.0,428.65100000000007,126.2687
7561.25,448.688,143.1388
7561.5,447.148,142.9716
7561.75,427.14799999999997,141.8795
7562.0,419.87,147.3437
7562.25,412.321,146.1066
7562.5,415.31499999999994,143.8994
7562.75,420.73900000000003,144.7043
7563.0,421.26800000000003,150.1962
7563.25,420.76699999999994,149.8943
7563.5,415.961,148.3572
7563.75,400.244,143.63510000000002
7564.0,391.294,145.2557
7564.25,397.847,146.3869
7564.5,397.438,143.7039
7564.75,392.777,141.9186
7565.0,392.66600000000005,135.3108
7565.25,387.7,138.7184
7565.5,389.044,133.7349
7565.75,357.308,130.89759999999998
7566.0,388.872,131.1535
7566.25,406.081,124.4159
7566.5,422.026,119.5791
7566.75,455.236,123.9762
7567.0,498.956,127.59250000000002
7567.25,600.492,135.7496
7567.5,625.488,141.2562
7567.75,666.851,149.9478
7568.0,679.377,157.64030000000002
7568.25,752.5740000000001,180.5903
7568.5,763.673,166.336
7568.75,793.0029999999999,170.4423
7569.0,818.1759999999999,173.6217
7569.25,815.86,175.445
7569.5,869.269,180.1454
7569.75,885.58,176.1843
7570.0,894.898,180.4883
7570.25,905.0999999999999,190.2037
7570.5,814.4290000000001,151.7216
7570.75,856.519,172.8921
7571.0,910.246,183.7095
7571.25,927.623,189.5388
7571.5,961.903,194.06440000000003
7571.75,985.0120000000001,194.74939999999998
7572.0,983.239,194.6891
7572.25,1007.779,195.7613
7572.5,949.7610000000001,195.218
7572.75,983.0139999999999,199.60559999999998
7573.0,982.752,200.05
7573.25,982.135,202.3933
7573.5,931.0690000000001,193.27609999999999
7573.75,928.6969999999999,185.10399999999998
7574.0,931.22,171.3098
7574.25,954.788,177.9759
7574.5,925.113,172.1091
7574.75,907.403,175.41180000000003
7575.0,856.258,159.1554
7575.25,863.717,171.2175
7575.5,884.8580000000001,184.4009
7575.75,1098.3519999999999,263.0297
7576.0,1091.927,260.7318
7576.25,1046.2510000000002,259.43449999999996
7576.5,1010.9649999999999,259.0235
7576.75,964.39,251.89870000000002
7577.0,855.159,245.2224
7577.25,837.76,246.5186
7577.5,844.6510000000001,244.86430000000001
7577.75,849.451,259.6907
7578.0,844.2570000000001,249.23129999999998
7578.25,840.566,237.03570000000002
7578.5,844.412,226.2878
7578.75,873.113,238.44729999999998
7579.0,874.5290000000001,240.42659999999998
7579.25,852.956,231.7044
7579.5,885.614,229.7378
7579.75,841.5640000000001,224.53640000000001
7580.0,879.259,226.68110000000001
7580.25,925.873,235.77609999999999
7580.5,737.76,172.37630000000001
7580.75,619.19,149.0788
7581.0,617.708,151.7857
7581.25,612.931,144.1414
7581.5,628.193,149.34019999999998
7581.75,587.006,139.9531
7582.0,542.876,124.9922
7582.25,556.763,123.14829999999999
7582.5,505.402,119.7857
7582.75,504.001,116.9437
7583.0,491.803,118.15029999999999
7583.25,491.249,120.25899999999999
7583.5,516.896,123.69789999999999
7583.75,529.502,139.3359
7584.0,495.134,131.3854
7584.25,481.66,126.44340000000001
7584.5,467.16499999999996,117.92149999999998
7584.75,453.84499999999997,121.0655
7585.0,443.258,122.1751
7585.25,437.16100000000006,123.79740000000001
7585.5,459.283,138.9019
7585.75,473.846,154.8819
7586.0,466.42999999999995,156.3689
7586.25,463.856,151.637
7586.5,487.90900000000005,143.239
7586.75,471.40900000000005,145.6052
7587.0,464.81000000000006,141.3144
7587.25,461.80699999999996,142.9191
7587.5,454.34999999999997,143.2855
7587.75,450.2130000000001,144.8665
7588.0,443.113,144.7582
7588.25,465.28600000000006,146.1159
7588.5,426.527,142.4183
7588.75,420.25100000000003,141.4854
7589.0,428.70799999999997,142.10629999999998
7589.25,416.05400000000003,139.3322
7589.5,420.872,144.0314
7589.75,414.83,149.37560000000002
7590.0,448.18600000000004,143.4942
7590.25,464.264,149.1684
7590.5,498.49600000000004,151.34730000000002
7590.75,545.626,155.92079999999999
7591.0,576.407,156.9205
7591.25,605.989,153.8372
7591.5,661.332,158.7323
7591.75,625.44,157.21699999999998
7592.0,656.604,151.6288
7592.25,668.638,153.522
7592.5,698.1129999999999,171.2405
7592.75,730.7470000000001,162.0568
7593.0,773.5909999999999,158.2377
7593.25,752.458,157.9869
7593.5,800.473,163.61599999999999
7593.75,768.205,143.9229
7594.0,767.362,140.4967
7594.25,776.2810000000001,148.9965
7594.5,743.338,145.2266
7594.75,800.665,150.0735
7595.0,826.5129999999999,150.4607
7595.25,821.643,149.32479999999998
7595.5,816.4330000000001,153.2523
7595.75,850.6689999999999,162.0503
7596.0,852.2620000000001,169.1593
7596.25,856.393,164.2246
7596.5,827.0260000000001,159.7724
7596.75,847.575,164.95690000000002
7597.0,817.252,164.7794
7597.25,822.125,151.0747
7597.5,774.4180000000001,140.4839
7597.75,779.1700000000001,152.19819999999999
7598.0,791.864,153.42090000000002
7598.25,795.358,139.0634
7598.5,770.319,143.0587
7598.75,764.435,146.21359999999999
7599.0,779.2090000000001,143.7194
7599.25,791.5120000000001,144.1697
7599.5,820.14,158.0571
7599.75,832.163,169.73219999999998
7600.0,844.803,162.8078
7600.25,806.023,155.367
7600.5,783.739,148.1411
7600.75,723.194,153.8528
7601.0,653.174,149.6196
7601.25,649.392,144.1738
7601.5,644.6759999999999,155.3115
7601.75,651.394,166.2879
7602.0,649.005,161.7683
7602.25,637.74,147.2634
7602.5,636.763,143.7446
7602.75,634.3240000000001,139.2625
7603.0,657.508,145.6067
7603.25,582.013,141.62599999999998
7603.5,577.9970000000001,139.63060000000002
7603.75,614.201,146.0497
7604.0,606.039,149.5671
7604.25,601.793,153.5195
7604.5,571.264,143.1052
7604.75,556.133,145.4916
7605.0,568.51,142.97469999999998
7605.25,549.746,143.0951
7605.5,537.65,143.1419
7605.75,537.509,135.3194
7606.0,525.26,135.78050000000002
7606.25,523.097,137.19740000000002
7606.5,522.632,135.8777
7606.75,473.936,129.9122
7607.0,497.762,133.1647
7607.25,501.515,142.0113
7607.5,518.902,139.4877
7607.75,500.57899999999995,133.612
7608.0,433.631,127.6974
7608.25,444.653,128.03050000000002
7608.5,440.967,124.9992
7608.75,400.98100000000005,114.00370000000001
7609.0,400.53799999999995,115.26700000000001
7609.25,381.47900000000004,114.945
7609.5,401.34800000000007,114.4084
7609.75,415.84099999999995,123.91550000000001
7610.0,427.05100000000004,142.2388
7610.25,426.914,141.03220000000002
7610.5,429.49,139.5926
7610.75,423.158,136.0462
7611.0,430.088,137.58319999999998
7611.25,410.791,135.4459
7611.5,407.626,138.0343
7611.75,420.23299999999995,140.7213
7612.0,414.467,139.18
7612.25,408.091,140.6413
7612.5,393.27200000000005,135.18439999999998
7612.75,401.315,138.478
7613.0,400.755,137.6896
7613.25,400.845,134.9527
7613.5,396.59000000000003,136.2686
7613.75,373.571,134.21609999999998
7614.0,407.72900000000004,133.5987
7614.25,441.751,133.61270000000002
7614.5,451.681,135.301
7614.75,489.376,141.80169999999998
7615.0,533.733,137.7027
7615.25,539.101,136.3618
7615.5,593.307,150.1451
7615.75,637.467,149.5258
7616.0,658.2049999999999,145.2366
7616.25,671.92,130.5885
7616.5,678.258,133.4132
7616.75,714.562,135.3752
7617.0,761.275,138.3861
7617.25,779.2159999999999,150.2378
7617.5,761.152,156.07639999999998
7617.75,777.7719999999999,152.9016
7618.0,785.097,158.3184
7618.25,743.026,153.803
7618.5,725.723,157.9295
7618.75,773.711,160.7814
7619.0,808.7829999999999,153.4387
7619.25,863.581,165.3114
7619.5,868.099,162.0855
7619.75,894.652,176.62189999999998
7620.0,892.996,187.3198
7620.25,878.0319999999999,169.091
7620.5,845.8389999999999,165.1685
7620.75,817.6150000000001,161.6706
7621.0,788.4670000000001,154.9141
7621.25,807.754,160.0319
7621.5,804.682,163.02970000000002
7621.75,792.481,166.0244
7622.0,820.1980000000001,167.9525
7622.25,729.3240000000001,161.10129999999998
7622.5,583.025,120.9431
7622.75,758.575,163.925
7623.0,681.787,147.13649999999998
7623.25,554.258,136.8166
7623.5,748.864,193.86310000000003
7623.75,951.556,246.90609999999998
7624.0,954.6879999999999,242.86290000000002
7624.25,931.662,250.4932
7624.5,903.735,228.45409999999998
7624.75,862.021,234.0086
7625.0,819.144,240.431
7625.25,786.696,236.98370000000003
7625.5,776.5110000000001,231.38569999999999
7625.75,810.35,228.0323
7626.0,801.4269999999999,226.69640000000004
7626.25,739.7560000000001,212.7545
7626.5,775.5870000000001,220.15930000000003
7626.75,810.4870000000001,230.1562
7627.0,724.5799999999999,215.13510000000002
7627.25,769.2280000000001,231.04500000000002
7627.5,763.513,210.42020000000002
7627.75,758.395,203.67450000000002
7628.0,729.412,197.1818
7628.25,738.808,205.1784
7628.5,739.744,215.88049999999998
7628.75,774.64,210.07909999999998
7629.0,695.986,197.61020000000002
7629.25,720.865,199.6017
7629.5,683.579,195.64749999999998
7629.75,659.339,197.6265
7630.0,567.296,164.06369999999998
7630.25,524.027,139.2748
7630.5,445.313,126.64430000000002
7630.75,471.05899999999997,131.6098
7631.0,464.342,132.11669999999998
7631.25,446.122,123.47749999999999
7631.5,453.308,124.47640000000001
7631.75,421.883,121.30010000000001
7632.0,393.97,119.119
7632.25,427.054,127.0832
7632.5,393.295,126.422
7632.75,413.71500000000003,130.9562
7633.0,406.30100000000004,129.00459999999998
7633.25,393.501,118.94810000000001
7633.5,371.467,114.8234
7633.75,379.56600000000003,117.7668
7634.0,367.918,117.10900000000001
7634.25,373.795,119.27470000000001
7634.5,364.505,118.3897
7634.75,371.256,120.9415
7635.0,383.222,124.9502
7635.25,369.748,119.9819
7635.5,359.558,123.3937
7635.75,363.41400000000004,125.12889999999999
7636.0,341.33299999999997,120.2042
7636.25,353.74300000000005,118.33019999999999
7636.5,343.54499999999996,118.7618
7636.75,327.844,116.7979
7637.0,333.525,116.13669999999999
7637.25,338.831,117.66810000000001
7637.5,334.77000000000004,119.15090000000001
7637.75,331.82300000000004,120.7277
7638.0,322.289,119.858
7638.25,326.655,115.98849999999999
7638.5,305.027,115.49849999999999
7638.75,302.916,114.6197
7639.0,304.789,115.6719
7639.25,300.531,117.29850000000002
7639.5,315.11699999999996,116.94290000000001
7639.75,308.003,119.26830000000001
7640.0,298.26750000000004,117.2944
7640.25,322.266,116.3613
7640.5,331.76099999999997,121.4408
7640.75,365.635,125.9111
7641.0,386.705,128.78889999999998
7641.25,380.611,129.75709999999998
7641.5,413.88800000000003,130.9053
7641.75,411.8,133.3278
7642.0,414.96799999999996,131.12550000000002
7642.25,440.131,138.1659
7642.5,383.63599999999997,130.3684
7642.75,403.766,133.6818
7643.0,440.67400000000004,134.05010000000001
7643.25,462.317,136.4484
7643.5,464.225,137.8992
7643.75,485.24800000000005,137.7025
7644.0,473.698,136.3967
7644.25,467.23400000000004,136.101
7644.5,499.236,134.8481
7644.75,451.98699999999997,131.1679
7645.0,442.58299999999997,130.2862
7645.25,482.908,134.56359999999998
7645.5,491.384,138.7055
7645.75,511.47700000000003,144.0609
7646.0,509.7579999999999,144.20159999999998
7646.25,543.176,148.70069999999998
7646.5,475.71799999999996,139.7816
7646.75,517.758,146.2058
7647.0,525.701,156.201
7647.25,512.65,155.5607
7647.5,440.50100000000003,150.1457
7647.75,444.81100000000004,153.2082
7648.0,481.28599999999994,154.5548
7648.25,525.791,153.66
7648.5,485.01700000000005,145.0359
7648.75,470.978,143.3333
7649.0,488.359,143.2312
7649.25,450.014,138.0051
7649.5,481.36800000000005,152.0712
7649.75,499.038,165.4977
7650.0,492.4,162.40859999999998
7650.25,492.69000000000005,155.8218
7650.5,483.27,157.2123
7650.75,486.539,148.689
7651.0,500.87500000000006,147.37779999999998
7651.25,478.428,143.1047
7651.5,518.472,147.6503
7651.75,564.246,151.9934
7652.0,566.356,147.3925
7652.25,517.8979999999999,147.7182
7652.5,514.793,141.38490000000002
7652.75,503.12300000000005,142.5037
7653.0,486.631,151.1052
7653.25,488.472,146.9884
7653.5,478.128,145.9435
7653.75,494.90099999999995,150.6123
7654.0,488.06399999999996,145.7451
7654.25,472.139,144.0493
7654.5,469.984,146.3684
7654.75,430.16299999999995,133.3157
7655.0,451.27099999999996,133.4419
7655.25,498.42400000000004,142.17129999999997
7655.5,509.36799999999994,145.2813
7655.75,511.722,141.5259
7656.0,469.126,134.6337
7656.25,439.912,131.21189999999999
7656.5,442.232,132.3795
7656.75,420.793,132.3539
7657.0,421.85200000000003,130.4003
7657.25,430.45,124.2613
7657.5,423.85999999999996,127.34710000000001
7657.75,453.857,134.40879999999999
7658.0,433.703,130.9384
7658.25,422.601,130.4837
7658.5,416.605,128.3149
7658.75,448.66999999999996,132.31279999999998
7659.0,427.26700000000005,126.8375
7659.25,402.238,129.17680000000001
7659.5,400.619,129.98760000000001
7659.75,417.244,134.2501
7660.0,398.48199999999997,131.7207
7660.25,391.625,132.2799
7660.5,384.38800000000003,129.05700000000002
7660.75,398.46799999999996,130.2258
7661.0,398.041,126.7953
7661.25,385.64200000000005,130.3624
7661.5,395.64799999999997,128.06529999999998
7661.75,386.458,126.8855
7662.0,383.807,129.16899999999998
7662.25,358.167,128.6199
7662.5,354.78,127.03020000000001
7662.75,361.082,132.9682
7663.0,362.267,128.9319
7663.25,362.23400000000004,128.7745
7663.5,357.02599999999995,126.16300000000001
7663.75,373.02000000000004,132.5333
7664.0,366.758,134.4466
7664.25,370.73,130.9865
7664.5,389.477,125.7257
7664.75,378.31,121.75379999999998
7665.0,398.365,125.0529
7665.25,440.23,130.6079
7665.5,413.24700000000007,127.7898
7665.75,405.101,126.5264
7666.0,415.28200000000004,133.7857
7666.25,458.91200000000003,143.5315
7666.5,420.547,137.2441
7666.75,434.621,130.40449999999998
7667.0,475.716,138.66049999999998
7667.25,468.04599999999994,133.7716
7667.5,514.0909999999999,139.7651
7667.75,496.995,138.6731
7668.0,508.25300000000004,133.0888
7668.25,513.7760000000001,131.6577
7668.5,536.109,123.33610000000002
7668.75,561.77,123.6816
7669.0,451.476,127.2158
7669.25,452.491,126.22130000000001
7669.5,481.404,134.27530000000002
7669.75,495.64300000000003,131.5085
7670.0,514.4369999999999,137.62539999999998
7670.25,504.134,130.0255
7670.5,479.04299999999995,126.90290000000002
7670.75,502.708,126.53040000000001
7671.0,470.895,117.268
7671.25,469.097,118.8862
7671.5,400.853,118.6711
7671.75,436.067,120.75380000000001
7672.0,412.62100000000004,121.27790000000002
7672.25,413.56399999999996,119.27029999999999
7672.5,432.74399999999997,120.8021
7672.75,459.683,130.2278
7673.0,442.328,125.3266
7673.25,451.089,122.2466
7673.5,465.053,120.0026
7673.75,499.977,127.27199999999999
7674.0,493.624,123.4593
7674.25,474.375,122.4061
7674.5,457.666,119.11019999999999
7674.75,485.269,121.3628
7675.0,499.58,125.46
7675.25,508.51300000000003,120.3387
7675.5,489.77700000000004,116.84060000000001
7675.75,544.0740000000001,130.0898
7676.0,532.064,132.65370000000001
7676.25,520.736,129.6443
7676.5,514.682,123.7972
7676.75,537.5429999999999,131.4369
7677.0,563.5409999999999,132.098
7677.25,563.032,137.03199999999998
7677.5,499.694,131.7155
7677.75,531.054,130.6284
7678.0,518.8380000000001,128.3832
7678.25,506.617,127.36840000000001
7678.5,462.26199999999994,125.7286
7678.75,450.02600000000007,121.89949999999999
7679.0,417.53,119.43090000000001
7679.25,451.60400000000004,128.2739
7679.5,437.669,122.17479999999999
7679.75,457.225,123.65530000000001
7680.0,456.188,122.494
7680.25,430.508,116.54670000000002
7680.5,404.119,115.8611
7680.75,391.882,116.9716
7681.0,408.78799999999995,118.8098
7681.25,386.73100000000005,115.9761
7681.5,420.427,127.22699999999999
7681.75,398.17999999999995,126.40690000000001
7682.0,394.046,123.7339
7682.25,365.86,117.4802
7682.5,379.71099999999996,118.524
7682.75,404.549,122.0242
7683.0,464.59400000000005,120.9736
7683.25,475.43899999999996,145.7827
7683.5,460.21999999999997,145.6469
7683.75,418.438,139.3161
7684.0,392.87300000000005,133.197
7684.25,395.766,137.1848
7684.5,433.895,139.4026
7684.75,433.111,139.4623
7685.0,436.85200000000003,137.78089999999997
7685.25,409.7339999999999,136.3846
7685.5,415.12699999999995,139.8993
7685.75,383.79499999999996,139.2208
7686.0,396.04100000000005,136.65859999999998
7686.25,381.017,133.0032
7686.5,390.079,137.2175
7686.75,452.024,139.35559999999998
7687.0,496.66999999999996,137.8826
7687.25,543.763,138.92340000000002
7687.5,518.41,131.5746
7687.75,577.2929999999999,127.67439999999999
7688.0,624.828,132.8794
7688.25,670.884,150.6716
7688.5,632.24,132.6284
7688.75,601.631,125.47170000000001
7689.0,680.255,130.5038
7689.25,655.968,132.6051
7689.5,618.576,123.3277
7689.75,601.731,122.36689999999999
7690.0,641.77,135.36260000000001
7690.25,650.075,134.4854
7690.5,631.3499999999999,131.9527
7690.75,668.169,130.3952
7691.0,707.407,130.6091
7691.25,696.499,136.5041
7691.5,714.784,146.4933
7691.75,726.8879999999999,155.5201
7692.0,729.474,153.6692
7692.25,727.422,156.3002
7692.5,733.44,166.67669999999998
7692.75,763.261,160.156
7693.0,732.976,156.3995
7693.25,730.602,155.40609999999998
7693.5,687.264,160.0608
7693.75,675.703,154.1023
7694.0,658.254,153.0794
7694.25,668.409,138.0696
7694.5,634.966,126.4462
7694.75,604.427,124.7062
7695.0,564.0219999999999,119.60230000000001
7695.25,567.9830000000001,115.7413
7695.5,593.337,134.9885
7695.75,637.7470000000001,129.6625
7696.0,655.654,139.25549999999998
7696.25,651.355,131.8966
7696.5,636.111,134.4403
7696.75,568.3299999999999,123.5851
7697.0,546.8,130.4085
7697.25,551.933,130.7707
7697.5,569.151,124.6647
7697.75,610.749,131.5601
7698.0,607.4069999999999,137.8614
7698.25,582.148,129.0284
7698.5,597.01,133.4258
7698.75,635.116,143.7427
7699.0,601.9110000000001,132.79840000000002
7699.25,585.317,134.7802
7699.5,638.3389999999999,139.64589999999998
7699.75,603.217,137.0428
7700.0,594.3870000000001,133.07670000000002
7700.25,608.918,135.06889999999999
7700.5,574.117,140.308
7700.75,544.886,139.7036
7701.0,569.7660000000001,142.4215
7701.25,542.402,135.527
7701.5,540.413,133.24869999999999
7701.75,519.275,126.6082
7702.0,539.7339999999999,126.4015
7702.25,453.68000000000006,112.5316
7702.5,461.447,118.1198
7702.75,484.69100000000003,124.1136
7703.0,481.197,130.1001
7703.25,463.36699999999996,127.04330000000002
7703.5,469.77200000000005,126.0341
7703.75,426.452,123.6024
7704.0,400.664,108.56469999999999
7704.25,399.539,113.8699
7704.5,393.631,114.2215
7704.75,367.57,116.8615
7705.0,411.85600000000005,121.8956
7705.25,432.302,129.1114
7705.5,435.304,127.18839999999999
7705.75,420.34299999999996,120.92639999999999
7706.0,403.75000000000006,114.34270000000001
7706.25,379.466,115.1525
7706.5,375.887,112.50680000000001
7706.75,385.548,117.5017
7707.0,375.629,128.0693
7707.25,380.232,134.24290000000002
7707.5,391.428,135.44639999999998
7707.75,368.60900000000004,126.744
7708.0,350.755,118.3048
7708.25,334.596,118.40020000000001
7708.5,334.978,115.5101
7708.75,329.185,112.8972
7709.0,338.99,111.9915
7709.25,353.046,111.92380000000001
7709.5,366.505,115.3235
7709.75,333.63800000000003,112.4556
7710.0,382.04,116.3543
7710.25,365.925,115.23769999999999
7710.5,404.774,124.09619999999998
7710.75,480.743,134.73989999999998
7711.0,500.414,138.7193
7711.25,582.2909999999999,148.6584
7711.5,574.404,153.6352
7711.75,632.274,153.7269
7712.0,591.144,144.11360000000002
7712.25,632.259,153.8034
7712.5,649.693,141.4895
7712.75,705.21,141.2619
7713.0,737.913,141.1094
7713.25,693.0350000000001,150.46390000000002
7713.5,696.984,141.42739999999998
7713.75,693.765,144.8885
7714.0,693.219,144.5075
7714.25,662.7810000000001,138.502
7714.5,668.283,141.08780000000002
7714.75,706.527,148.6886
7715.0,744.433,146.4005
7715.25,780.3969999999999,156.274
7715.5,821.4159999999999,164.20420000000001
7715.75,851.3650000000001,172.7258
7716.0,817.2089999999998,165.8667
7716.25,837.091,169.45
7716.5,823.393,164.5103
7716.75,776.3820000000001,155.5797
7717.0,746.485,156.2884
7717.25,748.077,154.9575
7717.5,713.1659999999999,152.4329
7717.75,693.246,148.6649
7718.0,715.3,156.0938
7718.25,708.79,155.0249
7718.5,690.277,150.8776
7718.75,671.6800000000001,154.4464
7719.0,682.711,160.8631
7719.25,666.634,146.4898
7719.5,691.1080000000001,146.1172
7719.75,691.829,155.3124
7720.0,730.573,159.20059999999998
7720.25,731.854,155.0171
7720.5,680.0550000000001,151.74329999999998
7720.75,669.087,142.2406
7721.0,621.4929999999999,150.6889
7721.25,578.721,142.1317
7721.5,664.8119999999999,163.0456
7721.75,590.135,151.1677
7722.0,609.601,148.4911
7722.25,606.676,134.4231
7722.5,563.234,128.8887
7722.75,586.739,134.76299999999998
7723.0,575.197,128.10750000000002
7723.25,609.488,133.4549
7723.5,623.033,139.4036
7723.75,565.094,127.0642
7724.0,565.031,130.00349999999997
7724.25,564.824,127.07549999999999
7724.5,574.232,131.3783
7724.75,570.683,141.198
7725.0,530.2850000000001,134.9762
7725.25,548.2239999999999,131.5249
7725.5,583.268,137.494
7725.75,514.124,125.7797
7726.0,508.226,125.41909999999999
7726.25,538.742,132.22539999999998
7726.5,535.399,137.32600000000002
7726.75,479.45000000000005,129.0828
7727.0,470.98,126.8229
7727.25,466.09099999999995,126.0719
7727.5,452.98199999999997,116.968
7727.75,463.59799999999996,124.2136
7728.0,442.21400000000006,114.4605
7728.25,441.71900000000005,118.62129999999999
7728.5,403.17099999999994,116.60320000000002
7728.75,431.98,138.5437
7729.0,419.918,146.9273
7729.25,402.27200000000005,140.6839
7729.5,423.05899999999997,138.722
7729.75,417.84499999999997,136.2381
7730.0,403.34299999999996,134.0138
7730.25,397.38200000000006,137.8264
7730.5,406.353,141.72570000000002
7730.75,407.833,137.3782
7731.0,440.678,138.14509999999999
7731.25,467.186,143.1008
7731.5,500.693,145.1638
7731.75,487.90200000000004,139.1158
7732.0,458.581,137.0862
7732.25,453.79200000000003,138.7615
7732.5,460.08500000000004,139.6749
7732.75,455.51800000000003,137.14190000000002
7733.0,474.18600000000004,136.3486
7733.25,448.925,137.2976
7733.5,403.103,135.7432
7733.75,390.563,134.3476
7734.0,436.006,137.1268
7734.25,466.10799999999995,137.19400000000002
7734.5,483.813,140.0934
7734.75,460.2579999999999,143.7465
7735.0,519.071,142.3998
7735.25,522.6569999999999,143.26500000000001
7735.5,557.864,147.8992
7735.75,616.818,158.0775
7736.0,659.592,154.6292
7736.25,754.965,167.16199999999998
7736.5,750.576,168.4523
7736.75,708.27,152.72140000000002
7737.0,708.645,152.6354
7737.25,745.6,153.6649
7737.5,761.308,140.8481
7737.75,743.572,143.2653
7738.0,744.307,139.7173
7738.25,765.222,142.8893
7738.5,708.6610000000001,128.6972
7738.75,753.139,147.4045
7739.0,760.357,135.5032
7739.25,788.184,150.8395
7739.5,772.942,144.8514
7739.75,777.5709999999999,144.1782
7740.0,772.771,148.0174
7740.25,797.57,147.7534
7740.5,758.467,153.0858
7740.75,751.0840000000001,162.1501
7741.0,720.846,148.9684
7741.25,708.364,157.7623
7741.5,660.65,142.718
7741.75,649.216,137.1187
7742.0,674.711,146.91819999999998
7742.25,722.4159999999999,152.76080000000002
7742.5,688.99,149.9875
7742.75,676.4590000000001,152.745
7743.0,696.283,168.67489999999998
7743.25,670.0,160.8438
7743.5,679.17,167.7027
7743.75,790.066,173.5722
7744.0,914.296,243.51059999999998
7744.25,877.5539999999999,244.6124
7744.5,845.2360000000001,232.3825
7744.75,805.621,232.61879999999996
7745.0,791.5929999999998,217.2168
7745.25,744.435,214.68419999999998
7745.5,778.798,210.88080000000002
7745.75,793.251,215.6846
7746.0,749.007,212.6232
7746.25,675.293,190.527
7746.5,646.192,190.1445
7746.75,658.113,181.8534
7747.0,644.564,173.8659
7747.25,645.871,180.7374
7747.5,681.7729999999999,184.8591
7747.75,671.164,186.221
7748.0,614.189,173.4931
7748.25,588.1790000000001,170.1028
7748.5,588.164,174.3886
7748.75,561.488,169.84609999999998
7749.0,578.699,162.0339
7749.25,552.8,160.0011
7749.5,539.078,160.2989
7749.75,561.326,165.8787
7750.0,446.84000000000003,126.1142
7750.25,450.707,121.2238
7750.5,417.353,116.3315
7750.75,389.63800000000003,116.27429999999998
7751.0,428.712,124.3254
7751.25,424.265,125.95439999999999
7751.5,403.041,122.9152
7751.75,410.88699999999994,127.50050000000002
7752.0,409.943,121.76289999999999
7752.25,386.78499999999997,118.99450000000002
7752.5,349.24,116.6627
7752.75,344.244,111.9682
7753.0,346.361,113.6444
7753.25,346.019,117.5863
7753.5,343.142,117.0974
7753.75,348.156,115.3857
7754.0,347.003,121.1745
7754.25,342.271,117.39970000000001
7754.5,340.68899999999996,118.39189999999999
7754.75,335.226,116.4137
7755.0,321.176,113.4111
7755.25,319.196,116.62180000000001
7755.5,300.968,114.34460000000001
7755.75,303.416,115.43519999999998
7756.0,292.6468,103.7722
7756.25,295.58410000000003,107.1986
7756.5,305.48199999999997,110.9469
7756.75,305.449,108.57939999999999
7757.0,299.7238,107.96239999999999
7757.25,291.4667,105.21260000000001
7757.5,286.9932,108.1704
7757.75,264.7351,98.1874
7758.0,261.89009999999996,99.59709999999998
7758.25,278.7056,99.6464
7758.5,276.0771,100.30330000000001
7758.75,293.61389999999994,102.839
7759.0,304.521,105.0257
7759.25,287.02049999999997,101.78720000000001
7759.5,282.7908,102.9494
7759.75,303.63800000000003,102.55059999999999
7760.0,276.61789999999996,99.389
7760.25,287.1351,101.11670000000001
7760.5,277.1903,98.7494
7760.75,293.2344,103.7667
7761.0,322.424,105.2288
7761.25,326.94800000000004,104.2955
7761.5,325.629,107.0693
7761.75,370.238,114.7628
7762.0,350.519,107.1114
7762.25,353.265,106.1236
7762.5,352.394,111.51589999999999
7762.75,349.622,111.1682
7763.0,358.43899999999996,114.09400000000001
7763.25,389.64199999999994,114.89849999999998
7763.5,406.82900000000006,115.9339
7763.75,437.933,114.2174
7764.0,404.932,112.0027
7764.25,415.42600000000004,114.8888
7764.5,414.757,108.755
7764.75,407.531,109.2937
7765.0,380.678,110.9469
7765.25,388.26700000000005,114.09660000000001
7765.5,410.52699999999993,113.6129
7765.75,412.081,113.3762
7766.0,388.82300000000004,111.27799999999999
7766.25,386.624,111.2423
7766.5,386.91200000000003,111.03539999999998
7766.75,380.341,105.42
7767.0,400.774,107.7358
7767.25,406.333,113.1873
7767.5,380.986,109.34559999999999
7767.75,380.78499999999997,117.32329999999999
7768.0,392.476,116.7216
7768.25,395.56600000000003,115.2459
7768.5,378.69800000000004,114.9965
7768.75,379.95799999999997,116.84740000000001
7769.0,385.50199999999995,112.3598
7769.25,410.21599999999995,117.1916
7769.5,430.928,115.73250000000002
7769.75,422.561,122.39699999999999
7770.0,446.355,126.7777
7770.25,470.4,124.1817
7770.5,438.973,117.72040000000001
7770.75,450.927,119.13820000000001
7771.0,473.696,121.7025
7771.25,447.351,126.28569999999999
7771.5,490.711,146.4972
7771.75,497.688,145.2288
7772.0,494.25899999999996,137.3906
7772.25,440.836,133.9383
7772.5,443.91499999999996,137.9493
7772.75,468.5799999999999,142.5146
7773.0,490.192,138.7681
7773.25,469.76500000000004,131.2222
7773.5,479.376,135.14409999999998
7773.75,500.243,150.1703
7774.0,477.986,145.1563
7774.25,456.649,135.2107
7774.5,445.501,131.9959
7774.75,415.955,124.0379
7775.0,406.73299999999995,121.0814
7775.25,403.44100000000003,126.2508
7775.5,406.946,123.09620000000001
7775.75,391.769,113.8365
7776.0,366.897,108.98569999999998
7776.25,390.42400000000004,113.5083
7776.5,380.674,113.184
7776.75,382.018,114.99869999999999
7777.0,381.425,112.2051
7777.25,417.707,117.5222
7777.5,429.216,121.86070000000001
7777.75,425.92600000000004,122.8563
7778.0,434.42600000000004,128.3194
7778.25,444.728,138.4746
7778.5,430.211,138.67219999999998
7778.75,418.024,135.6368
7779.0,410.615,135.6791
7779.25,412.394,135.9805
7779.5,390.25000000000006,133.8555
7779.75,381.884,137.12720000000002
7780.0,384.14300000000003,141.379
7780.25,383.59900000000005,138.3228
7780.5,359.621,133.65550000000002
7780.75,358.307,136.455
7781.0,368.535,138.1461
7781.25,375.686,136.1837
7781.5,364.30999999999995,138.19420000000002
7781.75,344.91200000000003,135.1674
7782.0,382.352,134.9452
7782.25,380.305,131.76579999999998
7782.5,397.306,133.9512
7782.75,448.172,140.4755
7783.0,446.94100000000003,135.3947
7783.25,432.331,135.2065
7783.5,413.158,131.894
7783.75,459.41499999999996,132.2907
7784.0,428.404,135.43540000000002
7784.25,452.04999999999995,130.3911
7784.5,501.008,134.28619999999998
7784.75,495.21799999999996,139.7354
7785.0,516.474,136.6471
7785.25,513.735,135.614
7785.5,499.205,135.7927
7785.75,510.49199999999996,138.3922
7786.0,551.733,147.6946
7786.25,539.775,140.6094
7786.5,438.475,131.4472
7786.75,416.26699999999994,129.025
7787.0,432.73900000000003,129.98919999999998
7787.25,478.83299999999997,129.4118
7787.5,506.953,134.1562
7787.75,542.268,143.968
7788.0,556.18,144.2173
7788.25,537.9780000000001,142.6073
7788.5,557.0999999999999,149.35490000000001
7788.75,572.695,153.1178
7789.0,546.558,148.9956
7789.25,550.284,150.2124
7789.5,575.9770000000001,152.07600000000002
7789.75,568.146,146.7745
7790.0,556.578,148.449
7790.25,509.163,120.8186
7790.5,457.15700000000004,120.0428
7790.75,455.964,137.2021
7791.0,443.206,129.3177
7791.25,467.405,125.65109999999999
7791.5,478.721,136.9777
7791.75,476.351,136.4536
7792.0,494.97,139.55689999999998
7792.25,502.64599999999996,139.1094
7792.5,494.41200000000003,140.9768
7792.75,467.611,133.9347
7793.0,474.736,136.3152
7793.25,478.176,145.1249
7793.5,434.792,138.10920000000002
7793.75,452.014,143.9497
7794.0,484.83500000000004,149.1661
7794.25,491.9,144.0629
7794.5,470.88800000000003,140.78969999999998
7794.75,496.061,139.5033
7795.0,518.333,148.6286
7795.25,470.993,139.311
7795.5,490.46000000000004,131.1813
7795.75,509.80400000000003,125.39599999999999
7796.0,444.062,118.90100000000001
7796.25,404.624,118.0496
7796.5,413.96599999999995,120.1194
7796.75,433.403,124.2312
7797.0,437.15,118.43929999999999
7797.25,416.69899999999996,117.7331
7797.5,424.088,116.9498
7797.75,400.894,115.41489999999999
7798.0,400.73300000000006,118.2868
7798.25,430.55,125.06819999999999
7798.5,389.96900000000005,121.36070000000001
7798.75,419.178,130.6081
7799.0,415.601,133.2713
7799.25,428.531,131.5249
7799.5,412.17400000000004,117.9166
7799.75,410.413,121.03910000000002
7800.0,381.821,115.42410000000001
7800.25,363.971,114.9272
7800.5,358.80600000000004,113.88389999999998
7800.75,350.695,111.96879999999999
7801.0,353.611,114.25
7801.25,338.002,111.91140000000001
7801.5,332.75,115.37219999999999
7801.75,354.13,115.7074
7802.0,353.36,117.1141
7802.25,343.998,116.0963
7802.5,336.448,116.7294
7802.75,348.461,120.3325
7803.0,333.105,116.7637
7803.25,335.329,119.5109
7803.5,326.834,116.42769999999999
7803.75,322.712,115.73589999999999
7804.0,307.667,112.26989999999999
7804.25,311.50100000000003,115.2618
7804.5,300.0634,112.21520000000001
7804.75,301.998,114.1214
7805.0,306.938,113.2122
7805.25,308.998,109.825
7805.5,323.80400000000003,123.77529999999999
7805.75,323.521,128.94510000000002
7806.0,317.159,126.08949999999999
7806.25,303.495,124.9974
7806.5,314.996,125.16489999999999
7806.75,336.801,124.7839
7807.0,360.43399999999997,125.20579999999998
7807.25,384.866,126.92060000000001
7807.5,369.48600000000005,123.2397
7807.75,349.53,123.93140000000001
7808.0,298.0628,116.8112
7808.25,299.1848,118.33769999999998
7808.5,336.05899999999997,119.0404
7808.75,366.76300000000003,124.62740000000001
7809.0,392.71399999999994,126.2377
7809.25,423.34400000000005,127.19399999999999
7809.5,422.243,130.28320000000002
7809.75,394.067,130.7887
7810.0,424.739,130.1234
7810.25,416.039,128.8028
7810.5,358.97299999999996,123.63499999999999
7810.75,365.69100000000003,133.4889
7811.0,382.619,134.7643
7811.25,408.313,131.2553
7811.5,402.04499999999996,132.1734
7811.75,397.115,132.5896
7812.0,441.79100000000005,138.55
7812.25,427.313,135.27710000000002
7812.5,378.008,128.6687
7812.75,398.50000000000006,121.6148
7813.0,364.346,121.2929
7813.25,369.074,122.91189999999999
7813.5,387.731,125.8742
7813.75,403.039,125.00210000000001
7814.0,406.21399999999994,124.6166
7814.25,401.58500000000004,122.3846
7814.5,381.005,120.273
7814.75,380.786,118.971
7815.0,435.36400000000003,122.6914
7815.25,478.24199999999996,128.1175
7815.5,415.98499999999996,127.1991
7815.75,359.384,122.34729999999999
7816.0,352.975,116.3262
7816.25,392.94800000000004,120.52629999999999
7816.5,389.098,122.9387
7816.75,413.75199999999995,124.0334
7817.0,429.959,119.5637
7817.25,405.211,118.7836
7817.5,411.188,122.6876
7817.75,408.122,123.18890000000002
7818.0,412.694,125.77609999999999
7818.25,430.802,120.57079999999999
7818.5,406.26800000000003,116.3069
7818.75,398.56399999999996,117.625
7819.0,416.971,118.4837
7819.25,422.46400000000006,117.44310000000002
7819.5,458.68600000000004,120.2396
7819.75,483.69399999999996,116.52620000000002
7820.0,458.10400000000004,125.5937
7820.25,401.42600000000004,125.8674
7820.5,395.452,125.00829999999999
7820.75,429.18399999999997,133.14479999999998
7821.0,447.78099999999995,136.9664
7821.25,440.90199999999993,137.2988
7821.5,399.08299999999997,117.4785
7821.75,388.39599999999996,108.2985
7822.0,390.367,112.001
7822.25,382.76300000000003,112.9503
7822.5,401.503,115.99900000000001
7822.75,389.88200000000006,114.6165
7823.0,398.645,107.85249999999999
7823.25,398.582,109.54560000000001
7823.5,396.826,118.0447
7823.75,357.404,112.6765
7824.0,345.96,110.54579999999999
7824.25,351.447,110.60139999999998
7824.5,360.02000000000004,115.1007
7824.75,363.07,113.88230000000001
7825.0,334.438,114.0951
7825.25,323.669,109.4525
7825.5,345.069,117.1349
7825.75,318.914,113.5006
7826.0,315.155,117.5667
7826.25,309.759,114.06730000000002
7826.5,304.39,113.05069999999999
7826.75,324.87,118.1217
7827.0,312.344,114.61940000000001
7827.25,307.082,111.0861
7827.5,309.594,109.3486
7827.75,292.1623,111.2576
7828.0,287.3609,110.97279999999999
7828.25,285.798,110.4169
7828.5,249.959,107.64139999999999
7828.75,279.8181,110.63050000000001
7829.0,288.0063,111.3587
7829.25,288.96,110.63629999999999
7829.5,273.9538,111.3671
7829.75,261.2715,110.45919999999998
7830.0,281.5532,111.5452
7830.25,313.57,110.3911
7830.5,320.36100000000005,103.4313
7830.75,304.872,103.02790000000002
7831.0,307.81899999999996,104.19969999999999
7831.25,302.26099999999997,109.62620000000001
7831.5,305.61,126.3171
7831.75,342.663,128.1799
7832.0,322.99199999999996,126.2884
7832.25,326.792,127.27590000000001
7832.5,357.161,129.497
7832.75,350.148,122.3605
7833.0,341.207,121.74369999999999
7833.25,402.17800000000005,125.3468
7833.5,433.478,125.3393
7833.75,413.19499999999994,123.613
7834.0,387.332,119.70360000000001
7834.25,374.39,123.2425
7834.5,384.365,119.411
7834.75,425.17999999999995,118.72630000000001
7835.0,399.241,114.7371
7835.25,400.634,116.05969999999999
7835.5,435.433,117.2084
7835.75,452.74,124.2174
7836.0,394.969,120.0287
7836.25,383.555,118.658
7836.5,368.938,115.2097
7836.75,348.448,102.3269
7837.0,329.626,105.0191
7837.25,332.37,105.5016
7837.5,351.53499999999997,108.54419999999999
7837.75,382.149,112.11630000000001
7838.0,377.102,117.54149999999998
7838.25,369.61199999999997,113.7239
7838.5,371.444,111.2133
7838.75,364.142,107.87270000000001
7839.0,353.86,104.7189
7839.25,359.74300000000005,109.30789999999999
7839.5,412.951,110.1014
7839.75,392.24800000000005,110.40899999999999
7840.0,378.178,107.1354
7840.25,401.93899999999996,110.65029999999999
7840.5,386.135,110.2791
7840.75,428.438,111.489
7841.0,424.722,108.98039999999999
7841.25,369.451,111.73250000000002
7841.5,395.734,114.33850000000001
7841.75,410.44100000000003,114.93620000000001
7842.0,442.548,116.39270000000002
7842.25,448.07300000000004,120.20989999999999
7842.5,476.849,120.6089
7842.75,477.62300000000005,123.1748
7843.0,465.31899999999996,125.94730000000001
7843.25,494.44300000000004,123.3528
7843.5,497.533,117.57329999999999
7843.75,487.83299999999997,119.7003
7844.0,446.48400000000004,115.619
7844.25,484.74300000000005,118.49539999999999
7844.5,464.326,122.2226
7844.75,464.052,122.2933
7845.0,498.815,125.4751
7845.25,473.00300000000004,121.3078
7845.5,454.658,122.8092
7845.75,465.28700000000003,119.23240000000001
7846.0,449.12300000000005,118.06620000000001
7846.25,433.28200000000004,123.4836
7846.5,442.45400000000006,122.2722
7846.75,423.8190000000001,113.0584
7847.0,403.139,114.8605
7847.25,397.355,117.4888
7847.5,406.82900000000006,118.6034
7847.75,380.491,113.3841
7848.0,379.403,110.37960000000001
7848.25,369.78200000000004,113.39500000000001
7848.5,346.636,110.4579
7848.75,348.135,111.2005
7849.0,346.52599999999995,108.58009999999999
7849.25,342.661,113.1292
7849.5,397.77200000000005,139.7821
7849.75,383.894,137.66539999999998
7850.0,391.9649999999999,137.1304
7850.25,383.404,140.64499999999998
7850.5,363.019,137.5882
7850.75,363.89300000000003,137.72910000000002
7851.0,368.894,140.1804
7851.25,360.587,137.395
7851.5,362.36800000000005,135.98160000000001
7851.75,357.227,134.8058
7852.0,349.301,136.291
7852.25,350.924,137.55169999999998
7852.5,345.785,133.3173
7852.75,344.897,134.41320000000002
7853.0,354.93499999999995,133.7824
7853.25,341.82,131.42079999999999
7853.5,343.652,124.62819999999999
7853.75,315.905,118.91910000000001
7854.0,319.625,114.4373
7854.25,337.871,109.13069999999999
7854.5,369.071,109.91400000000002
7854.75,452.597,132.7809
7855.0,491.707,136.7292
7855.25,553.181,143.4026
7855.5,560.336,149.3358
7855.75,573.1679999999999,159.6288
7856.0,628.395,157.7772
7856.25,616.53,154.5322
7856.5,656.115,156.18599999999998
7856.75,683.502,153.4859
7857.0,679.734,152.09210000000002
7857.25,677.649,159.4361
7857.5,671.458,154.4359
7857.75,688.4639999999999,162.8449
7858.0,702.8770000000001,163.9274
7858.25,678.845,156.2892
7858.5,661.6379999999999,147.3159
7858.75,686.892,150.2606
7859.0,729.991,156.2079
7859.25,777.9209999999999,157.5549
7859.5,806.059,171.0206
7859.75,825.7729999999999,168.0186
7860.0,764.029,165.6492
7860.25,770.752,171.5075
7860.5,768.553,162.432
7860.75,798.1689999999999,164.1449
7861.0,753.9970000000001,164.5754
7861.25,730.356,155.48559999999998
7861.5,750.427,168.3186
7861.75,772.579,163.0049
7862.0,807.028,169.414
7862.25,802.258,161.5442
7862.5,793.015,159.7906
7862.75,742.708,156.5683
7863.0,737.476,148.84959999999998
7863.25,752.5550000000001,151.2482
7863.5,739.579,147.76510000000002
7863.75,747.0160000000001,154.3579
7864.0,744.556,165.16160000000002
7864.25,722.464,158.7935
7864.5,690.2049999999999,159.1437
7864.75,648.873,153.0054
7865.0,623.529,155.6415
7865.25,588.322,144.1565
7865.5,589.328,148.0529
7865.75,607.496,160.6778
7866.0,598.528,152.49110000000002
7866.25,587.49,127.23599999999999
7866.5,591.711,135.5486
7866.75,596.828,142.00119999999998
7867.0,595.7249999999999,149.49
7867.25,561.592,143.63400000000001
7867.5,580.736,141.1393
7867.75,631.415,135.5562
7868.0,634.935,146.3432
7868.25,567.793,157.91400000000002
7868.5,558.407,153.0323
7868.75,572.502,149.34629999999999
7869.0,543.977,136.3926
7869.25,557.8580000000001,139.2214
7869.5,522.5360000000001,132.3043
7869.75,538.688,132.25849999999997
7870.0,494.96000000000004,130.30259999999998
7870.25,513.425,137.04770000000002
7870.5,504.378,137.8429
7870.75,530.402,141.5128
7871.0,479.528,112.97540000000001
7871.25,495.371,117.75219999999999
7871.5,454.259,112.12030000000001
7871.75,437.543,116.3323
7872.0,428.864,116.1404
7872.25,435.41299999999995,118.08959999999999
7872.5,433.201,118.9633
7872.75,420.71200000000005,126.2853
7873.0,453.688,146.5336
7873.25,456.41,140.0061
7873.5,522.318,144.6889
7873.75,494.127,142.6187
7874.0,486.30899999999997,146.79680000000002
7874.25,497.894,146.9282
7874.5,495.223,149.6284
7874.75,482.726,149.17589999999998
7875.0,466.28200000000004,141.9952
7875.25,447.221,135.0264
7875.5,392.895,134.751
7875.75,394.60999999999996,139.5728
7876.0,396.89,140.3607
7876.25,396.511,139.97660000000002
7876.5,376.728,136.6766
7876.75,375.83299999999997,137.0645
7877.0,372.02000000000004,132.6649
7877.25,375.928,132.7448
7877.5,363.749,135.2179
7877.75,358.403,134.22050000000002
7878.0,385.082,135.1972
7878.25,400.692,130.284
7878.5,403.972,128.81959999999998
7878.75,457.58,141.0426
7879.0,513.992,145.3542
7879.25,541.092,139.31980000000001
7879.5,545.091,138.0212
7879.75,579.0,143.3421
7880.0,616.29,145.0958
7880.25,688.11,144.6198
7880.5,698.9159999999999,139.803
7880.75,749.62,142.3711
7881.0,802.366,159.981
7881.25,760.731,149.8307
7881.5,779.797,155.9504
7881.75,796.7020000000001,153.85559999999998
7882.0,799.39,160.0003
7882.25,800.6949999999999,151.0877
7882.5,782.6260000000001,148.6869
7882.75,822.2529999999999,153.3229
7883.0,842.241,149.80599999999998
7883.25,863.24,159.5935
7883.5,872.5240000000001,166.389
7883.75,890.5929999999998,167.2655
7884.0,908.2719999999999,170.7228
7884.25,896.962,175.6042
7884.5,856.636,174.19
7884.75,879.121,184.5978
7885.0,866.1599999999999,172.4822
7885.25,873.291,178.50879999999998
7885.5,864.0160000000001,161.1051
7885.75,907.903,171.4132
7886.0,916.0400000000001,169.6578
7886.25,886.508,164.4397
7886.5,901.677,162.3131
7886.75,850.2049999999999,158.09449999999998
7887.0,832.2560000000001,168.7933
7887.25,875.317,171.5862
7887.5,896.144,179.59840000000003
7887.75,880.576,178.69920000000002
7888.0,858.4340000000001,178.9297
7888.25,809.039,179.2221
7888.5,789.133,172.0027
7888.75,755.191,162.5301
7889.0,702.188,163.83689999999999
7889.25,668.1600000000001,163.84109999999998
7889.5,641.696,153.56560000000002
7889.75,677.7090000000001,160.0202
7890.0,698.62,165.597
7890.25,657.8530000000001,159.1215
7890.5,655.275,151.8307
7890.75,651.162,144.2052
7891.0,648.1030000000001,152.5281
7891.25,624.137,145.7909
7891.5,601.426,134.821
7891.75,600.322,131.02569999999997
7892.0,651.269,146.0745
7892.25,613.6990000000001,148.051
7892.5,600.948,148.0832
7892.75,609.396,147.1381
7893.0,588.433,130.5164
7893.25,595.673,132.3534
7893.5,599.401,130.0569
7893.75,587.196,130.5686
7894.0,592.163,130.4146
7894.25,634.3,144.6569
7894.5,600.965,165.4156
7894.75,582.548,172.83689999999999
7895.0,612.563,158.1687
7895.25,597.4100000000001,159.6569
7895.5,605.819,154.1575
7895.75,562.4,145.9432
7896.0,518.678,142.7807
7896.25,558.8969999999999,151.778
7896.5,556.991,157.9459
7896.75,551.93,161.9195
7897.0,535.088,164.6986
7897.25,552.7439999999999,163.3472
7897.5,546.905,167.3192
7897.75,521.822,155.2108
7898.0,503.16200000000003,153.66930000000002
7898.25,504.65,150.7499
7898.5,507.951,153.36950000000002
7898.75,504.583,158.1818
7899.0,493.592,156.7495
7899.25,486.014,154.77190000000002
7899.5,465.41,153.9905
7899.75,462.383,155.5063
7900.0,465.5,156.5255
7900.25,474.14300000000003,153.6801
7900.5,472.957,153.2476
7900.75,459.947,153.95690000000002
7901.0,474.787,155.8564
7901.25,464.65700000000004,154.8785
7901.5,464.06499999999994,158.8076
7901.75,461.95099999999996,156.49040000000002
7902.0,491.72799999999995,158.49939999999998
7902.25,495.89300000000003,153.4408
7902.5,510.043,160.4878
7902.75,561.3779999999999,164.28609999999998
7903.0,570.02,162.4276
7903.25,613.3900000000001,177.97969999999998
7903.5,600.903,170.06220000000002
7903.75,638.487,176.6514
7904.0,698.51,166.0184
7904.25,749.3309999999999,178.24509999999998
7904.5,801.046,169.9663
7904.75,772.3720000000001,165.8004
7905.0,849.4839999999999,179.8807
7905.25,873.085,186.6318
7905.5,888.3999999999999,183.7677
7905.75,907.6030000000001,182.9694
7906.0,914.1309999999999,185.6148
7906.25,893.431,176.8448
7906.5,824.947,151.09650000000002
7906.75,872.5390000000001,162.4875
7907.0,896.3230000000001,174.1226
7907.25,962.2149999999999,178.7646
7907.5,976.7859999999998,185.8353
7907.75,1007.8720000000001,193.00329999999997
7908.0,1028.254,216.94029999999998
7908.25,956.8509999999999,198.0332
7908.5,990.587,213.2122
7908.75,1007.8509999999999,202.98559999999998
7909.0,990.8650000000001,196.19260000000003
7909.25,1012.027,197.59090000000003
7909.5,998.896,194.1977
7909.75,1002.5780000000001,202.9585
7910.0,1041.759,195.5412
7910.25,1027.037,196.1005
7910.5,1091.132,204.9745
7910.75,1099.4479999999999,193.7707
7911.0,1074.44,190.3109
7911.25,1098.857,190.82840000000002
7911.5,1045.109,185.6972
7911.75,1069.154,190.7964
7912.0,1010.6840000000001,197.28140000000002
7912.25,992.4530000000001,196.37800000000001
7912.5,928.433,193.8693
7912.75,974.772,199.9994
7913.0,890.548,194.4547
7913.25,824.4970000000001,183.0238
7913.5,844.9680000000001,195.44209999999998
7913.75,827.5899999999999,198.68630000000002
7914.0,849.4200000000001,199.4626
7914.25,800.7339999999999,188.5546
7914.5,792.9300000000001,192.70749999999998
7914.75,742.846,177.941
7915.0,711.237,170.9837
7915.25,691.653,170.0008
7915.5,692.138,150.86169999999998
7915.75,677.428,154.6534
7916.0,683.133,149.9854
7916.25,638.725,153.8028
7916.5,613.4490000000001,150.6235
7916.75,598.241,150.1104
7917.0,586.087,140.8335
7917.25,589.505,135.8774
7917.5,591.72,137.9394
7917.75,587.528,138.4629
7918.0,592.894,142.4595
7918.25,610.913,145.7806
7918.5,545.095,133.2486
7918.75,529.3,135.5258
7919.0,532.962,137.6929
7919.25,513.994,119.7749
7919.5,522.3230000000001,125.7818
7919.75,507.10400000000004,124.5905
7920.0,493.64599999999996,125.3338
7920.25,528.902,127.72529999999999
7920.5,506.264,137.8834
7920.75,493.688,158.55040000000002
7921.0,511.03700000000003,164.90359999999998
7921.25,512.9449999999999,164.802
7921.5,497.279,160.3775
7921.75,499.471,159.29770000000002
7922.0,494.231,159.8545
7922.25,525.269,163.5213
7922.5,527.5730000000001,164.1621
7922.75,517.447,155.8985
7923.0,496.129,153.4642
7923.25,494.452,155.6656
7923.5,510.166,157.2994
7923.75,476.72799999999995,146.30880000000002
7924.0,474.90600000000006,149.0283
7924.25,456.659,146.83849999999998
7924.5,459.93,148.5877
7924.75,463.35799999999995,147.2622
7925.0,464.285,147.6923
7925.25,467.777,145.9471
7925.5,455.89700000000005,153.9125
7925.75,436.514,158.49110000000002
7926.0,452.821,148.6398
7926.25,482.039,145.8512
7926.5,519.572,147.98329999999999
7926.75,538.907,149.6183
7927.0,613.236,154.7155
7927.25,663.858,156.7918
7927.5,709.323,159.5204
7927.75,705.908,156.1347
7928.0,729.598,160.5275
7928.25,774.133,159.5945
7928.5,797.0210000000001,151.8019
7928.75,853.6150000000001,159.7769
7929.0,912.643,159.192
7929.25,943.975,177.1323
7929.5,988.309,194.1347
7929.75,987.1419999999998,184.6584
7930.0,957.841,189.14780000000002
7930.25,979.219,184.5678
7930.5,959.945,171.06119999999999
7930.75,1000.9590000000001,185.0565
7931.0,1062.911,179.9164
7931.25,1013.527,171.2301
7931.5,1029.5810000000001,166.1266
7931.75,1060.208,186.24130000000002
7932.0,1027.761,173.66500000000002
7932.25,1030.988,177.2499
7932.5,1015.404,174.2414
7932.75,1046.567,178.6045
7933.0,1073.212,184.5237
7933.25,1098.7479999999998,195.5979
7933.5,1111.944,193.85560000000004
7933.75,1100.549,212.5756
7934.0,1106.783,199.9702
7934.25,1079.263,195.8981
7934.5,1056.199,192.57920000000001
7934.75,1018.931,190.5144
7935.0,1010.6179999999999,185.4366
7935.25,1024.463,198.88459999999998
7935.5,949.781,184.20420000000001
7935.75,963.488,181.5236
7936.0,1036.145,212.91989999999998
7936.25,1147.475,257.9153
7936.5,1133.605,248.4829
7936.75,1160.488,262.33230000000003
7937.0,1128.058,279.17319999999995
7937.25,1046.7130000000002,262.35720000000003
7937.5,1008.768,261.6412
7937.75,988.778,254.35719999999998
7938.0,1028.9479999999999,261.33
7938.25,1006.7149999999999,250.8463
7938.5,998.96,252.77390000000003
7938.75,1024.817,260.9185
7939.0,990.322,260.9225
7939.25,975.605,254.9948
7939.5,937.4389999999999,247.52470000000002
7939.75,935.702,236.8031
7940.0,931.678,234.6222
7940.25,920.395,219.14450000000002
7940.5,888.5840000000001,215.304
7940.75,833.5049999999999,207.75320000000002
7941.0,836.0149999999999,208.3394
7941.25,846.531,208.5865
7941.5,849.7749999999999,206.7997
7941.75,842.947,208.4279
7942.0,681.3409999999999,148.38439999999997
7942.25,601.88,132.61380000000003
7942.5,572.144,131.57410000000002
7942.75,578.366,134.9616
7943.0,581.0419999999999,137.7983
7943.25,592.94,153.17860000000002
7943.5,585.556,145.4615
7943.75,543.734,140.3271
7944.0,543.178,140.9331
7944.25,552.589,140.0459
7944.5,548.089,139.2857
7944.75,554.049,157.7207
7945.0,574.1940000000001,167.8306
7945.25,561.979,160.7622
7945.5,573.194,168.6861
7945.75,547.415,161.4013
7946.0,599.4749999999999,161.7828
7946.25,584.933,164.1316
7946.5,593.019,166.7097
7946.75,562.659,164.3955
7947.0,562.7819999999999,163.2471
7947.25,564.4440000000001,154.9699
7947.5,550.5690000000001,151.1775
7947.75,533.028,152.336
7948.0,515.091,154.46800000000002
7948.25,487.58899999999994,151.81099999999998
7948.5,514.359,150.0251
7948.75,504.37200000000007,150.0625
7949.0,503.676,150.9125
7949.25,487.07599999999996,154.2045
7949.5,497.30499999999995,155.29629999999997
7949.75,520.336,154.6006
7950.0,537.9749999999999,155.2328
7950.25,578.124,157.2038
7950.5,553.487,159.2812
7950.75,580.375,172.74099999999999
7951.0,676.746,173.19910000000002
7951.25,709.446,180.7501
7951.5,797.916,178.3151
7951.75,904.375,190.2253
7952.0,958.027,199.6728
7952.25,998.845,194.55
7952.5,1043.152,195.413
7952.75,1106.286,207.7412
7953.0,1134.431,219.67409999999998
7953.25,1153.597,216.22299999999998
7953.5,1173.31,219.0334
7953.75,1155.125,208.28440000000003
7954.0,1148.888,197.8169
7954.25,1138.52,201.54769999999996
7954.5,1122.863,196.6844
7954.75,1148.432,199.8432
7955.0,1213.5610000000001,214.0211
7955.25,1230.892,213.32010000000002
7955.5,1238.784,209.6289
7955.75,1239.665,215.47500000000002
7956.0,1173.488,208.5953
7956.25,1167.196,193.96319999999997
7956.5,1184.318,199.3444
7956.75,1174.154,201.17469999999997
7957.0,1136.504,207.2144
7957.25,1043.426,170.3966
7957.5,1106.9959999999999,188.5976
7957.75,1153.5900000000001,197.97589999999997
7958.0,1171.34,208.61069999999998
7958.25,1220.003,209.3342
7958.5,1197.143,193.7108
7958.75,1123.004,192.52210000000002
7959.0,1108.135,192.90519999999998
7959.25,1060.601,180.0804
7959.5,1035.095,175.1255
7959.75,1050.3780000000002,186.93880000000001
7960.0,1059.161,189.7901
7960.25,977.213,176.7442
7960.5,925.1890000000001,166.5128
7960.75,880.5580000000001,177.6989
7961.0,817.94,168.5387
7961.25,822.9759999999999,195.2115
7961.5,773.818,195.21140000000003
7961.75,776.4929999999999,192.75029999999998
7962.0,743.241,189.055
7962.25,686.823,179.1757
7962.5,685.023,182.9076
7962.75,671.421,186.4656
7963.0,664.248,184.63469999999998
7963.25,659.6279999999999,179.3625
7963.5,684.172,187.5075
7963.75,672.015,171.54160000000002
7964.0,652.371,157.5694
7964.25,596.48,148.2595
7964.5,571.457,145.0702
7964.75,586.2520000000001,151.9606
7965.0,584.888,148.77339999999998
7965.25,590.477,152.1874
7965.5,583.2660000000001,149.4614
7965.75,570.604,155.1834
7966.0,566.7379999999999,162.8025
7966.25,569.261,155.85320000000002
7966.5,553.547,157.88299999999998
7966.75,546.3679999999999,160.3169
7967.0,532.727,157.4523
7967.25,510.266,151.6818
7967.5,523.129,146.4422
7967.75,537.602,155.0966
7968.0,541.274,159.10500000000002
7968.25,507.84499999999997,148.0864
7968.5,499.654,150.49450000000002
7968.75,489.16999999999996,139.5606
7969.0,500.243,144.74710000000002
7969.25,486.851,145.5333
7969.5,497.154,144.9334
7969.75,491.56399999999996,145.4605
7970.0,492.93899999999996,151.4524
7970.25,494.965,147.7383
7970.5,483.967,143.2785
7970.75,468.668,139.6037
7971.0,457.651,142.0051
7971.25,466.66099999999994,145.0025
7971.5,461.40999999999997,137.2525
7971.75,441.02,134.4906
7972.0,424.95799999999997,133.9145
7972.25,433.99600000000004,134.47320000000002
7972.5,426.109,128.96699999999998
7972.75,427.58299999999997,131.2069
7973.0,429.28700000000003,130.7099
7973.25,407.899,130.8674
7973.5,424.003,147.8604
7973.75,429.43399999999997,150.1173
7974.0,424.639,148.09629999999999
7974.25,434.57900000000006,144.779
7974.5,480.11400000000003,151.1235
7974.75,479.471,144.8836
7975.0,478.562,150.1522
7975.25,503.85699999999997,158.47310000000002
7975.5,509.226,164.12120000000002
7975.75,498.30899999999997,169.5468
7976.0,467.23900000000003,173.0627
7976.25,484.77099999999996,168.5137
7976.5,503.611,169.8303
7976.75,519.771,170.7887
7977.0,543.111,168.2154
7977.25,553.3530000000001,168.50469999999999
7977.5,554.614,169.4891
7977.75,577.152,171.878
7978.0,578.256,171.4217
7978.25,544.943,168.0645
7978.5,517.914,159.9861
7978.75,524.77,166.3718
7979.0,521.491,166.2464
7979.25,526.9010000000001,165.7208
7979.5,581.019,174.8034
7979.75,610.884,179.8757
7980.0,618.702,182.5038
7980.25,627.297,177.2112
7980.5,626.616,174.0305
7980.75,628.098,174.6814
7981.0,564.256,169.4301
7981.25,593.609,175.6301
7981.5,579.976,172.2551
7981.75,598.355,174.6481
7982.0,611.526,172.5752
7982.25,593.449,173.8141
7982.5,608.349,174.8878
7982.75,593.469,171.33589999999998
7983.0,576.807,167.5431
7983.25,591.258,164.10809999999998
7983.5,572.211,163.2221
7983.75,588.2850000000001,165.2818
7984.0,579.853,161.2066
7984.25,616.62,166.5207
7984.5,581.113,164.82649999999998
7984.75,572.9639999999999,161.1544
7985.0,606.424,168.286
7985.25,610.284,159.6892
7985.5,622.125,166.8085
7985.75,612.51,175.14419999999998
7986.0,590.64,169.9663
7986.25,604.3199999999999,169.3503
7986.5,614.192,160.53459999999998
7986.75,598.125,155.6967
7987.0,599.395,149.773
7987.25,586.8779999999999,152.59550000000002
7987.5,628.336,157.1978
7987.75,596.639,148.4727
7988.0,569.809,145.2857
7988.25,593.1600000000001,153.8205
7988.5,592.443,148.6107
7988.75,580.592,149.1782
7989.0,549.176,149.87990000000002
7989.25,552.592,156.7103
7989.5,518.889,153.90380000000002
7989.75,532.715,152.7678
7990.0,510.339,156.7505
7990.25,528.8309999999999,162.6848
7990.5,512.385,161.8696
7990.75,499.867,149.6361
7991.0,498.534,148.498
7991.25,489.015,147.6406
7991.5,494.761,150.72699999999998
7991.75,483.959,143.23680000000002
7992.0,459.67600000000004,141.3413
7992.25,481.558,150.0036
7992.5,447.302,146.7646
7992.75,456.13,146.3065
7993.0,466.38,148.1396
7993.25,451.463,147.7468
7993.5,446.783,139.5376
7993.75,435.484,134.9161
7994.0,431.14700000000005,135.3852
7994.25,433.94899999999996,133.36159999999998
7994.5,429.913,122.65710000000001
7994.75,407.986,118.28059999999999
7995.0,409.256,119.5988
7995.25,418.32399999999996,123.1036
7995.5,404.272,125.477
7995.75,412.53400000000005,123.3073
7996.0,394.565,121.0721
7996.25,392.567,122.7533
7996.5,385.44800000000004,120.9825
7996.75,378.451,125.72640000000001
7997.0,400.703,129.9504
7997.25,405.62300000000005,136.1277
7997.5,398.164,135.1626
7997.75,400.48799999999994,135.1874
7998.0,417.383,140.6232
7998.25,413.554,139.0861
7998.5,422.2,144.1505
7998.75,427.35799999999995,151.7724
7999.0,424.39700000000005,154.575
7999.25,402.347,146.7499
7999.5,395.172,149.34699999999998
7999.75,397.03999999999996,149.1425
8000.0,373.37199999999996,148.8683
8000.25,363.087,147.8999
8000.5,408.743,146.9188
8000.75,456.44,148.2878
8001.0,481.918,150.1569
8001.25,468.006,149.56119999999999
8001.5,466.404,153.0478
8001.75,484.97799999999995,152.61200000000002
8002.0,481.548,148.2665
8002.25,487.05600000000004,157.94660000000002
8002.5,422.03,152.42419999999998
8002.75,448.15700000000004,159.2791
8003.0,497.763,157.6632
8003.25,536.578,157.976
8003.5,572.856,160.39530000000002
8003.75,542.692,161.4825
8004.0,517.636,158.0044
8004.25,517.355,160.5065
8004.5,503.063,160.1895
8004.75,498.006,158.93800000000002
8005.0,472.51,151.413
8005.25,480.252,144.7891
8005.5,471.428,138.3152
8005.75,493.58400000000006,137.9189
8006.0,505.52299999999997,138.3321
8006.25,497.315,136.3814
8006.5,492.711,135.292
8006.75,465.231,136.233
8007.0,451.932,132.0437
8007.25,463.654,132.9183
8007.5,494.289,131.6969
8007.75,486.60900000000004,134.4011
8008.0,490.66999999999996,133.43300000000002
8008.25,504.34299999999996,137.6487
8008.5,481.85,135.1084
8008.75,491.64300000000003,138.2858
8009.0,494.27600000000007,140.2436
8009.25,528.107,147.4031
8009.5,519.65,153.075
8009.75,494.02799999999996,154.4311
8010.0,482.37699999999995,146.36290000000002
8010.25,514.187,146.3055
8010.5,517.396,144.2114
8010.75,527.6179999999999,146.273
8011.0,549.977,149.8498
8011.25,570.342,143.5417
8011.5,624.12,147.321
8011.75,659.028,147.8732
8012.0,639.54,143.4196
8012.25,626.148,141.414
8012.5,602.97,142.3123
8012.75,598.5229999999999,135.8101
8013.0,558.381,131.326
8013.25,550.387,134.9638
8013.5,502.075,135.7031
8013.75,529.397,138.3229
8014.0,520.7080000000001,147.13840000000002
8014.25,474.123,134.39350000000002
8014.5,462.969,133.0702
8014.75,447.10299999999995,132.2445
8015.0,481.673,142.6744
8015.25,445.044,139.4257
8015.5,450.86199999999997,142.3567
8015.75,459.38599999999997,148.3879
8016.0,438.64599999999996,137.21319999999997
8016.25,447.53499999999997,138.7093
8016.5,427.39300000000003,136.877
8016.75,426.08299999999997,136.4819
8017.0,418.019,130.5077
8017.25,441.34299999999996,131.5036
8017.5,461.05400000000003,147.8339
8017.75,439.637,149.8665
8018.0,456.38800000000003,154.1431
8018.25,443.327,149.4124
8018.5,434.53700000000003,146.2038
8018.75,426.01599999999996,143.05610000000001
8019.0,454.35699999999997,145.5124
8019.25,482.514,147.51080000000002
8019.5,491.846,152.551
8019.75,472.54100000000005,150.7121
8020.0,462.39199999999994,149.9985
8020.25,454.342,150.6967
8020.5,414.523,142.4219
8020.75,413.453,143.4593
8021.0,411.403,142.46020000000001
8021.25,403.90100000000007,146.0728
8021.5,395.975,150.6614
8021.75,381.293,145.60150000000002
8022.0,399.51700000000005,142.00099999999998
8022.25,423.34400000000005,149.3369
8022.5,477.02600000000007,155.3974
8022.75,514.977,165.2159
8023.0,547.409,158.99239999999998
8023.25,652.023,160.0281
8023.5,649.821,159.4575
8023.75,706.5350000000001,161.632
8024.0,787.5549999999998,160.439
8024.25,858.955,168.6772
8024.5,923.5240000000001,188.72629999999998
8024.75,980.0920000000001,186.54809999999998
8025.0,982.91,191.0831
8025.25,992.6320000000001,193.3084
8025.5,1024.597,197.5889
8025.75,1019.2810000000001,187.8703
8026.0,1037.819,184.4927
8026.25,1034.002,189.2696
8026.5,1023.19,188.77020000000002
8026.75,1087.732,200.78950000000003
8027.0,1087.001,181.90269999999998
8027.25,1074.478,172.0162
8027.5,1119.955,188.2978
8027.75,1277.1080000000002,257.46000000000004
8028.0,1343.047,271.2426
8028.25,1304.272,275.76030000000003
8028.5,1264.804,266.474
8028.75,1295.617,272.9523
8029.0,1246.9279999999999,265.1366
8029.25,1264.069,268.31780000000003
8029.5,1254.605,251.47639999999998
8029.75,1289.039,257.5899
8030.0,1335.681,252.6349
8030.25,1374.389,263.6613
8030.5,1354.281,266.7249
8030.75,1279.397,258.3568
8031.0,1286.706,255.4807
8031.25,1264.289,259.9473
8031.5,1288.3270000000002,262.0901
8031.75,1237.783,266.0393
8032.0,1225.174,261.971
8032.25,1208.897,259.5081
8032.5,1173.328,254.01460000000003
8032.75,1091.302,238.34210000000002
8033.0,1005.3399999999999,239.59210000000002
8033.25,1007.2179999999998,249.0414
8033.5,951.2370000000001,256.2942
8033.75,955.1990000000001,253.93710000000002
8034.0,904.7529999999999,254.5255
8034.25,856.07,237.2241
8034.5,826.6740000000001,230.231
8034.75,796.306,227.9718
8035.0,654.97,175.4738
8035.25,625.174,164.2036
8035.5,679.123,161.30669999999998
8035.75,701.0429999999999,161.6761
8036.0,680.266,158.9145
8036.25,629.3530000000001,160.95940000000002
8036.5,631.344,151.1732
8036.75,597.482,154.383
8037.0,583.0550000000001,147.9992
8037.25,567.914,143.029
8037.5,544.385,140.5968
8037.75,583.8240000000001,147.1626
8038.0,572.324,145.8437
8038.25,574.0909999999999,143.0233
8038.5,587.876,149.90009999999998
8038.75,567.521,145.07049999999998
8039.0,529.757,137.7011
8039.25,532.669,156.9048
8039.5,535.129,160.1559
8039.75,536.894,150.6861
8040.0,524.995,148.1352
8040.25,522.047,152.2589
8040.5,504.66200000000003,149.992
8040.75,534.351,159.7779
8041.0,512.9200000000001,143.25990000000002
8041.25,500.8299999999999,142.6009
8041.5,500.46500000000003,144.0367
8041.75,484.652,143.8665
8042.0,482.077,143.1159
8042.25,506.211,140.628
8042.5,500.41499999999996,150.3448
8042.75,502.19899999999996,156.78390000000002
8043.0,489.197,157.9726
8043.25,475.952,155.9436
8043.5,476.70599999999996,159.1763
8043.75,474.692,156.6222
8044.0,471.219,157.1594
8044.25,469.22900000000004,154.3961
8044.5,467.0,146.9069
8044.75,480.24300000000005,151.52270000000001
8045.0,464.993,145.7852
8045.25,448.364,146.6911
8045.5,452.98699999999997,153.1618
8045.75,437.548,149.823
8046.0,448.717,146.5138
8046.25,483.815,147.1927
8046.5,507.693,146.0611
8046.75,524.414,151.8534
8047.0,586.602,147.6362
8047.25,722.9069999999999,151.0387
8047.5,761.704,161.49540000000002
8047.75,767.316,157.5787
8048.0,807.0699999999999,155.3318
8048.25,856.8190000000001,162.8168
8048.5,942.627,172.98149999999998
8048.75,1008.674,175.1112
8049.0,1064.965,179.8292
8049.25,1072.0149999999999,184.4996
8049.5,1091.56,176.6834
8049.75,1096.3980000000001,178.7317
8050.0,1087.4720000000002,182.84300000000002
8050.25,1086.213,175.53050000000002
8050.5,1012.903,172.6282
8050.75,1100.2169999999999,182.6306
8051.0,1130.416,188.0806
8051.25,1191.503,188.18650000000002
8051.5,1159.3310000000001,187.7954
8051.75,1168.085,195.98149999999998
8052.0,1353.98,264.3888
8052.25,1372.087,268.4409
8052.5,1388.301,271.38239999999996
8052.75,1382.215,274.6815
8053.0,1309.915,269.01189999999997
8053.25,1291.349,258.0357
8053.5,1264.989,250.33839999999998
8053.75,1293.104,260.7183
8054.0,1305.701,266.0283
8054.25,1330.383,256.4047
8054.5,1298.9569999999999,259.3586
8054.75,1284.8519999999999,260.1585
8055.0,1278.1399999999999,262.71250000000003
8055.25,1192.913,242.46949999999998
8055.5,1216.982,246.7984
8055.75,1187.93,249.80689999999998
8056.0,1203.356,255.9339
8056.25,1139.06,243.0398
8056.5,1140.232,250.46749999999997
8056.75,1095.121,251.4471
8057.0,1012.186,249.3602
8057.25,934.261,235.8605
8057.5,933.22,245.8653
8057.75,938.344,251.44549999999998
8058.0,955.0100000000001,257.5277
8058.25,924.0020000000001,254.88139999999999
8058.5,868.816,240.4549
8058.75,875.2759999999998,233.975
8059.0,864.7660000000001,235.8323
8059.25,861.586,229.2348
8059.5,837.4780000000001,221.8213
8059.75,845.566,214.4406
8060.0,849.1709999999999,213.2058
8060.25,780.961,213.64870000000002
8060.5,801.1279999999999,206.1408
8060.75,767.296,195.4635
8061.0,798.5419999999999,188.7779
8061.25,783.898,186.7016
8061.5,755.2850000000001,191.79829999999998
8061.75,742.4739999999999,192.20660000000004
8062.0,600.6859999999999,149.1518
8062.25,608.165,151.748
8062.5,601.085,142.157
8062.75,563.9359999999999,143.2079
8063.0,565.553,148.1662
8063.25,554.606,152.4796
8063.5,518.909,141.4363
8063.75,535.166,138.8147
8064.0,509.19800000000004,140.2027
8064.25,519.191,138.7663
8064.5,485.87600000000003,125.13
8064.75,491.789,130.4095
8065.0,509.57300000000004,128.1855
8065.25,500.499,131.65820000000002
8065.5,488.75,130.1757
8065.75,501.19300000000004,133.5572
8066.0,518.584,134.9665
8066.25,519.9449999999999,147.37900000000002
8066.5,532.783,153.173
8066.75,524.894,152.062
8067.0,505.418,151.6688
8067.25,518.1030000000001,156.8631
8067.5,509.88,158.1059
8067.75,506.677,153.3484
8068.0,488.711,151.156
8068.25,469.09899999999993,152.0313
8068.5,464.544,150.1322
8068.75,461.05699999999996,154.5565
8069.0,462.668,156.0325
8069.25,428.67099999999994,142.98950000000002
8069.5,437.8299999999999,138.2423
8069.75,415.61300000000006,135.1569
8070.0,448.871,138.6368
8070.25,463.80100000000004,135.71609999999998
8070.5,485.024,139.0846
8070.75,530.481,145.0443
8071.0,562.395,139.1859
8071.25,564.399,133.0755
8071.5,616.255,131.4444
8071.75,671.544,155.8582
8072.0,709.218,159.6227
8072.25,790.9289999999999,167.3304
8072.5,825.94,167.4727
8072.75,860.185,164.252
8073.0,872.9979999999998,161.489
8073.25,896.0999999999999,167.33010000000002
8073.5,911.4459999999999,171.5658
8073.75,920.738,173.39499999999998
8074.0,919.5519999999999,178.6096
8074.25,925.546,177.5824
8074.5,949.363,189.8175
8074.75,1103.3919999999998,244.34689999999998
8075.0,1097.2849999999999,225.8863
8075.25,1199.83,254.2526
8075.5,1204.0990000000002,276.9098
8075.75,1224.209,264.0096
8076.0,1170.943,250.0124
8076.25,1110.841,241.87719999999996
8076.5,1107.406,250.94080000000002
8076.75,1130.656,253.3247
8077.0,1119.427,251.49099999999999
8077.25,1138.693,250.97230000000002
8077.5,1103.281,241.45589999999999
8077.75,1168.703,243.45280000000002
8078.0,1164.749,237.4445
8078.25,1162.112,240.92059999999998
8078.5,1156.598,247.78820000000002
8078.75,1082.068,247.36129999999997
8079.0,1092.967,243.88719999999998
8079.25,1121.674,255.56220000000002
8079.5,1071.475,247.7548
8079.75,1039.867,242.92940000000002
8080.0,1009.879,240.56940000000003
8080.25,994.105,227.75889999999998
8080.5,978.3969999999999,234.18280000000001
8080.75,963.871,250.71959999999996
8081.0,926.518,257.3825
8081.25,929.5110000000001,251.59959999999998
8081.5,932.489,253.0664
8081.75,937.219,264.0069
8082.0,938.687,260.3641
8082.25,920.77,262.6574
8082.5,900.22,260.4392
8082.75,893.152,253.65929999999997
8083.0,901.5740000000001,249.49060000000003
8083.25,905.5400000000001,244.2022
8083.5,931.7529999999999,243.4201
8083.75,921.863,237.71359999999999
8084.0,923.935,227.7
8084.25,850.937,219.9788
8084.5,846.0219999999999,230.4477
8084.75,839.4159999999999,231.7461
8085.0,792.8420000000001,209.0448
8085.25,750.995,192.0027
8085.5,759.697,201.14370000000002
8085.75,571.31,140.50119999999998
8086.0,564.181,143.1646
8086.25,581.795,142.12
8086.5,547.4929999999999,137.62380000000002
8086.75,536.746,137.1356
8087.0,564.158,147.5131
8087.25,566.32,145.63029999999998
8087.5,535.888,133.7545
8087.75,519.586,137.75490000000002
8088.0,519.971,137.8072
8088.25,507.81399999999996,139.5309
8088.5,470.645,139.2532
8088.75,490.71799999999996,142.94389999999999
8089.0,499.565,135.2921
8089.25,497.596,136.5869
8089.5,505.935,139.2933
8089.75,502.788,137.8912
8090.0,510.9549999999999,141.4173
8090.25,524.086,145.9536
8090.5,531.447,158.65980000000002
8090.75,520.755,154.4102
8091.0,539.304,154.355
8091.25,542.271,151.57240000000002
8091.5,531.524,151.7321
8091.75,520.265,152.7816
8092.0,529.019,148.51760000000002
8092.25,522.683,148.2384
8092.5,516.125,149.3654
8092.75,545.384,151.68869999999998
8093.0,544.703,146.9207
8093.25,514.8679999999999,143.2355
8093.5,542.931,146.12900000000002
8093.75,468.866,144.10829999999999
8094.0,462.385,141.5346
8094.25,510.395,145.39499999999998
8094.5,504.90299999999996,143.7939
8094.75,539.333,149.0594
8095.0,556.8689999999999,150.3606
8095.25,623.8149999999999,161.637
8095.5,629.736,169.06459999999998
8095.75,635.235,160.2633
8096.0,693.234,174.87740000000002
8096.25,813.9069999999999,188.91049999999998
8096.5,908.974,183.41140000000001
8096.75,902.7710000000001,186.4187
8097.0,955.0059999999999,188.3836
8097.25,960.922,186.5967
8097.5,978.219,195.21680000000003
8097.75,991.5580000000001,189.7387
8098.0,980.3230000000001,186.2912
8098.25,988.6569999999999,192.6571
8098.5,949.567,191.2133
8098.75,916.0359999999998,192.7566
8099.0,992.629,190.5895
8099.25,1009.7090000000001,196.78570000000002
8099.5,987.7749999999999,197.65079999999998
8099.75,1034.1370000000002,208.8858
8100.0,945.9069999999999,179.0925
8100.25,991.585,184.1827
8100.5,1029.1779999999999,187.1323
8100.75,975.547,180.74020000000002
8101.0,920.4639999999999,176.77009999999999
8101.25,873.1089999999999,170.15050000000002
8101.5,898.967,179.9861
8101.75,909.6340000000001,192.3155
8102.0,912.943,173.6334
8102.25,918.95,176.15109999999999
8102.5,953.345,185.0469
8102.75,901.478,183.72639999999998
8103.0,851.27,167.6017
8103.25,838.763,172.52870000000001
8103.5,836.4789999999998,162.8141
8103.75,866.725,163.7255
8104.0,861.538,164.4966
8104.25,830.953,159.93619999999999
8104.5,836.892,162.2221
8104.75,806.7939999999999,159.2969
8105.0,746.98,155.5359
8105.25,732.079,167.8854
8105.5,800.4179999999999,179.79059999999998
8105.75,758.656,169.9207
8106.0,826.2349999999999,187.79160000000002
8106.25,772.072,177.5192
8106.5,718.653,172.0596
8106.75,692.803,161.6191
8107.0,662.0129999999999,156.3963
8107.25,627.63,148.7337
8107.5,627.537,151.9227
8107.75,674.357,152.238
8108.0,638.955,144.2794
8108.25,566.8240000000001,133.5768
8108.5,544.495,136.7151
8108.75,543.518,134.7591
8109.0,557.26,131.0017
8109.25,558.604,122.6439
8109.5,535.3910000000001,122.71549999999999
8109.75,538.202,123.2132
8110.0,525.779,125.2546
8110.25,535.46,121.86120000000001
8110.5,493.169,119.67099999999999
8110.75,475.331,127.26309999999998
8111.0,538.6600000000001,134.0302
8111.25,519.308,135.2212
8111.5,553.568,151.48080000000002
8111.75,539.51,150.5538
8112.0,496.25300000000004,143.6778
8112.25,481.028,131.5035
8112.5,475.121,131.42450000000002
8112.75,487.726,134.8845
8113.0,539.2570000000001,140.8437
8113.25,524.5350000000001,151.6044
8113.5,514.058,148.6889
8113.75,536.316,152.5371
8114.0,542.13,155.5821
8114.25,547.94,162.3611
8114.5,577.602,162.83010000000002
8114.75,545.26,157.24059999999997
8115.0,491.56199999999995,151.99020000000002
8115.25,501.144,149.9967
8115.5,496.51699999999994,147.6868
8115.75,490.533,141.3017
8116.0,507.783,142.99530000000001
8116.25,512.512,147.0452
8116.5,519.469,149.4637
8116.75,503.892,148.4621
8117.0,456.31999999999994,148.65269999999998
8117.25,444.221,143.8296
8117.5,442.708,138.9972
8117.75,423.26199999999994,140.15630000000002
8118.0,407.7579999999999,132.3863
8118.25,424.345,134.9852
8118.5,439.264,133.8598
8118.75,506.549,142.1718
8119.0,564.924,142.5779
8119.25,608.125,144.0315
8119.5,681.585,151.8877
8119.75,787.7950000000001,169.97969999999998
8120.0,854.4489999999998,179.74079999999998
8120.25,907.2069999999999,182.6746
8120.5,914.8809999999999,177.98340000000002
8120.75,926.7369999999999,178.5019
8121.0,1000.1260000000001,179.72140000000002
8121.25,977.0889999999999,175.996
8121.5,938.7550000000001,175.2819
8121.75,973.129,180.73770000000002
8122.0,1004.895,184.0984
8122.25,1024.397,188.9874
8122.5,956.608,176.7507
8122.75,1018.3990000000001,178.9294
8123.0,1042.541,191.22129999999999
8123.25,1044.4769999999999,198.47160000000002
8123.5,1058.1970000000001,202.46859999999998
8123.75,1081.376,207.4327
8124.0,1056.8899999999999,213.43420000000003
8124.25,1108.528,221.3624
8124.5,1027.138,207.26119999999997
8124.75,1039.805,217.43970000000002
8125.0,1022.578,214.1086
8125.25,1010.414,211.5732
8125.5,1035.82,212.53770000000003
8125.75,1012.886,209.1051
8126.0,1021.8480000000001,199.9001
8126.25,1045.325,199.94709999999998
8126.5,1033.754,192.41189999999997
8126.75,969.4900000000001,175.9402
8127.0,940.315,174.0761
8127.25,953.999,171.8799
8127.5,963.035,182.5824
8127.75,937.781,182.1987
8128.0,934.0219999999999,174.1959
8128.25,919.39,176.60739999999998
8128.5,898.087,171.8897
8128.75,862.4379999999999,181.4496
8129.0,967.311,250.3778
8129.25,986.001,258.51160000000004
8129.5,969.988,268.4679
8129.75,968.262,271.6833
8130.0,937.595,256.9152
8130.25,924.02,243.8478
8130.5,875.804,231.5485
8130.75,854.935,232.65120000000002
8131.0,797.008,218.16180000000003
8131.25,759.591,215.0405
8131.5,755.803,213.37849999999997
8131.75,776.61,213.3672
8132.0,786.0150000000001,214.34060000000002
8132.25,705.893,221.0337
8132.5,691.0840000000001,225.5111
8132.75,692.528,223.0242
8133.0,663.76,203.85060000000001
8133.25,690.392,198.3551
8133.5,674.687,199.73919999999998
8133.75,682.078,200.9866
8134.0,622.319,178.5201
8134.25,479.16499999999996,134.46620000000001
8134.5,480.18199999999996,136.754
8134.75,480.087,139.037
8135.0,468.39799999999997,137.3868
8135.25,462.83900000000006,134.54930000000002
8135.5,459.972,131.0188
8135.75,465.07399999999996,131.4448
8136.0,447.484,131.1824
8136.25,443.462,133.5174
8136.5,441.14599999999996,134.05519999999999
8136.75,430.72,132.8902
8137.0,457.99600000000004,139.4968
8137.25,470.79600000000005,143.58620000000002
8137.5,446.59099999999995,137.2131
8137.75,422.401,138.4176
8138.0,431.417,131.7006
8138.25,433.50899999999996,135.25650000000002
8138.5,433.291,133.6055
8138.75,427.92099999999994,133.81040000000002
8139.0,410.597,131.4907
8139.25,403.096,130.8444
8139.5,404.689,127.8013
8139.75,407.81000000000006,129.5425
8140.0,393.836,131.0692
8140.25,390.562,127.317
8140.5,379.549,121.61609999999999
8140.75,379.286,118.9973
8141.0,387.65500000000003,119.7143
8141.25,405.025,125.57230000000001
8141.5,408.38,141.96970000000002
8141.75,397.024,141.6907
8142.0,399.758,141.7544
8142.25,408.08299999999997,141.6196
8142.5,437.624,144.3197
8142.75,418.175,142.1848
8143.0,443.417,138.3915
8143.25,442.272,140.7788
8143.5,449.51,139.4032
8143.75,430.622,138.8731
8144.0,383.291,133.7375
8144.25,427.4,141.9976
8144.5,491.847,154.7968
8144.75,585.885,154.7065
8145.0,550.329,154.0448
8145.25,515.188,150.15019999999998
8145.5,522.9630000000001,151.8269
8145.75,561.4110000000001,156.66740000000001
8146.0,563.554,155.7728
8146.25,569.656,158.04410000000001
8146.5,502.273,149.4519
8146.75,502.68399999999997,148.9069
8147.0,545.38,154.3072
8147.25,538.1189999999999,156.5383
8147.5,547.543,149.1594
8147.75,555.941,145.9721
8148.0,565.992,148.9208
8148.25,569.685,152.0646
8148.5,571.212,147.5195
8148.75,587.731,144.4686
8149.0,558.669,145.34300000000002
8149.25,534.495,144.1784
8149.5,568.63,145.2423
8149.75,587.2280000000001,154.71280000000002
8150.0,551.823,146.1489
8150.25,523.783,143.2492
8150.5,546.249,156.4509
8150.75,538.7850000000001,154.568
8151.0,558.645,154.5342
8151.25,559.419,151.4513
8151.5,542.9490000000001,142.7594
8151.75,542.289,146.2482
8152.0,516.846,144.7763
8152.25,534.465,150.00469999999999
8152.5,538.5459999999999,151.5017
8152.75,524.505,150.5932
8153.0,531.982,154.7231
8153.25,503.596,142.6272
8153.5,489.53599999999994,133.9478
8153.75,490.249,133.3809
8154.0,516.355,136.27280000000002
8154.25,509.545,137.6396
8154.5,527.547,140.6805
8154.75,523.987,142.4134
8155.0,511.578,143.1632
8155.25,538.104,145.9978
8155.5,543.984,141.8233
8155.75,567.636,137.6928
8156.0,522.204,135.6506
8156.25,516.8710000000001,137.5547
8156.5,489.23199999999997,134.5335
8156.75,502.80000000000007,137.4818
8157.0,481.452,129.9188
8157.25,481.764,131.66570000000002
8157.5,518.2439999999999,141.5472
8157.75,501.111,137.644
8158.0,506.655,134.5312
8158.25,479.59899999999993,134.2366
8158.5,525.984,145.3902
8158.75,507.078,148.50480000000002
8159.0,492.35,149.1299
8159.25,486.52,146.9513
8159.5,486.87,139.94729999999998
8159.75,479.082,143.7927
8160.0,456.89200000000005,143.9962
8160.25,448.11199999999997,139.8109
8160.5,435.325,137.84550000000002
8160.75,452.24800000000005,145.2869
8161.0,444.875,138.0103
8161.25,448.02200000000005,135.88479999999998
8161.5,448.377,137.1917
8161.75,436.81199999999995,137.041
8162.0,447.948,143.675
8162.25,430.90700000000004,133.2458
8162.5,420.55300000000005,130.6394
8162.75,420.16099999999994,132.0746
8163.0,409.607,133.14530000000002
8163.25,405.55300000000005,130.184
8163.5,411.721,128.068
8163.75,405.72399999999993,124.4274
8164.0,404.278,127.10379999999999
8164.25,399.595,127.4366
8164.5,383.975,127.5652
8164.75,402.567,134.99540000000002
8165.0,397.06899999999996,132.1427
8165.25,398.327,130.8693
8165.5,375.55899999999997,129.8241
8165.75,371.258,130.1401
8166.0,395.038,133.9314
8166.25,391.52600000000007,132.2616
8166.5,386.006,129.3909
8166.75,383.048,127.7024
8167.0,397.016,133.9416
8167.25,406.111,132.6338
8167.5,412.328,134.6241
8167.75,429.467,137.25189999999998
8168.0,409.54599999999994,135.7378
8168.25,425.603,139.7739
8168.5,469.41700000000003,141.8045
8168.75,501.764,142.33270000000002
8169.0,527.508,145.17000000000002
8169.25,535.97,143.4042
8169.5,541.422,147.49599999999998
8169.75,524.775,144.2226
8170.0,527.968,147.9615
8170.25,502.40500000000003,141.7429
8170.5,457.74300000000005,140.22719999999998
8170.75,461.85400000000004,140.9845
8171.0,483.56399999999996,143.87380000000002
8171.25,484.652,141.3483
8171.5,508.198,142.9018
8171.75,549.246,145.35629999999998
8172.0,554.868,141.1986
8172.25,559.374,141.14690000000002
8172.5,562.023,142.0454
8172.75,550.368,138.8065
8173.0,519.6659999999999,132.8798
8173.25,522.576,132.3581
8173.5,554.634,141.8798
8173.75,569.695,139.5085
8174.0,575.335,142.8123
8174.25,530.158,137.4183
8174.5,526.4639999999999,137.7825
8174.75,502.29299999999995,132.5245
8175.0,541.857,134.4383
8175.25,534.39,134.5275
8175.5,537.732,133.3794
8175.75,504.147,136.3626
8176.0,546.399,144.0856
8176.25,338.00100000000003,129.5807
8176.5,350.825,129.6573
8176.75,322.61100000000005,124.6462
8177.0,336.384,123.17689999999999
8177.25,355.46999999999997,129.3111
8177.5,357.575,133.52159999999998
8177.75,328.91,131.9805
8178.0,526.52,147.9375
8178.25,593.493,153.5431
8178.5,565.527,146.9905
8178.75,589.983,166.4145
8179.0,577.308,163.9271
8179.25,583.617,161.9813
8179.5,588.855,158.7388
8179.75,615.837,151.9588
8180.0,556.5459999999999,140.4178
8180.25,541.392,136.4145
8180.5,556.284,138.96949999999998
8180.75,552.0029999999999,143.0619
8181.0,553.383,146.0722
8181.25,548.032,150.1824
8181.5,561.1510000000001,147.11090000000002
8181.75,565.686,142.5301
8182.0,564.009,137.8064
8182.25,570.0509999999999,139.4864
8182.5,559.3530000000001,139.9775
8182.75,565.555,144.1721
8183.0,561.971,152.04739999999998
8183.25,555.192,152.7725
8183.5,559.963,157.98559999999998
8183.75,564.926,157.96970000000002
8184.0,545.913,153.2014
8184.25,521.326,150.6496
8184.5,522.355,142.4796
8184.75,507.38399999999996,143.2432
8185.0,531.389,150.3195
8185.25,531.4590000000001,150.95319999999998
8185.5,531.1099999999999,144.7485
8185.75,510.953,147.0203
8186.0,484.488,145.16070000000002
8186.25,483.12800000000004,139.4808
8186.5,504.703,140.5779
8186.75,495.24300000000005,138.9341
8187.0,477.67199999999997,138.7238
8187.25,470.141,140.9642
8187.5,485.27700000000004,146.1741
8187.75,469.967,141.4787
8188.0,459.506,131.0494
8188.25,463.90900000000005,124.0899
8188.5,468.15700000000004,122.31989999999999
8188.75,469.05000000000007,121.7514
8189.0,467.741,125.03920000000001
8189.25,451.84799999999996,122.5167
8189.5,466.711,126.6971
8189.75,445.16999999999996,124.8118
8190.0,447.83899999999994,126.717
8190.25,442.74199999999996,121.23219999999999
8190.5,459.577,125.3615
8190.75,501.627,141.4869
8191.0,584.115,147.9238
8191.25,631.046,159.2748
8191.5,702.364,166.11
8191.75,791.922,170.906
8192.0,874.5880000000001,170.7884
8192.25,918.931,181.8811
8192.5,958.279,186.2466
8192.75,987.2740000000001,189.6378
8193.0,1037.035,196.2
8193.25,1111.724,208.892
8193.5,1114.37,201.86759999999998
8193.75,1124.603,209.67470000000003
8194.0,1102.313,203.6945
8194.25,1099.5590000000002,195.40840000000003
8194.5,1083.419,180.6137
8194.75,1080.599,176.3059
8195.0,1076.6570000000002,179.4681
8195.25,1112.7359999999999,190.08159999999998
8195.5,1144.776,194.04579999999999
8195.75,1141.915,194.14439999999996
8196.0,1161.085,203.0465
8196.25,1107.449,203.05689999999998
8196.5,1109.587,198.71929999999998
8196.75,1120.9769999999999,194.14530000000002
8197.0,1083.295,190.0269
8197.25,1060.306,185.5282
8197.5,1105.8999999999999,184.89530000000002
8197.75,1084.7910000000002,191.5833
8198.0,1087.4850000000001,194.409
8198.25,1110.006,208.30089999999998
8198.5,1124.244,200.1953
8198.75,1082.568,203.2264
8199.0,1047.139,205.6967
8199.25,1111.732,217.13930000000002
8199.5,1060.517,201.04930000000002
8199.75,1069.147,205.067
8200.0,831.645,207.7056
8200.25,684.12,179.5282
8200.5,656.715,168.7095
8200.75,559.623,162.3713
8201.0,708.472,165.9127
8201.25,709.731,172.72
8201.5,686.379,155.55180000000001
8201.75,673.573,152.52429999999998
8202.0,707.979,148.013
8202.25,710.632,145.3757
8202.5,725.673,149.61700000000002
8202.75,731.932,146.2315
8203.0,733.921,145.97740000000002
8203.25,760.2810000000001,151.2141
8203.5,745.722,151.3838
8203.75,757.44,148.4309
8204.0,744.615,146.0943
8204.25,696.0360000000001,143.2288
8204.5,699.678,144.43040000000002
8204.75,664.733,141.39800000000002
8205.0,658.607,147.2275
8205.25,650.284,143.019
8205.5,641.207,144.9846
8205.75,698.1790000000001,145.11239999999998
8206.0,626.249,136.6181
8206.25,645.921,134.0856
8206.5,626.479,135.1017
8206.75,613.5239999999999,134.1791
8207.0,619.0550000000001,139.8652
8207.25,616.8109999999999,141.85809999999998
8207.5,619.6990000000001,150.0046
8207.75,607.475,137.77339999999998
8208.0,574.202,132.6483
8208.25,569.579,133.4569
8208.5,543.908,129.5693
8208.75,522.438,128.8446
8209.0,516.861,127.8535
8209.25,543.018,133.0622
8209.5,547.131,140.15019999999998
8209.75,509.499,135.2487
8210.0,501.1329999999999,132.38799999999998
8210.25,521.889,137.1875
8210.5,524.077,138.41719999999998
8210.75,539.814,139.4984
8211.0,530.928,138.2056
8211.25,516.7270000000001,136.3778
8211.5,506.961,134.9915
8211.75,514.3530000000001,137.4282
8212.0,517.302,134.7584
8212.25,492.547,132.7729
8212.5,479.11199999999997,129.3835
8212.75,467.56899999999996,122.3395
8213.0,477.779,122.4474
8213.25,468.71000000000004,123.38520000000001
8213.5,479.64300000000003,125.90299999999999
8213.75,455.134,119.0452
8214.0,473.988,120.8095
8214.25,481.09099999999995,120.39680000000001
8214.5,500.302,127.43820000000001
8214.75,510.02600000000007,134.1468
8215.0,543.3530000000001,132.7529
8215.25,610.369,142.4385
8215.5,623.8030000000001,138.3399
8215.75,639.204,145.5777
8216.0,641.895,145.1033
8216.25,667.053,149.1169
8216.5,728.626,154.8409
8216.75,763.8580000000001,157.1452
8217.0,786.5409999999999,151.6525
8217.25,796.621,148.2187
8217.5,829.4440000000001,160.3598
8217.75,807.508,154.5129
8218.0,784.483,157.81300000000002
8218.25,799.792,157.0829
8218.5,741.394,145.5529
8218.75,818.356,157.6009
8219.0,817.117,157.7768
8219.25,862.962,163.0114
8219.5,861.58,168.6764
8219.75,897.0430000000001,180.5913
8220.0,909.7,181.4978
8220.25,899.671,176.288
8220.5,891.799,186.0449
8220.75,864.154,170.9035
8221.0,855.1790000000001,168.58010000000002
8221.25,841.273,162.2038
8221.5,839.803,162.2406
8221.75,830.599,171.1637
8222.0,850.6949999999999,162.2159
8222.25,844.903,154.4458
8222.5,883.4379999999999,160.5232
8222.75,839.1790000000001,153.2587
8223.0,838.546,154.7271
8223.25,854.935,157.636
8223.5,943.7950000000001,192.5381
8223.75,1024.1860000000001,224.5489
8224.0,965.578,215.8761
8224.25,909.538,198.84050000000002
8224.5,861.556,185.6757
8224.75,858.273,199.4243
8225.0,788.298,191.5029
8225.25,695.466,172.8428
8225.5,653.289,175.97179999999997
8225.75,643.947,177.09949999999998
8226.0,651.736,173.6476
8226.25,666.352,180.9792
8226.5,680.9780000000001,185.9801
8226.75,666.663,178.6028
8227.0,628.8919999999999,173.9905
8227.25,616.331,164.0293
8227.5,621.068,163.57580000000002
8227.75,662.828,165.5605
8228.0,674.158,172.3537
8228.25,616.507,165.5835
8228.5,574.267,159.0447
8228.75,569.912,159.2785
8229.0,595.4110000000001,162.4995
8229.25,599.623,163.6631
8229.5,568.589,146.7769
8229.75,565.04,144.9031
8230.0,542.57,132.9736
8230.25,540.649,130.6672
8230.5,540.962,131.37009999999998
8230.75,525.23,131.79659999999998
8231.0,544.0909999999999,138.7558
8231.25,522.647,142.83319999999998
8231.5,515.0989999999999,137.7233
8231.75,475.50899999999996,131.0334
8232.0,476.18899999999996,130.04160000000002
8232.25,463.09799999999996,126.34580000000001
8232.5,440.55100000000004,127.97250000000001
8232.75,455.09299999999996,130.3289
8233.0,451.83299999999997,129.23809999999997
8233.25,439.29499999999996,121.13150000000002
8233.5,444.283,119.1523
8233.75,476.52,126.2185
8234.0,467.264,126.4182
8234.25,438.605,123.8858
8234.5,441.93999999999994,122.88879999999999
8234.75,431.891,120.87639999999999
8235.0,438.9549999999999,123.7027
8235.25,450.657,127.55269999999999
8235.5,487.326,130.1496
8235.75,490.93100000000004,129.2008
8236.0,469.427,129.8263
8236.25,475.83000000000004,131.6881
8236.5,477.81100000000004,133.8484
8236.75,473.80400000000003,140.3594
8237.0,445.73,131.71949999999998
8237.25,425.096,127.5869
8237.5,429.278,130.201
8237.75,431.693,128.6353
8238.0,407.861,124.16750000000002
8238.25,474.72399999999993,129.9723
8238.5,541.401,134.0505
8238.75,525.239,141.98000000000002
8239.0,548.605,145.7714
8239.25,589.401,141.8915
8239.5,566.567,140.7087
8239.75,649.476,150.4721
8240.0,626.1600000000001,149.4128
8240.25,665.111,154.2096
8240.5,685.276,165.96460000000002
8240.75,673.557,160.173
8241.0,730.7130000000001,170.149
8241.25,733.632,156.542
8241.5,713.761,158.5825
8241.75,723.6030000000001,154.5086
8242.0,731.2529999999999,162.6773
8242.25,729.12,155.9339
8242.5,650.876,133.83530000000002
8242.75,684.645,150.1961
8243.0,724.213,144.26889999999997
8243.25,746.605,150.55200000000002
8243.5,722.0419999999999,154.25740000000002
8243.75,785.5329999999999,155.698
8244.0,780.8520000000001,150.7953
8244.25,795.6790000000001,164.2074
8244.5,790.705,158.82160000000002
8244.75,757.7919999999999,156.4112
8245.0,770.0070000000001,174.7121
8245.25,725.662,169.61
8245.5,700.446,161.8225
8245.75,705.134,146.9389
8246.0,687.5419999999999,139.3761
8246.25,674.714,142.7467
8246.5,673.434,147.5192
8246.75,673.078,139.9009
8247.0,745.7860000000001,178.4724
8247.25,849.8520000000001,219.5844
8247.5,789.0809999999999,223.33679999999998
8247.75,793.077,211.09120000000001
8248.0,852.0809999999999,231.6306
8248.25,833.662,230.2939
8248.5,767.634,217.03179999999998
8248.75,772.483,220.9227
8249.0,740.565,223.40519999999998
8249.25,719.298,212.89509999999999
8249.5,705.015,220.68869999999998
8249.75,715.863,215.1178
8250.0,745.9730000000001,215.44850000000002
8250.25,676.3,207.3842
8250.5,655.9639999999999,191.8448
8250.75,640.328,185.3199
8251.0,657.4730000000001,187.13230000000001
8251.25,650.623,189.1363
8251.5,682.426,184.5657
8251.75,692.1289999999999,177.1728
8252.0,678.38,166.8075
8252.25,629.389,166.95850000000002
8252.5,607.1479999999999,170.2724
8252.75,637.541,181.3939
8253.0,621.06,178.11430000000001
8253.25,613.688,178.5247
8253.5,609.514,172.2565
8253.75,616.9849999999999,170.6802
8254.0,478.292,125.98899999999999
8254.25,465.99800000000005,122.0537
8254.5,452.49300000000005,125.73580000000001
8254.75,418.962,121.47409999999999
8255.0,444.52099999999996,127.81030000000001
8255.25,424.404,128.653
8255.5,422.88,122.969
8255.75,407.519,122.69319999999999
8256.0,404.82500000000005,124.7217
8256.25,394.078,118.8255
8256.5,381.69100000000003,118.0793
8256.75,404.43399999999997,121.18030000000002
8257.0,431.661,121.5666
8257.25,449.53999999999996,120.32150000000001
8257.5,444.59299999999996,119.3236
8257.75,409.475,121.6329
8258.0,405.107,126.3887
8258.25,388.586,123.6815
8258.5,389.65,120.1454
8258.75,394.111,123.10650000000001
8259.0,382.925,121.7912
8259.25,383.216,125.9948
8259.5,392.011,125.52550000000001
8259.75,429.91999999999996,122.92320000000001
8260.0,433.499,124.1618
8260.25,428.102,113.631
8260.5,409.00700000000006,113.0444
8260.75,368.503,112.99519999999998
8261.0,351.37800000000004,112.3468
8261.25,347.91200000000003,108.9611
8261.5,379.538,113.2822
8261.75,382.022,118.3219
8262.0,383.009,119.043
8262.25,420.583,117.805
8262.5,429.331,119.1288
8262.75,407.303,118.1152
8263.0,489.544,125.154
8263.25,529.3530000000001,126.5339
8263.5,545.304,130.0503
8263.75,654.5999999999999,131.2936
8264.0,589.038,138.18060000000003
8264.25,683.3190000000001,145.3983
8264.5,681.2529999999999,143.8644
8264.75,728.107,148.55259999999998
8265.0,795.2740000000001,154.5141
8265.25,819.6690000000001,154.999
8265.5,843.646,154.7048
8265.75,800.9290000000001,151.9045
8266.0,815.434,149.84
8266.25,783.502,147.3042
8266.5,759.642,143.3184
8266.75,861.961,156.8637
8267.0,853.369,149.9289
8267.25,849.205,145.25109999999998
8267.5,845.0739999999998,151.42000000000002
8267.75,878.818,163.6436
8268.0,859.78,168.7754
8268.25,876.3760000000001,159.899
8268.5,891.421,164.7942
8268.75,893.4820000000001,161.9025
8269.0,847.9569999999999,157.6104
8269.25,865.8610000000001,154.93900000000002
8269.5,849.0699999999999,162.8159
8269.75,872.283,162.6542
8270.0,901.962,167.3297
8270.25,911.086,172.8
8270.5,899.806,177.2924
8270.75,1081.325,237.1716
8271.0,1056.133,228.8691
8271.25,1079.187,236.43189999999998
8271.5,1083.0549999999998,228.73080000000002
8271.75,1117.958,232.24490000000003
8272.0,1101.073,230.51440000000002
8272.25,1063.2669999999998,234.63619999999997
8272.5,996.1150000000001,227.12509999999997
8272.75,972.037,233.3746
8273.0,884.058,226.8774
8273.25,823.1759999999999,210.85289999999998
8273.5,859.535,221.7184
8273.75,838.533,224.0584
8274.0,837.877,223.4849
8274.25,834.8620000000001,230.76749999999998
8274.5,806.61,225.8169
8274.75,834.145,226.2704
8275.0,828.726,227.27779999999998
8275.25,815.6560000000001,222.00670000000002
8275.5,802.6569999999999,217.5489
8275.75,826.546,213.88850000000002
8276.0,802.831,203.59089999999998
8276.25,757.566,205.1107
8276.5,711.788,195.7925
8276.75,708.898,197.89460000000003
8277.0,753.007,202.42950000000002
8277.25,710.384,195.5953
8277.5,686.774,193.9258
8277.75,614.549,168.9621
8278.0,492.92600000000004,130.3803
8278.25,509.947,129.5069
8278.5,441.92900000000003,124.26729999999999
8278.75,477.212,125.91059999999999
8279.0,431.255,123.7699
8279.25,483.096,137.0757
8279.5,541.596,143.72650000000002
8279.75,543.719,143.7665
8280.0,522.953,136.4907
8280.25,504.60800000000006,136.4432
8280.5,514.426,136.8063
8280.75,473.131,124.60079999999999
8281.0,507.422,132.9592
8281.25,485.43399999999997,128.5903
8281.5,495.119,135.0212
8281.75,452.66600000000005,134.1574
8282.0,427.472,129.3727
8282.25,425.653,125.97619999999999
8282.5,434.243,133.1488
8282.75,409.414,126.2311
8283.0,407.639,119.5191
8283.25,425.456,124.7106
8283.5,421.71400000000006,131.9802
8283.75,402.64700000000005,125.8543
8284.0,423.775,129.33319999999998
8284.25,393.40900000000005,122.1593
8284.5,377.834,121.31689999999999
8284.75,374.55,117.3418
8285.0,395.28200000000004,129.1269
8285.25,380.986,126.9326
8285.5,362.71299999999997,119.0837
8285.75,330.223,115.83879999999999
8286.0,389.06100000000004,133.774
8286.25,399.938,131.34949999999998
8286.5,430.879,130.78130000000002
8286.75,510.706,129.9688
8287.0,438.256,134.20929999999998
8287.25,605.572,129.1619
8287.5,608.604,140.4594
8287.75,665.1030000000001,144.9686
8288.0,702.936,150.8895
8288.25,709.043,142.39620000000002
8288.5,724.307,159.9678
8288.75,841.7460000000001,164.32479999999998
8289.0,827.9860000000001,160.88119999999998
8289.25,884.443,190.0881
8289.5,845.284,171.3416
8289.75,856.705,166.91
8290.0,829.422,163.2082
8290.25,815.531,158.263
8290.5,778.741,151.2225
8290.75,831.8019999999999,159.6496
8291.0,832.151,164.1353
8291.25,864.586,175.8168
8291.5,832.8399999999999,162.7982
8291.75,838.6150000000001,177.3142
8292.0,837.133,169.41019999999997
8292.25,826.0919999999999,174.7904
8292.5,816.3729999999998,169.6574
8292.75,824.4179999999999,169.7549
8293.0,784.5819999999999,167.3748
8293.25,797.1220000000001,166.9758
8293.5,791.3080000000001,170.6187
8293.75,752.677,163.1741
8294.0,719.111,155.4519
8294.25,733.309,156.04149999999998
8294.5,788.3080000000001,203.95929999999998
8294.75,870.061,225.9879
8295.0,837.344,224.1412
8295.25,818.485,217.2138
8295.5,832.441,212.0416
8295.75,800.748,216.29989999999998
8296.0,814.095,209.9635
8296.25,803.518,210.6772
8296.5,792.9100000000001,214.97940000000003
8296.75,813.3240000000001,222.8284
8297.0,785.5889999999999,222.8449
8297.25,762.672,217.1508
8297.5,758.155,211.9622
8297.75,757.995,215.53580000000002
8298.0,758.11,223.2101
8298.25,751.028,220.3283
8298.5,736.27,213.55110000000002
8298.75,779.666,216.846
8299.0,782.191,218.41219999999998
8299.25,735.082,216.8967
8299.5,757.3629999999999,215.04559999999998
8299.75,772.393,213.6422
8300.0,773.053,208.61360000000002
8300.25,740.017,204.71949999999998
8300.5,682.097,195.7494
8300.75,698.689,198.5416
8301.0,710.149,197.722
8301.25,711.7330000000001,194.776
8301.5,566.492,147.535
8301.75,486.865,126.05189999999999
8302.0,475.22900000000004,121.1534
8302.25,445.943,119.65429999999999
8302.5,443.92900000000003,122.9243
8302.75,442.097,122.96350000000001
8303.0,435.725,121.78190000000001
8303.25,438.666,129.843
8303.5,473.65099999999995,143.9282
8303.75,440.77099999999996,130.6609
8304.0,421.649,122.1748
8304.25,410.783,131.71730000000002
8304.5,405.55699999999996,131.8863
8304.75,402.46000000000004,131.11079999999998
8305.0,405.539,129.3168
8305.25,384.913,122.21940000000001
8305.5,400.02699999999993,124.6526
8305.75,412.577,128.4673
8306.0,423.08899999999994,131.13330000000002
8306.25,405.677,127.88930000000002
8306.5,395.342,123.24589999999999
8306.75,388.496,122.6485
8307.0,385.58899999999994,118.24019999999999
8307.25,386.285,119.1072
8307.5,389.687,119.266
8307.75,366.178,114.46549999999999
8308.0,360.713,111.99780000000001
8308.25,357.103,114.4227
8308.5,353.98699999999997,110.0856
8308.75,343.91,117.22500000000001
8309.0,354.562,120.8172
8309.25,349.189,116.09270000000001
8309.5,361.03700000000003,120.31250000000001
8309.75,328.905,116.5903
8310.0,327.813,112.4171
8310.25,347.588,115.4437
8310.5,324.515,114.69380000000001
8310.75,336.158,113.11800000000001
8311.0,320.452,111.57560000000001
8311.25,324.293,109.144
8311.5,327.375,108.9773
8311.75,338.952,114.8424
8312.0,311.308,110.7438
8312.25,328.11400000000003,112.8862
8312.5,348.278,114.7167
8312.75,353.247,115.38
8313.0,376.739,117.082
8313.25,378.076,118.12719999999999
8313.5,386.02199999999993,121.6319
8313.75,419.531,121.2053
8314.0,384.59000000000003,121.3441
8314.25,451.44800000000004,127.6343
8314.5,340.548,117.7696
8314.75,344.803,120.0188
8315.0,373.024,119.63319999999999
8315.25,373.297,116.4843
8315.5,397.456,121.0111
8315.75,390.19100000000003,119.2007
8316.0,396.77600000000007,121.3314
8316.25,419.308,128.0697
8316.5,421.59000000000003,123.7174
8316.75,417.18500000000006,118.9703
8317.0,375.338,121.06630000000001
8317.25,376.24,124.23910000000001
8317.5,422.058,126.4836
8317.75,422.546,125.1457
8318.0,446.574,127.89410000000001
8318.25,436.32,128.812
8318.5,449.65700000000004,132.5672
8318.75,430.322,128.22
8319.0,441.239,134.9142
8319.25,443.012,136.1406
8319.5,424.547,137.1335
8319.75,440.34499999999997,140.3388
8320.0,451.034,136.8135
8320.25,446.35299999999995,134.6874
8320.5,407.072,123.96369999999999
8320.75,419.23400000000004,123.8228
8321.0,440.447,122.6696
8321.25,427.838,124.62259999999999
8321.5,431.672,130.4954
8321.75,424.28,133.9379
8322.0,421.78000000000003,135.0753
8322.25,412.634,128.8756
8322.5,408.56499999999994,127.19239999999999
8322.75,410.48299999999995,129.0459
8323.0,409.939,130.4803
8323.25,397.124,126.5551
8323.5,428.529,133.8089
8323.75,464.46400000000006,130.0721
8324.0,449.66,129.3561
8324.25,454.607,123.67850000000001
8324.5,453.49199999999996,124.19310000000002
8324.75,453.96799999999996,131.9651
8325.0,405.371,118.6575
8325.25,449.26099999999997,126.34290000000001
8325.5,440.097,127.2301
8325.75,440.0079999999999,135.2421
8326.0,422.26,135.053
8326.25,445.64599999999996,136.1368
8326.5,435.93999999999994,133.3014
8326.75,428.525,136.2987
8327.0,433.00100000000003,130.34629999999999
8327.25,421.838,127.1793
8327.5,435.107,135.0011
8327.75,446.42800000000005,138.0953
8328.0,421.86,129.38
8328.25,431.35,128.88739999999999
8328.5,404.85799999999995,128.322
8328.75,385.98100000000005,126.4682
8329.0,389.94800000000004,120.8039
8329.25,386.376,126.0411
8329.5,396.26199999999994,127.2435
8329.75,376.403,122.96079999999999
8330.0,381.071,124.0226
8330.25,403.08700000000005,128.6932
8330.5,400.871,131.4441
8330.75,407.73800000000006,130.3612
8331.0,388.02,133.6279
8331.25,387.63599999999997,133.28810000000001
8331.5,394.96399999999994,135.2976
8331.75,392.49800000000005,134.4558
8332.0,376.26800000000003,127.2365
8332.25,372.433,126.2409
8332.5,364.70500000000004,124.6105
8332.75,362.927,123.9544
8333.0,355.051,121.7622
8333.25,350.275,119.76689999999999
8333.5,340.568,121.5014
8333.75,327.728,121.1104
8334.0,326.334,124.1224
8334.25,332.898,124.0722
8334.5,337.176,125.43910000000001
8334.75,340.799,129.9071
8335.0,337.05,128.1871
8335.25,341.508,130.0628
8335.5,348.327,125.1601
8335.75,354.76300000000003,125.6979
8336.0,327.745,128.3511
8336.25,334.686,128.2952
8336.5,321.675,124.44760000000001
8336.75,333.258,125.6882
8337.0,342.12,125.80179999999999
8337.25,341.52000000000004,122.36259999999999
8337.5,361.235,129.3118
8337.75,373.749,126.8511
8338.0,374.473,124.1907
8338.25,372.381,128.1361
8338.5,360.40700000000004,131.3923
8338.75,360.46700000000004,128.1448
8339.0,379.28,124.85040000000001
8339.25,374.996,120.3552
8339.5,407.022,122.69570000000002
8339.75,404.83900000000006,124.3937
8340.0,418.00700000000006,130.2312
8340.25,410.332,128.0841
8340.5,444.581,131.57580000000002
8340.75,396.42400000000004,129.0981
8341.0,393.148,125.6434
8341.25,387.611,130.1599
8341.5,431.62300000000005,135.245
8341.75,425.042,126.90719999999999
8342.0,412.35699999999997,121.32390000000001
8342.25,428.245,128.003
8342.5,436.256,127.022
8342.75,445.49399999999997,137.019
8343.0,445.31399999999996,134.23680000000002
8343.25,427.06999999999994,132.1001
8343.5,410.07399999999996,132.3701
8343.75,396.22900000000004,135.1442
8344.0,407.55899999999997,127.8594
8344.25,407.91100000000006,129.71450000000002
8344.5,393.44899999999996,127.0381
8344.75,393.754,123.3603
8345.0,413.61400000000003,122.61519999999999
8345.25,434.985,125.2824
8345.5,427.212,132.1569
8345.75,422.414,127.65439999999998
8346.0,438.539,134.9625
8346.25,425.00199999999995,134.5943
8346.5,391.409,126.1642
8346.75,392.626,133.4811
8347.0,429.584,129.8288
8347.25,416.081,143.8302
8347.5,428.285,142.52800000000002
8347.75,474.613,142.9217
8348.0,487.568,148.8037
8348.25,502.564,149.5169
8348.5,470.42900000000003,139.6619
8348.75,483.61499999999995,138.14939999999999
8349.0,524.039,145.0436
8349.25,517.404,144.53
8349.5,523.726,145.8175
8349.75,534.2539999999999,145.7369
8350.0,526.537,140.2705
8350.25,494.847,135.1223
8350.5,495.273,136.617
8350.75,490.486,133.3808
8351.0,496.544,140.0661
8351.25,503.052,139.25050000000002
8351.5,476.03,139.8671
8351.75,478.486,137.5675
8352.0,469.424,136.8999
8352.25,472.78000000000003,132.7517
8352.5,473.105,140.4296
8352.75,436.07300000000004,139.5729
8353.0,442.78700000000003,135.9432
8353.25,431.014,136.9655
8353.5,450.931,139.0331
8353.75,441.21,136.95239999999998
8354.0,444.331,134.0538
8354.25,424.81600000000003,123.17340000000002
8354.5,416.186,121.9755
8354.75,416.086,118.8649
8355.0,402.224,117.0225
8355.25,391.399,113.4573
8355.5,405.542,115.54129999999999
8355.75,407.909,117.00919999999999
8356.0,411.619,119.26249999999999
8356.25,387.524,119.13409999999999
8356.5,381.307,117.2732
8356.75,383.59900000000005,118.2293
8357.0,383.323,120.8042
8357.25,357.23,123.6429
8357.5,388.7339999999999,131.3347
8357.75,380.789,130.1524
8358.0,408.02600000000007,137.8243
8358.25,399.5369999999999,142.0773
8358.5,442.78000000000003,148.9275
8358.75,459.219,152.0747
8359.0,564.427,164.063
8359.25,725.4060000000001,171.0419
8359.5,742.6679999999999,168.09449999999998
8359.75,883.618,179.9931
8360.0,971.1899999999999,186.45
8360.25,1020.461,190.55100000000002
8360.5,1078.45,204.13389999999998
8360.75,1114.681,198.7125
8361.0,1120.725,201.6782
8361.25,1206.194,218.7521
8361.5,1176.033,221.65680000000003
8361.75,1200.3129999999999,214.3658
8362.0,1245.705,212.28040000000001
8362.25,1248.4289999999999,229.36809999999997
8362.5,1194.344,214.2583
8362.75,1179.3519999999999,222.2329
8363.0,1150.021,216.4638
8363.25,1210.915,224.0923
8363.5,1181.144,213.6024
8363.75,1173.996,225.10490000000001
8364.0,1200.508,234.47019999999998
8364.25,1146.622,233.3601
8364.5,1043.373,206.1864
8364.75,1033.798,210.4775
8365.0,962.9710000000001,199.2874
8365.25,891.162,184.9441
8365.5,823.2339999999999,168.4772
8365.75,799.165,172.09539999999998
8366.0,737.579,180.1001
8366.25,704.79,173.11169999999998
8366.5,662.856,163.01760000000002
8366.75,681.676,160.9549
8367.0,669.114,164.66910000000001
8367.25,671.5,159.2776
8367.5,621.895,150.0157
8367.75,590.073,143.8229
8368.0,553.373,152.3885
8368.25,533.52,148.3281
8368.5,533.001,143.16570000000002
8368.75,510.886,141.2302
8369.0,513.408,145.09019999999998
8369.25,518.9369999999999,146.3825
8369.5,520.5,150.6595
8369.75,507.729,143.4951
8370.0,527.854,142.2623
8370.25,574.7850000000001,150.3382
8370.5,610.532,149.22629999999998
8370.75,581.951,154.3389
8371.0,557.566,151.5958
8371.25,571.286,150.448
8371.5,544.409,143.0727
8371.75,524.168,140.694
8372.0,458.21000000000004,140.9111
8372.25,448.672,138.5287
8372.5,487.86199999999997,138.1039
8372.75,466.034,131.58429999999998
8373.0,467.06600000000003,129.7124
8373.25,453.404,124.6198
8373.5,439.016,126.61749999999999
8373.75,450.16100000000006,128.5345
8374.0,470.549,134.5953
8374.25,473.336,129.3906
8374.5,423.77700000000004,119.9768
8374.75,407.861,118.6867
8375.0,416.73499999999996,123.5633
8375.25,385.75100000000003,119.374
8375.5,409.995,119.0733
8375.75,395.552,114.7519
8376.0,373.265,114.73320000000001
8376.25,382.678,121.0566
8376.5,386.20899999999995,118.0899
8376.75,376.411,112.91390000000001
8377.0,376.244,115.7445
8377.25,382.63,119.80030000000001
8377.5,399.419,119.46549999999999
8377.75,403.44499999999994,121.00639999999999
8378.0,399.086,119.19819999999999
8378.25,379.702,110.50710000000001
8378.5,371.535,114.21769999999998
8378.75,370.331,115.5086
8379.0,358.37,110.10289999999998
8379.25,363.572,113.626
8379.5,360.116,111.7954
8379.75,338.71999999999997,108.399
8380.0,340.802,109.133
8380.25,337.871,107.7022
8380.5,329.647,107.0344
8380.75,343.273,107.85570000000001
8381.0,359.68,111.88419999999999
8381.25,339.101,108.20250000000001
8381.5,343.393,117.7705
8381.75,344.229,127.42509999999999
8382.0,370.574,125.7431
8382.25,394.512,125.7861
8382.5,442.58899999999994,126.27090000000001
8382.75,475.40199999999993,132.8195
8383.0,492.0,128.4207
8383.25,587.1990000000001,136.5226
8383.5,650.352,139.29739999999998
8383.75,689.4780000000001,144.1581
8384.0,664.1759999999999,141.3272
8384.25,680.5350000000001,145.8657
8384.5,669.366,146.0972
8384.75,718.248,142.4323
8385.0,788.1790000000001,146.1732
8385.25,747.87,148.0598
8385.5,766.942,152.2697
8385.75,855.2170000000001,156.2749
8386.0,799.474,158.5817
8386.25,759.875,145.7937
8386.5,728.9739999999999,150.5508
8386.75,754.99,158.5125
8387.0,782.748,157.9273
8387.25,791.461,158.1388
8387.5,752.4490000000001,158.0862
8387.75,765.297,160.2935
8388.0,734.806,157.3724
8388.25,746.86,161.5794
8388.5,740.293,162.6531
8388.75,761.3439999999999,157.63500000000002
8389.0,674.636,157.0835
8389.25,651.4780000000001,154.3404
8389.5,650.352,160.61450000000002
8389.75,641.283,158.0395
8390.0,635.545,153.5212
8390.25,580.482,150.56709999999998
8390.5,551.808,147.3401
8390.75,589.018,146.31529999999998
8391.0,607.321,154.45280000000002
8391.25,771.994,220.25099999999998
8391.5,729.06,215.5256
8391.75,745.095,210.0708
8392.0,729.093,205.84459999999999
8392.25,734.3969999999999,204.278
8392.5,709.815,200.88830000000002
8392.75,671.565,199.62560000000002
8393.0,685.794,200.94930000000002
8393.25,680.148,200.7119
8393.5,649.98,199.16609999999997
8393.75,663.7860000000001,202.5116
8394.0,648.07,194.58429999999998
8394.25,627.922,187.5171
8394.5,603.356,172.7897
8394.75,606.7760000000001,175.83100000000002
8395.0,592.109,173.1976
8395.25,584.633,169.0605
8395.5,603.1220000000001,171.81
8395.75,625.094,176.4989
8396.0,595.361,176.11679999999998
8396.25,585.619,175.5566
8396.5,597.1270000000001,174.16379999999998
8396.75,604.031,163.794
8397.0,555.185,161.31619999999998
8397.25,546.827,161.7742
8397.5,569.7909999999999,167.3049
8397.75,553.649,169.2885
8398.0,561.359,165.9669
8398.25,551.529,163.4054
8398.5,540.932,168.465
8398.75,437.26700000000005,131.3472
8399.0,439.695,125.63579999999999
8399.25,402.278,118.5181
8399.5,417.482,123.2627
8399.75,384.51800000000003,119.67660000000001
8400.0,372.371,118.0564
8400.25,373.822,117.09
8400.5,362.581,118.7515
8400.75,341.321,110.11590000000001
8401.0,368.71999999999997,122.0735
8401.25,378.173,121.5399
8401.5,380.11699999999996,124.97459999999998
8401.75,342.311,116.8263
8402.0,340.96000000000004,116.4915
8402.25,333.281,116.1156
8402.5,345.275,121.48919999999998
8402.75,341.139,120.1014
8403.0,322.655,116.707
8403.25,315.884,115.89870000000002
8403.5,321.827,119.4772
8403.75,315.747,117.28960000000001
8404.0,311.106,116.12729999999999
8404.25,314.19800000000004,118.6728
8404.5,309.048,120.782
8404.75,310.603,115.9707
8405.0,321.23400000000004,116.333
8405.25,296.88149999999996,107.5472
8405.5,325.131,114.1113
8405.75,356.508,118.75369999999998
8406.0,372.879,127.0854
8406.25,377.702,124.5489
8406.5,371.897,125.65780000000001
8406.75,370.134,127.1331
8407.0,456.37,128.1291
8407.25,542.592,145.7009
8407.5,566.0219999999999,153.9751
8407.75,663.548,159.59789999999998
8408.0,609.932,166.2947
8408.25,664.6410000000001,164.1696
8408.5,666.909,159.5905
8408.75,728.1990000000001,157.3596
8409.0,688.143,156.65
8409.25,694.076,149.5727
8409.5,723.097,157.0426
8409.75,761.775,159.9095
8410.0,744.758,157.0306
8410.25,741.708,168.33069999999998
8410.5,808.425,191.0931
8410.75,825.972,217.03499999999997
8411.0,671.3599999999999,146.3466
8411.25,703.104,163.76330000000002
8411.5,709.506,150.25639999999999
8411.75,748.642,149.4008
8412.0,740.2429999999999,151.6166
8412.25,738.8629999999999,155.2178
8412.5,709.485,155.21280000000002
8412.75,689.557,145.19729999999998
8413.0,650.229,150.382
8413.25,651.708,155.8541
8413.5,607.761,146.03289999999998
8413.75,593.477,143.0999
8414.0,554.7,137.9099
8414.25,563.7810000000001,137.2437
8414.5,534.363,134.7889
8414.75,492.166,133.6245
8415.0,503.496,140.46089999999998
8415.25,484.3380000000001,131.8077
8415.5,464.11800000000005,128.9602
8415.75,490.188,131.1206
8416.0,496.05600000000004,127.95670000000001
8416.25,458.93000000000006,121.83890000000001
8416.5,464.358,121.03299999999999
8416.75,448.539,118.33560000000001
8417.0,454.158,120.2993
8417.25,458.63800000000003,128.1371
8417.5,475.35900000000004,128.6628
8417.75,477.249,120.26249999999999
8418.0,468.26300000000003,120.677
8418.25,485.532,116.69200000000001
8418.5,457.37,115.2552
8418.75,435.00199999999995,119.2578
8419.0,463.994,126.31360000000001
8419.25,442.664,120.5216
8419.5,460.73,124.45179999999999
8419.75,445.769,116.2191
8420.0,425.999,111.5673
8420.25,417.281,114.81970000000001
8420.5,421.10900000000004,119.76469999999999
8420.75,428.297,121.63459999999999
8421.0,431.957,122.6421
8421.25,460.547,122.93269999999998
8421.5,422.03499999999997,120.81559999999999
8421.75,393.855,115.86160000000001
8422.0,381.38,113.94910000000002
8422.25,402.23,124.04889999999999
8422.5,376.608,122.1935
8422.75,353.102,118.41460000000001
8423.0,348.635,113.3749
8423.25,391.385,122.3655
8423.5,390.15700000000004,124.9213
8423.75,383.396,129.7043
8424.0,351.33299999999997,121.29149999999998
8424.25,354.34499999999997,111.8643
8424.5,333.644,109.2978
8424.75,343.16,112.2829
8425.0,343.697,113.3593
8425.25,334.02000000000004,112.41839999999999
8425.5,351.037,120.24629999999999
8425.75,322.13,118.2058
8426.0,331.568,118.24029999999999
8426.25,332.59,115.2973
8426.5,334.084,120.5095
8426.75,325.55899999999997,117.3802
8427.0,314.548,115.1575
8427.25,313.326,115.3987
8427.5,316.844,114.6037
8427.75,306.029,110.6598
8428.0,306.902,113.613
8428.25,300.149,113.3141
8428.5,288.5407,108.3052
8428.75,310.176,109.38750000000002
8429.0,291.88149999999996,108.58090000000001
8429.25,287.7577,110.2666
8429.5,300.9,108.23199999999999
8429.75,295.9422,108.88829999999999
8430.0,349.119,122.3821
8430.25,350.41999999999996,120.1312
8430.5,333.93,123.15959999999998
8430.75,365.06399999999996,127.7453
8431.0,474.222,128.6424
8431.25,508.05600000000004,120.97379999999998
8431.5,538.845,123.6995
8431.75,547.059,129.0275
8432.0,555.3870000000001,125.44200000000001
8432.25,626.829,132.2047
8432.5,643.445,131.7183
8432.75,727.87,151.4868
8433.0,728.1659999999999,153.10989999999998
8433.25,739.593,154.2539
8433.5,837.2890000000001,176.4308
8433.75,909.9580000000001,196.0518
8434.0,981.885,250.2785
8434.25,973.2550000000001,233.83120000000002
8434.5,941.518,225.2696
8434.75,1000.5880000000001,242.75039999999998
8435.0,995.5349999999999,245.51409999999998
8435.25,1019.1200000000001,238.9042
8435.5,1039.906,254.95510000000002
8435.75,1048.193,254.827
8436.0,1041.963,253.91580000000002
8436.25,1054.627,251.997
8436.5,1031.337,249.20690000000002
8436.75,1043.4769999999999,258.2661
8437.0,995.7939999999999,247.8759
8437.25,979.0609999999999,244.9286
8437.5,945.3709999999999,242.6698
8437.75,953.521,254.14759999999998
8438.0,931.504,239.5464
8438.25,895.1560000000001,233.4198
8438.5,871.51,234.0116
8438.75,860.603,233.5929
8439.0,830.527,225.4841
8439.25,802.4730000000001,223.9214
8439.5,773.8199999999999,227.32059999999998
8439.75,791.0999999999999,233.46470000000002
8440.0,802.692,231.37599999999998
8440.25,791.667,227.75799999999998
8440.5,759.96,228.4599
8440.75,760.242,226.8829
8441.0,745.275,221.0787
8441.25,756.2909999999999,223.0537
8441.5,775.764,221.58290000000002
8441.75,708.381,217.9706
8442.0,732.9459999999999,228.64780000000002
8442.25,725.635,213.0213
8442.5,717.833,210.8031
8442.75,706.282,208.0922
8443.0,666.5989999999999,204.8845
8443.25,655.6659999999999,199.49290000000002
8443.5,689.41,209.2731
8443.75,668.759,201.79700000000003
8444.0,606.337,188.8058
8444.25,615.754,191.2002
8444.5,598.5260000000001,191.297
8444.75,591.563,193.1748
8445.0,580.011,191.7382
8445.25,604.881,195.7246
8445.5,629.8050000000001,201.5904
8445.75,602.976,196.51569999999998
8446.0,610.037,205.1141
8446.25,568.544,189.30259999999998
8446.5,436.43699999999995,124.01509999999999
8446.75,405.296,113.31730000000002
8447.0,405.91100000000006,118.96629999999999
8447.25,384.93499999999995,118.42090000000002
8447.5,388.739,121.36950000000002
8447.75,393.269,124.15620000000001
8448.0,382.276,123.8336
8448.25,374.485,123.9837
8448.5,376.922,125.66470000000001
8448.75,380.93899999999996,128.28519999999997
8449.0,370.127,123.1363
8449.25,352.051,118.7388
8449.5,365.672,127.1455
8449.75,371.251,130.5571
8450.0,357.83,122.8292
8450.25,359.308,117.08159999999998
8450.5,356.549,112.07809999999998
8450.75,343.686,106.34550000000002
8451.0,345.899,104.6182
8451.25,336.397,106.6297
8451.5,334.875,105.9003
8451.75,335.114,109.41579999999999
8452.0,327.923,105.3613
8452.25,322.667,104.03960000000001
8452.5,318.697,108.2844
8452.75,325.67499999999995,107.6494
8453.0,347.78499999999997,108.5634
8453.25,365.42499999999995,107.25979999999998
8453.5,361.01200000000006,112.4112
8453.75,366.311,117.0575
8454.0,379.438,117.36419999999998
8454.25,376.692,120.1482
8454.5,414.325,121.7389
8454.75,434.924,122.7536
8455.0,431.96200000000005,128.9355
8455.25,473.21200000000005,140.54719999999998
8455.5,555.045,167.5067
8455.75,634.1940000000001,169.7985
8456.0,701.988,171.25
8456.25,791.481,182.5455
8456.5,824.8529999999998,183.0722
8456.75,901.0899999999999,197.2482
8457.0,912.0430000000001,183.6069
8457.25,944.181,185.5411
8457.5,988.4269999999999,201.9733
8457.75,670.8050000000001,165.2856
8458.0,701.729,177.4636
8458.25,770.059,174.15859999999998
8458.5,958.9449999999999,209.6619
8458.75,957.9489999999998,203.0607
8459.0,980.2660000000001,203.877
8459.25,1035.808,213.80329999999998
8459.5,1041.874,206.8776
8459.75,1038.037,202.9598
8460.0,1017.79,195.7966
8460.25,971.1080000000001,181.892
8460.5,953.95,183.0798
8460.75,1018.7950000000001,211.0072
8461.0,1084.0970000000002,240.683
8461.25,1048.3899999999999,247.42849999999999
8461.5,1059.538,250.54250000000002
8461.75,1043.067,253.048
8462.0,1014.8049999999998,247.7921
8462.25,981.1450000000001,235.90949999999998
8462.5,900.7,225.69369999999998
8462.75,869.4100000000001,220.2193
8463.0,889.1410000000001,229.18189999999998
8463.25,858.012,229.3704
8463.5,849.2460000000001,232.33140000000003
8463.75,889.5580000000001,235.4418
8464.0,937.115,254.9241
8464.25,893.517,235.2253
8464.5,867.2170000000001,237.92830000000004
8464.75,850.7849999999999,248.34210000000002
8465.0,810.585,246.83589999999998
8465.25,800.9190000000001,247.43130000000002
8465.5,788.196,240.6841
8465.75,788.3820000000001,239.2327
8466.0,795.9759999999999,253.92360000000002
8466.25,797.818,254.96319999999997
8466.5,766.916,249.47449999999998
8466.75,768.7280000000001,237.99699999999999
8467.0,768.943,231.99259999999998
8467.25,752.87,234.86720000000003
8467.5,755.38,229.32139999999998
8467.75,765.7239999999999,231.16000000000003
8468.0,716.095,227.02519999999998
8468.25,697.254,219.77139999999997
8468.5,663.782,212.61090000000002
8468.75,649.9849999999999,214.8884
8469.0,653.385,213.4129
8469.25,653.861,205.38029999999998
8469.5,656.058,202.34040000000002
8469.75,543.218,156.1576
8470.0,415.139,115.2674
8470.25,422.57300000000004,120.26159999999999
8470.5,421.236,121.35140000000001
8470.75,418.09099999999995,120.7978
8471.0,408.494,123.0276
8471.25,421.13599999999997,123.49549999999999
8471.5,428.567,128.8938
8471.75,411.2850000000001,132.4287
8472.0,404.243,134.11090000000002
8472.25,383.687,128.2895
8472.5,402.683,132.4645
8472.75,395.084,129.29579999999999
8473.0,384.212,128.0093
8473.25,376.135,128.267
8473.5,375.131,125.54140000000001
8473.75,372.08299999999997,120.90310000000001
8474.0,381.63199999999995,119.5386
8474.25,383.767,122.8226
8474.5,374.728,126.0805
8474.75,353.264,121.7166
8475.0,339.63199999999995,118.4987
8475.25,351.02000000000004,121.26059999999998
8475.5,347.078,116.5738
8475.75,334.051,113.024
8476.0,339.25100000000003,114.5729
8476.25,329.774,112.21690000000001
8476.5,319.432,113.42779999999999
8476.75,322.676,115.7365
8477.0,337.883,117.4964
8477.25,327.615,118.11789999999999
8477.5,315.357,119.1021
8477.75,293.6839,111.90259999999999
8478.0,312.397,116.2379
8478.25,309.974,118.64940000000001
8478.5,313.163,120.23660000000001
8478.75,320.61299999999994,115.559
8479.0,338.036,125.3699
8479.25,341.022,121.6375
8479.5,365.28200000000004,121.49000000000001
8479.75,359.74300000000005,119.3921
8480.0,334.396,120.0656
8480.25,350.769,121.7568
8480.5,362.12199999999996,128.54410000000001
8480.75,370.23600000000005,127.31439999999999
8481.0,393.865,126.6287
8481.25,383.714,126.43260000000001
8481.5,403.703,127.1216
8481.75,391.72,124.16059999999999
8482.0,402.74,127.5968
8482.25,410.10699999999997,129.5193
8482.5,346.997,120.37439999999998
8482.75,351.631,129.4217
8483.0,586.697,213.7596
8483.25,659.724,230.3107
8483.5,660.783,231.42419999999998
8483.75,648.999,221.3013
8484.0,642.1220000000001,225.60520000000002
8484.25,654.302,227.94920000000002
8484.5,653.7139999999999,226.3282
8484.75,670.3910000000001,230.69830000000002
8485.0,648.6320000000001,231.98829999999998
8485.25,664.152,231.0168
8485.5,680.495,231.5314
8485.75,676.37,231.4561
8486.0,688.774,233.58970000000002
8486.25,678.851,226.95239999999998
8486.5,672.0889999999999,226.1407
8486.75,692.4060000000001,225.997
8487.0,691.0409999999999,219.7705
8487.25,692.345,222.80040000000002
8487.5,681.602,223.62939999999998
8487.75,675.4730000000001,218.8908
8488.0,675.986,222.4752
8488.25,697.049,226.2819
8488.5,685.62,226.28320000000002
8488.75,677.79,219.27050000000003
8489.0,708.356,221.22899999999998
8489.25,697.331,218.23650000000004
8489.5,698.523,218.4645
8489.75,687.132,220.8163
8490.0,695.304,224.4153
8490.25,675.29,224.5634
8490.5,668.822,224.21320000000003
8490.75,659.999,220.83100000000002
8491.0,663.203,220.3342
8491.25,672.674,221.2607
8491.5,640.884,208.04299999999998
8491.75,641.001,198.9507
8492.0,657.212,209.6617
8492.25,671.177,234.4672
8492.5,641.379,213.32860000000002
8492.75,527.235,162.5232
8493.0,446.74600000000004,127.24699999999999
8493.25,441.28600000000006,127.4728
8493.5,457.16700000000003,136.59879999999998
8493.75,435.374,132.1604
8494.0,434.12600000000003,129.7552
8494.25,427.05499999999995,126.28829999999999
8494.5,417.10999999999996,127.6171
8494.75,406.672,126.9941
8495.0,425.056,120.40029999999999
8495.25,418.442,119.7731
8495.5,416.405,121.73329999999999
8495.75,419.113,124.3589
8496.0,418.828,125.979
8496.25,430.15700000000004,129.595
8496.5,415.579,129.81550000000001
8496.75,402.239,125.4015
8497.0,410.65700000000004,126.0344
8497.25,400.495,128.9585
8497.5,419.519,135.0206
8497.75,422.981,130.33950000000002
8498.0,418.98699999999997,130.4692
8498.25,402.33399999999995,132.6954
8498.5,407.302,134.6281
8498.75,399.77,138.8319
8499.0,386.186,135.9261
8499.25,388.634,131.4939
8499.5,393.539,135.6246
8499.75,395.46500000000003,133.8252
8500.0,380.969,132.6542
8500.25,399.221,138.55180000000001
8500.5,387.73900000000003,133.2321
8500.75,381.748,126.0893
8501.0,385.882,125.3891
8501.25,378.455,126.56949999999999
8501.5,384.34,125.84960000000001
8501.75,376.48900000000003,129.8703
8502.0,373.86,134.57530000000003
8502.25,362.422,134.76010000000002
8502.5,356.252,136.90269999999998
8502.75,356.586,129.3083
8503.0,357.036,129.68269999999998
8503.25,361.23,132.9166
8503.5,356.67100000000005,128.9691
8503.75,357.164,131.617
8504.0,326.048,130.22459999999998
8504.25,329.384,125.8369
8504.5,341.053,127.04390000000001
8504.75,337.794,127.5785
8505.0,358.461,128.6233
8505.25,352.253,126.19890000000001
8505.5,379.634,129.71099999999998
8505.75,377.438,131.901
8506.0,378.346,124.1691
8506.25,378.512,127.1613
8506.5,339.62199999999996,125.1758
8506.75,336.24699999999996,122.5004
8507.0,361.709,124.31930000000001
8507.25,400.035,126.5384
8507.5,419.80300000000005,126.1704
8507.75,394.408,122.5762
8508.0,457.13800000000003,125.94480000000001
8508.25,418.37600000000003,123.8451
8508.5,430.04200000000003,121.17689999999999
8508.75,431.88800000000003,126.59440000000001
8509.0,381.85,128.621
8509.25,407.458,133.7819
8509.5,423.497,136.2648
8509.75,423.974,134.2344
8510.0,413.77099999999996,132.8699
8510.25,413.993,139.0209
8510.5,417.938,133.6698
8510.75,416.078,135.3972
8511.0,412.85799999999995,136.55180000000001
8511.25,376.779,133.41209999999998
8511.5,351.446,129.39749999999998
8511.75,356.324,131.3429
8512.0,333.976,121.1951
8512.25,344.78,122.63940000000001
8512.5,351.08500000000004,118.6602
8512.75,352.96999999999997,124.18440000000001
8513.0,362.57300000000004,127.18849999999998
8513.25,358.475,126.22380000000001
8513.5,382.135,125.5404
8513.75,387.03799999999995,125.0617
8514.0,384.905,124.76469999999999
8514.25,376.293,120.8544
8514.5,385.98900000000003,121.01650000000001
8514.75,371.799,116.41210000000001
8515.0,365.63800000000003,112.43269999999998
8515.25,380.01800000000003,120.7338
8515.5,380.656,123.3909
8515.75,393.89,118.4388
8516.0,402.48499999999996,111.28209999999999
8516.25,413.437,112.16329999999999
8516.5,412.38800000000003,118.2554
8516.75,398.36199999999997,115.9375
8517.0,410.611,116.04080000000002
8517.25,407.66600000000005,116.86609999999999
8517.5,414.659,119.6138
8517.75,408.60400000000004,116.81360000000001
8518.0,429.32900000000006,124.31549999999999
8518.25,422.74600000000004,122.0141
8518.5,418.291,118.0057
8518.75,409.117,119.12599999999999
8519.0,424.06899999999996,125.0313
8519.25,416.26,124.94659999999999
8519.5,416.996,124.56050000000002
8519.75,402.818,116.3508
8520.0,380.986,115.7994
8520.25,386.765,120.35409999999999
8520.5,369.282,121.1389
8520.75,371.506,114.29479999999998
8521.0,371.786,115.2342
8521.25,369.09799999999996,113.8211
8521.5,379.393,119.1043
8521.75,381.116,115.5813
8522.0,375.942,114.76759999999999
8522.25,375.313,116.3537
8522.5,383.438,119.6756
8522.75,370.46000000000004,117.6915
8523.0,358.79200000000003,117.8019
8523.25,359.914,118.70720000000001
8523.5,361.896,118.80259999999998
8523.75,355.46000000000004,116.0451
8524.0,355.736,117.735
8524.25,353.206,117.0193
8524.5,347.347,118.1972
8524.75,342.872,115.8392
8525.0,353.52000000000004,117.8794
8525.25,341.37,116.7884
8525.5,336.125,116.09620000000001
8525.75,336.94100000000003,117.29129999999999
8526.0,340.175,119.95689999999999
8526.25,341.666,119.24849999999999
8526.5,328.872,115.9892
8526.75,341.312,117.3199
8527.0,437.369,125.6734
8527.25,489.753,121.6163
8527.5,610.02,133.4345
8527.75,689.197,131.6963
8528.0,713.025,149.9508
8528.25,801.7479999999998,162.3638
8528.5,862.174,172.3793
8528.75,859.2339999999999,158.5891
8529.0,894.271,161.442
8529.25,911.6610000000001,169.3793
8529.5,941.602,177.575
8529.75,922.2400000000001,171.818
8530.0,949.716,181.5675
8530.25,963.9459999999999,174.9728
8530.5,916.712,173.1948
8530.75,886.915,174.9905
8531.0,923.6199999999999,176.5864
8531.25,943.7529999999999,171.8231
8531.5,953.7909999999999,170.5414
8531.75,921.162,174.6687
8532.0,890.4489999999998,162.8869
8532.25,888.595,166.126
8532.5,840.6029999999998,159.48430000000002
8532.75,854.553,158.6929
8533.0,769.8729999999998,155.33769999999998
8533.25,712.8240000000001,150.1481
8533.5,631.152,154.8234
8533.75,652.962,157.17849999999999
8534.0,598.329,145.7758
8534.25,589.172,143.1704
8534.5,571.5120000000001,140.839
8534.75,668.97,185.3769
8535.0,738.075,212.66769999999997
8535.25,785.772,224.003
8535.5,753.111,232.5541
8535.75,728.649,224.57299999999998
8536.0,685.254,225.607
8536.25,709.086,233.5773
8536.5,724.2049999999999,231.8093
8536.75,651.0360000000001,225.5534
8537.0,646.43,225.46160000000003
8537.25,653.817,222.67559999999997
8537.5,664.114,225.8639
8537.75,661.469,224.49699999999999
8538.0,666.75,223.118
8538.25,654.332,219.4225
8538.5,657.621,222.5018
8538.75,647.665,221.2494
8539.0,644.109,219.26439999999997
8539.25,653.426,220.32530000000003
8539.5,688.787,223.8963
8539.75,672.532,209.8415
8540.0,672.4730000000001,206.4063
8540.25,676.114,210.86599999999999
8540.5,676.427,213.29170000000002
8540.75,671.7719999999999,216.8161
8541.0,676.89,210.9784
8541.25,683.84,210.53179999999998
8541.5,668.318,215.285
8541.75,645.986,200.83769999999998
8542.0,498.491,141.91840000000002
8542.25,471.092,133.0734
8542.5,441.869,132.0212
8542.75,436.818,128.6168
8543.0,417.211,130.4903
8543.25,420.533,121.04840000000002
8543.5,426.68399999999997,123.7772
8543.75,422.078,127.7844
8544.0,426.412,132.12720000000002
8544.25,412.778,135.40879999999999
8544.5,408.07399999999996,137.4721
8544.75,396.631,130.8518
8545.0,404.078,126.572
8545.25,398.12600000000003,125.87800000000001
8545.5,398.463,123.18360000000001
8545.75,391.43899999999996,121.79400000000001
8546.0,386.94800000000004,124.5695
8546.25,388.23499999999996,125.9263
8546.5,373.168,119.39750000000001
8546.75,387.62600000000003,123.30579999999999
8547.0,369.742,123.09039999999999
8547.25,374.193,123.90520000000001
8547.5,376.03000000000003,124.2867
8547.75,374.64300000000003,125.8293
8548.0,368.372,124.6913
8548.25,372.466,128.2049
8548.5,354.344,123.76440000000001
8548.75,350.841,121.9188
8549.0,368.399,126.71589999999999
8549.25,367.912,126.1576
8549.5,375.757,125.2527
8549.75,378.577,128.6697
8550.0,371.248,128.00130000000001
8550.25,360.249,130.18580000000003
8550.5,370.46999999999997,132.9967
8550.75,382.70500000000004,125.87559999999999
8551.0,402.67999999999995,132.2456
8551.25,497.98400000000004,132.9312
8551.5,553.337,131.0838
8551.75,605.376,144.29809999999998
8552.0,624.642,147.7396
8552.25,643.4250000000001,149.5547
8552.5,615.061,145.5043
8552.75,669.255,150.8108
8553.0,717.7439999999999,159.0448
8553.25,736.212,155.6115
8553.5,772.8,161.9052
8553.75,747.435,142.6721
8554.0,742.8910000000001,141.3456
8554.25,735.8969999999999,142.2874
8554.5,696.5429999999999,138.1647
8554.75,712.2729999999999,138.649
8555.0,696.066,136.4415
8555.25,685.752,137.882
8555.5,778.626,146.8855
8555.75,726.477,150.618
8556.0,723.972,153.6411
8556.25,731.524,146.9502
8556.5,658.0409999999999,130.9706
8556.75,690.1679999999999,140.6431
8557.0,630.78,133.94260000000003
8557.25,595.178,122.4661
8557.5,606.292,134.1539
8557.75,560.298,124.9205
8558.0,485.63399999999996,123.1175
8558.25,490.83000000000004,124.2108
8558.5,482.40600000000006,124.52619999999999
8558.75,485.18699999999995,127.38300000000001
8559.0,493.66200000000003,127.66229999999999
8559.25,463.105,126.7567
8559.5,450.657,127.2165
8559.75,452.387,131.25740000000002
8560.0,451.154,128.0891
8560.25,452.22,131.5522
8560.5,424.118,132.0502
8560.75,415.83399999999995,129.0217
8561.0,418.48,132.2753
8561.25,388.52299999999997,126.2945
8561.5,375.781,117.50289999999998
8561.75,375.94100000000003,120.29499999999999
8562.0,382.058,127.8357
8562.25,358.137,122.3708
8562.5,342.025,118.53739999999999
8562.75,337.0,113.69669999999999
8563.0,338.88,116.0134
8563.25,365.06399999999996,125.2534
8563.5,376.76,125.0215
8563.75,374.56399999999996,124.1725
8564.0,382.049,116.8769
8564.25,392.577,117.8723
8564.5,401.389,116.7664
8564.75,409.312,117.9802
8565.0,405.302,114.0199
8565.25,398.20099999999996,114.2148
8565.5,421.168,124.33189999999999
8565.75,404.19500000000005,118.4547
8566.0,398.51300000000003,118.4512
8566.25,391.775,122.98500000000001
8566.5,380.921,122.13329999999999
8566.75,393.84799999999996,128.3921
8567.0,402.209,131.3755
8567.25,399.01300000000003,133.1233
8567.5,383.762,134.0067
8567.75,379.52599999999995,123.07139999999998
8568.0,368.84000000000003,125.40580000000001
8568.25,375.33299999999997,129.7553
8568.5,366.20500000000004,129.8542
8568.75,351.31,124.977
8569.0,357.053,127.80210000000001
8569.25,354.75,127.64099999999999
8569.5,374.077,127.8381
8569.75,371.846,125.69850000000001
8570.0,347.336,119.1994
8570.25,354.432,125.1477
8570.5,371.43399999999997,128.4763
8570.75,358.41,125.8391
8571.0,345.426,123.4958
8571.25,348.59000000000003,127.7727
8571.5,347.784,127.428
8571.75,345.902,125.55509999999998
8572.0,344.043,125.1438
8572.25,340.799,124.24900000000001
8572.5,331.669,122.4307
8572.75,328.642,123.49799999999999
8573.0,334.587,126.6637
8573.25,350.203,127.749
8573.5,337.868,125.81400000000001
8573.75,320.19,126.0121
8574.0,318.93499999999995,118.34120000000001
8574.25,315.57300000000004,119.1599
8574.5,315.008,121.50980000000001
8574.75,309.947,115.79320000000001
8575.0,376.246,113.26400000000001
8575.25,418.35400000000004,111.2072
8575.5,444.30100000000004,120.4548
8575.75,558.303,121.8288
8576.0,582.597,136.7119
8576.25,636.777,154.5531
8576.5,693.111,151.1813
8576.75,701.028,153.8853
8577.0,718.776,156.9374
8577.25,704.6179999999999,155.2473
8577.5,709.571,162.79250000000002
8577.75,701.823,154.90269999999998
8578.0,689.8380000000001,153.744
8578.25,694.8689999999999,156.5084
8578.5,615.861,125.1994
8578.75,636.097,144.7245
8579.0,646.417,146.3501
8579.25,679.4770000000001,162.3945
8579.5,692.217,174.74530000000001
8579.75,686.514,177.593
8580.0,623.559,170.7333
8580.25,564.946,146.8721
8580.5,508.76,133.8469
8580.75,488.27700000000004,134.2631
8581.0,414.595,138.4891
8581.25,382.89500000000004,124.8134
8581.5,380.997,123.5722
8581.75,382.153,126.9854
8582.0,415.98100000000005,126.14939999999999
8582.25,399.797,132.2544
8582.5,378.42900000000003,125.7279
8582.75,374.33500000000004,128.5205
8583.0,345.161,133.3572
8583.25,325.214,124.0702
8583.5,288.9787,114.02360000000002
8583.75,288.4245,110.59100000000001
8584.0,289.9357,109.39779999999999
8584.25,318.826,112.8332
8584.5,313.824,117.6507
8584.75,315.53700000000003,117.3999
8585.0,314.844,112.6925
8585.25,314.30199999999996,116.55330000000001
8585.5,312.389,113.17870000000002
8585.75,326.241,111.86000000000001
8586.0,321.62,116.4494
8586.25,316.088,114.8711
8586.5,336.181,119.08169999999998
8586.75,329.134,122.0695
8587.0,333.02299999999997,122.36399999999999
8587.25,318.57,117.0299
8587.5,319.14,122.266
8587.75,338.26800000000003,124.4176
8588.0,365.259,122.4426
8588.25,360.03200000000004,124.754
8588.5,354.767,123.9241
8588.75,363.49899999999997,129.441
8589.0,380.65700000000004,138.9358
8589.25,364.126,136.0131
8589.5,377.588,136.5435
8589.75,372.446,134.1676
8590.0,362.655,133.6525
8590.25,351.66700000000003,127.5232
8590.5,336.42100000000005,126.71600000000001
8590.75,332.765,128.0195
8591.0,332.611,125.4017
8591.25,344.534,130.3641
8591.5,342.324,131.8842
8591.75,342.56600000000003,136.0779
8592.0,336.351,137.1286
8592.25,330.824,134.0168
8592.5,315.898,123.65469999999999
8592.75,316.593,124.67659999999998
8593.0,332.057,130.6897
8593.25,324.34200000000004,124.91159999999999
8593.5,326.431,120.2011
8593.75,314.885,117.4647
8594.0,326.81600000000003,119.71390000000001
8594.25,334.37199999999996,119.4917
8594.5,329.926,120.5251
8594.75,318.94599999999997,118.6626
8595.0,321.08799999999997,115.77189999999999
8595.25,309.831,112.687
8595.5,307.676,112.16839999999999
8595.75,363.63599999999997,121.69550000000001
8596.0,358.66499999999996,119.76290000000002
8596.25,354.163,122.22379999999998
8596.5,342.527,116.24140000000001
8596.75,336.182,110.5697
8597.0,339.671,111.6156
8597.25,355.152,113.5369
8597.5,348.49300000000005,116.27980000000001
8597.75,324.603,116.21690000000001
8598.0,325.464,117.4222
8598.25,312.384,117.89869999999999
8598.5,298.0337,117.73270000000002
8598.75,290.70300000000003,114.1131
8599.0,289.1492,117.7457
8599.25,341.37399999999997,121.4608
8599.5,341.784,119.28819999999999
8599.75,336.78,117.27329999999999
8600.0,293.6033,114.25559999999999
8600.25,290.6796,111.80160000000001
8600.5,296.09450000000004,114.1002
8600.75,309.275,116.86869999999999
8601.0,314.865,117.54860000000001
8601.25,305.493,116.58590000000001
8601.5,303.49300000000005,116.24020000000002
8601.75,314.244,117.5717
8602.0,315.299,116.73070000000001
8602.25,275.195,110.97970000000001
8602.5,276.2921,114.33680000000001
8602.75,290.174,114.2067
8603.0,311.088,114.452
8603.25,293.615,115.3742
8603.5,317.26099999999997,121.0574
8603.75,317.15,120.16399999999999
8604.0,302.301,119.2971
8604.25,311.016,122.6496
8604.5,304.805,124.37980000000002
8604.75,288.5297,126.15809999999999
8605.0,253.47180000000003,119.7459
8605.25,240.16000000000003,112.85549999999999
8605.5,252.31619999999998,115.7438
8605.75,253.49730000000002,111.42170000000002
8606.0,253.20329999999998,107.91139999999999
8606.25,258.16650000000004,111.4442
8606.5,249.63779999999997,108.35240000000002
8606.75,238.4307,107.6986
8607.0,256.0449,106.30879999999999
8607.25,237.86879999999996,108.71170000000001
8607.5,221.6936,109.8216
8607.75,211.9924,105.4262
8608.0,226.0885,108.0575
8608.25,238.0266,109.5078
8608.5,235.5069,104.61699999999999
8608.75,246.50189999999998,105.2876
8609.0,261.665,110.7891
8609.25,273.3764,110.1378
8609.5,276.0944,104.7236
8609.75,288.3785,115.059
8610.0,287.10240000000005,117.1489
8610.25,287.9294,119.11449999999999
8610.5,288.79740000000004,116.82560000000001
8610.75,277.8899,113.81290000000001
8611.0,293.3589,115.5449
8611.25,294.1137,111.32930000000002
8611.5,306.471,107.3053
8611.75,318.975,109.1378
8612.0,336.03900000000004,113.3643
8612.25,338.48,113.295
8612.5,333.428,112.7005
8612.75,343.24199999999996,112.9457
8613.0,321.81600000000003,107.1557
8613.25,335.96000000000004,107.891
8613.5,337.71,109.41329999999999
8613.75,326.827,108.45259999999999
8614.0,334.709,109.1268
8614.25,322.335,108.35539999999999
8614.5,314.022,108.37089999999999
8614.75,312.97,109.43620000000001
8615.0,322.619,112.55170000000001
8615.25,319.466,115.69999999999999
8615.5,312.744,110.9545
8615.75,296.8875,107.25389999999999
8616.0,294.8489,101.7603
8616.25,285.2572,102.3951
8616.5,279.80719999999997,102.4515
8616.75,295.3189,104.151
8617.0,300.837,105.0633
8617.25,301.883,108.2863
8617.5,291.9206,107.9664
8617.75,308.868,109.83739999999999
8618.0,305.142,113.05270000000002
8618.25,305.51300000000003,110.743
8618.5,287.2012,109.5462
8618.75,302.682,111.7744
8619.0,282.13009999999997,108.22959999999999
8619.25,272.3566,104.9375
8619.5,289.3336,108.9936
8619.75,285.93600000000004,109.8004
8620.0,280.5234,108.65270000000001
8620.25,276.0102,110.4657
8620.5,263.0268,106.6608
8620.75,280.2258,108.3038
8621.0,273.0357,108.61950000000002
8621.25,269.7365,103.6755
8621.5,274.3225,109.0037
8621.75,274.0834,110.02969999999999
8622.0,256.512,109.54479999999998
8622.25,264.1371,112.2833
8622.5,261.2021,114.3159
8622.75,275.3873,113.7878
8623.0,283.7901,109.9274
8623.25,291.01469999999995,107.09530000000001
8623.5,301.35699999999997,109.0212
8623.75,307.712,111.2577
8624.0,287.17240000000004,118.03020000000001
8624.25,294.35699999999997,119.6956
8624.5,299.3045,118.39630000000001
8624.75,311.964,119.4733
8625.0,313.793,117.24359999999999
8625.25,346.631,122.4275
8625.5,357.605,124.3656
8625.75,359.401,123.1542
8626.0,337.885,119.4264
8626.25,374.42900000000003,122.81469999999999
8626.5,326.64099999999996,127.1256
8626.75,329.807,124.054
8627.0,339.834,121.8425
8627.25,346.44100000000003,133.3305
8627.5,355.068,134.94889999999998
8627.75,349.078,134.0968
8628.0,337.385,126.5249
8628.25,350.084,128.0971
8628.5,337.831,124.6644
8628.75,341.053,127.4383
8629.0,299.8901,118.12819999999999
8629.25,322.908,115.34809999999999
8629.5,346.036,119.13640000000001
8629.75,351.707,123.201
8630.0,358.913,122.8803
8630.25,356.623,119.74080000000001
8630.5,359.438,114.93719999999999
8630.75,350.323,111.6563
8631.0,351.83500000000004,110.97290000000001
8631.25,344.17,110.6187
8631.5,327.781,112.11189999999999
8631.75,328.30400000000003,117.352
8632.0,322.254,112.4083
8632.25,335.174,117.9134
8632.5,335.205,118.7884
8632.75,349.58500000000004,113.392
8633.0,324.735,111.05619999999999
8633.25,322.15700000000004,113.9397
8633.5,323.255,114.30350000000001
8633.75,325.067,114.5618
8634.0,333.93499999999995,122.9764
8634.25,317.798,119.82310000000001
8634.5,319.371,117.17670000000001
8634.75,312.754,119.77730000000001
8635.0,329.097,124.7242
8635.25,328.468,125.114
8635.5,325.99899999999997,122.04990000000001
8635.75,353.59799999999996,119.80010000000001
8636.0,367.852,116.70240000000001
8636.25,367.821,121.3857
8636.5,353.251,121.4069
8636.75,357.127,126.7293
8637.0,368.06500000000005,131.06990000000002
8637.25,375.822,128.1723
8637.5,379.9,128.7538
8637.75,379.948,124.4658
8638.0,347.919,122.60419999999999
8638.25,342.808,120.4624
8638.5,335.519,119.9017
8638.75,327.325,122.76190000000001
8639.0,355.82,135.2655
8639.25,358.648,132.4378
8639.5,363.62,136.4956
8639.75,358.959,127.44460000000001
8640.0,352.99,126.186
8640.25,350.39,127.88910000000001
8640.5,336.137,124.5005
8640.75,330.122,124.33269999999999
8641.0,343.815,128.93970000000002
8641.25,346.019,127.8329
8641.5,339.563,129.7343
8641.75,334.75699999999995,119.17960000000001
8642.0,354.526,126.33290000000001
8642.25,343.01300000000003,127.07060000000001
8642.5,346.495,127.521
8642.75,340.108,125.249
8643.0,319.478,111.3665
8643.25,318.575,114.2003
8643.5,324.608,117.181
8643.75,323.726,116.53729999999999
8644.0,312.48600000000005,113.32230000000001
8644.25,306.34900000000005,112.862
8644.5,295.5874,111.68969999999999
8644.75,314.384,116.6211
8645.0,321.21500000000003,117.65690000000001
8645.25,320.546,116.4811
8645.5,314.81500000000005,115.1162
8645.75,286.26210000000003,114.6006
8646.0,282.47270000000003,113.63570000000001
8646.25,283.87309999999997,115.43110000000001
8646.5,292.31230000000005,116.9185
8646.75,280.7881,114.9956
8647.0,286.9445,117.8253
8647.25,304.527,121.04249999999999
8647.5,300.977,121.4863
8647.75,312.48,126.344
8648.0,263.4575,117.3501
8648.25,274.2649,118.19470000000001
8648.5,279.8616,121.0141
8648.75,286.2486,114.1164
8649.0,287.62260000000003,112.3372
8649.25,294.9628,118.52029999999999
8649.5,324.803,124.9576
8649.75,333.416,125.2158
8650.0,318.826,123.5855
8650.25,323.529,124.216
8650.5,287.03520000000003,119.39529999999999
8650.75,294.1474,121.0907
8651.0,297.39639999999997,117.8375
8651.25,326.327,119.22219999999999
8651.5,352.275,124.6206
8651.75,342.592,118.8431
8652.0,327.752,114.85690000000001
8652.25,354.33299999999997,120.53080000000001
8652.5,330.339,118.96029999999999
8652.75,338.243,123.5831
8653.0,336.068,122.7806
8653.25,330.994,118.6549
8653.5,355.32300000000004,122.826
8653.75,367.01,126.41720000000001
8654.0,373.46999999999997,130.959
8654.25,380.13199999999995,132.19650000000001
8654.5,373.86199999999997,134.328
8654.75,397.796,130.07510000000002
8655.0,365.725,122.47789999999998
8655.25,388.16600000000005,123.8941
8655.5,346.478,126.3503
8655.75,341.11199999999997,129.3621
8656.0,331.68399999999997,125.7641
8656.25,334.337,125.126
8656.5,348.47900000000004,129.10479999999998
8656.75,353.297,132.15300000000002
8657.0,363.77299999999997,130.69459999999998
8657.25,357.089,132.2613
8657.5,367.622,129.3623
8657.75,359.257,122.35499999999999
8658.0,356.99,123.19969999999998
8658.25,339.449,124.4177
8658.5,328.504,120.1039
8658.75,306.489,117.5922
8659.0,291.69480000000004,113.90469999999999
8659.25,294.3609,112.9443
8659.5,310.985,111.80170000000001
8659.75,325.916,111.6895
8660.0,325.352,112.5025
8660.25,330.625,114.56219999999999
8660.5,324.34,112.41980000000001
8660.75,328.501,111.36760000000001
8661.0,338.913,114.6044
8661.25,338.778,115.1259
8661.5,334.729,117.2525
8661.75,341.963,118.1249
8662.0,350.408,119.8099
8662.25,361.472,129.70069999999998
8662.5,335.658,121.39689999999999
8662.75,327.423,120.44219999999999
8663.0,329.61299999999994,124.1609
8663.25,335.005,122.78320000000001
8663.5,345.275,127.0795
8663.75,348.569,125.53719999999998
8664.0,336.123,124.65889999999999
8664.25,350.392,125.1477
8664.5,344.401,126.6318
8664.75,343.889,124.0445
8665.0,328.302,116.3469
8665.25,327.439,115.8229
8665.5,335.288,117.2946
8665.75,325.947,118.0272
8666.0,323.164,120.4219
8666.25,318.757,119.44830000000002
8666.5,327.275,122.1018
8666.75,324.365,119.2493
8667.0,316.745,118.3759
8667.25,320.71700000000004,124.51570000000001
8667.5,319.69100000000003,123.8821
8667.75,322.13599999999997,125.21619999999999
8668.0,305.067,118.9212
8668.25,306.53499999999997,119.87639999999999
8668.5,294.8104,120.1994
8668.75,292.465,119.24959999999999
8669.0,302.639,120.1272
8669.25,304.437,120.3867
8669.5,292.63259999999997,116.09179999999999
8669.75,277.4381,117.6325
8670.0,290.4569,120.9435
8670.25,289.7792,117.96419999999999
8670.5,278.5047,115.14350000000002
8670.75,278.04769999999996,118.8853
8671.0,281.32640000000004,121.4887
8671.25,288.92920000000004,125.3906
8671.5,298.8863,126.1566
8671.75,287.80129999999997,119.1155
8672.0,251.39159999999998,109.7024
8672.25,270.72170000000006,112.53739999999999
8672.5,283.0728,118.6348
8672.75,292.1169,120.2594
8673.0,293.1069,118.5581
8673.25,301.805,117.06220000000002
8673.5,299.1423,114.587
8673.75,319.154,116.6211
8674.0,310.671,117.3158
8674.25,321.344,115.97540000000001
8674.5,297.1293,117.6388
8674.75,291.46860000000004,117.78559999999999
8675.0,313.53900000000004,118.52000000000001
8675.25,334.612,119.5914
8675.5,327.597,119.1639
8675.75,350.69,122.26840000000001
8676.0,333.497,125.43199999999999
8676.25,341.607,127.11110000000001
8676.5,330.539,126.69290000000001
8676.75,342.148,125.09799999999998
8677.0,321.884,128.2738
8677.25,322.94100000000003,131.8539
8677.5,347.688,134.3793
8677.75,364.055,127.9435
8678.0,346.334,124.8108
8678.25,337.712,122.86860000000001
8678.5,333.793,119.1813
8678.75,340.939,116.8414
8679.0,338.774,121.3164
8679.25,338.339,126.8171
8679.5,321.641,132.68099999999998
8679.75,339.677,134.3506
8680.0,323.952,120.6667
8680.25,325.373,120.95769999999999
8680.5,328.951,115.17600000000002
8680.75,319.571,114.60640000000001
8681.0,388.274,123.571
8681.25,367.58299999999997,122.9666
8681.5,379.008,125.42070000000001
8681.75,354.453,125.93009999999998
8682.0,353.228,126.39930000000001
8682.25,375.426,137.60330000000002
8682.5,389.658,138.6465
8682.75,433.925,135.1138
8683.0,431.09000000000003,136.99779999999998
8683.25,431.903,141.36200000000002
8683.5,424.23699999999997,135.0279
8683.75,425.44100000000003,136.5871
8684.0,421.83399999999995,134.2962
8684.25,432.989,138.04
8684.5,420.18199999999996,133.91760000000002
8684.75,418.825,135.77970000000002
8685.0,413.84000000000003,133.7991
8685.25,410.63599999999997,131.5226
8685.5,391.30100000000004,130.6795
8685.75,387.779,130.21179999999998
8686.0,382.70399999999995,131.6909
8686.25,370.718,130.9293
8686.5,353.936,121.2804
8686.75,357.459,123.2275
8687.0,355.463,126.17689999999999
8687.25,359.549,125.5589
8687.5,369.06100000000004,128.9765
8687.75,363.278,125.8204
8688.0,350.672,118.90090000000001
8688.25,344.463,116.48060000000001
8688.5,340.48400000000004,114.6206
8688.75,340.623,119.485
8689.0,340.71,124.6138
8689.25,349.043,126.967
8689.5,351.932,126.8022
8689.75,362.68100000000004,126.57440000000001
8690.0,366.83299999999997,124.9582
8690.25,368.26099999999997,126.987
8690.5,333.747,123.3029
8690.75,339.995,125.1997
8691.0,321.207,122.6982
8691.25,321.803,124.62790000000001
8691.5,324.957,124.6243
8691.75,315.444,120.70060000000001
8692.0,319.373,121.7452
8692.25,317.396,122.4486
8692.5,321.65,125.79419999999999
8692.75,311.631,122.7738
8693.0,323.534,118.6651
8693.25,332.46500000000003,119.5929
8693.5,316.739,113.6288
8693.75,320.248,115.11770000000001
8694.0,302.51200000000006,118.7267
8694.25,301.82300000000004,118.8493
8694.5,305.274,115.0555
8694.75,308.55600000000004,114.72220000000002
8695.0,360.278,112.7337
8695.25,421.418,114.8416
8695.5,452.366,117.31990000000002
8695.75,502.719,116.1008
8696.0,475.923,115.2071
8696.25,501.414,118.9528
8696.5,512.377,120.3193
8696.75,520.483,124.21090000000001
8697.0,540.274,119.89430000000002
8697.25,543.594,122.57
8697.5,559.729,125.24700000000001
8697.75,559.059,124.0052
8698.0,588.186,121.8966
8698.25,594.2330000000001,129.1565
8698.5,569.559,128.5436
8698.75,580.557,127.3926
8699.0,592.515,125.4461
8699.25,599.913,140.2731
8699.5,589.746,135.9836
8699.75,602.7929999999999,131.47879999999998
8700.0,616.6800000000001,138.5737
8700.25,590.7059999999999,139.4763
8700.5,574.7909999999999,134.6255
8700.75,573.423,131.078
8701.0,529.3779999999999,133.9613
8701.25,519.981,138.1856
8701.5,500.88300000000004,135.1297
8701.75,491.60900000000004,136.9021
8702.0,480.91099999999994,135.8216
8702.25,484.519,133.2791
8702.5,474.137,119.3527
8702.75,471.938,122.0566
8703.0,461.32399999999996,124.17009999999999
8703.25,471.552,124.09719999999999
8703.5,438.27099999999996,122.3108
8703.75,432.395,124.6259
8704.0,435.28600000000006,125.411
8704.25,423.37,125.2418
8704.5,411.38,119.3779
8704.75,407.327,116.6091
8705.0,410.54200000000003,119.0294
8705.25,371.893,116.56700000000001
8705.5,364.90700000000004,118.7037
8705.75,364.93399999999997,117.5325
8706.0,375.567,118.34479999999999
8706.25,363.749,118.68369999999999
8706.5,345.606,115.8142
8706.75,351.156,114.53289999999998
8707.0,350.098,117.58949999999999
8707.25,352.52299999999997,118.0771
8707.5,368.106,117.7801
8707.75,387.49600000000004,117.9407
8708.0,415.433,115.25630000000001
8708.25,421.38300000000004,115.90939999999999
8708.5,408.327,115.51939999999999
8708.75,406.703,116.57509999999999
8709.0,401.543,114.6012
8709.25,407.30499999999995,113.65469999999999
8709.5,397.175,114.49709999999999
8709.75,400.23799999999994,115.60610000000001
8710.0,388.562,113.1859
8710.25,384.65,114.5881
8710.5,396.198,117.39380000000001
8710.75,373.12199999999996,118.196
8711.0,361.699,115.53460000000001
8711.25,364.468,119.3765
8711.5,401.975,130.69819999999999
8711.75,393.973,128.3068
8712.0,375.25100000000003,121.5567
8712.25,371.621,117.2288
8712.5,343.825,110.27789999999999
8712.75,339.908,110.6804
8713.0,346.65999999999997,114.17439999999999
8713.25,350.049,114.37449999999998
8713.5,343.364,114.49269999999999
8713.75,342.495,115.268
8714.0,332.05999999999995,113.542
8714.25,339.15,117.47550000000001
8714.5,342.76,121.5411
8714.75,348.509,123.95580000000001
8715.0,339.84200000000004,120.6077
8715.25,327.05899999999997,115.41550000000001
8715.5,321.44,115.4215
8715.75,323.852,115.81540000000001
8716.0,332.683,118.8449
8716.25,327.933,120.3133
8716.5,314.063,117.92250000000001
8716.75,311.56600000000003,121.0592
8717.0,316.485,120.1395
8717.25,306.88199999999995,118.57919999999999
8717.5,307.96000000000004,118.1379
8717.75,296.9388,120.00200000000001
8718.0,292.2971,121.4913
8718.25,298.0103,123.36790000000002
8718.5,289.6521,114.87630000000001
8718.75,300.866,113.17099999999999
8719.0,322.553,115.0274
8719.25,404.038,120.2662
8719.5,456.80499999999995,129.0107
8719.75,538.721,137.7828
8720.0,510.515,129.986
8720.25,542.883,130.31
8720.5,571.524,132.6774
8720.75,593.3910000000001,129.0538
8721.0,630.912,128.7828
8721.25,642.099,133.69889999999998
8721.5,663.09,139.2945
8721.75,687.837,140.8374
8722.0,721.8000000000001,147.5156
8722.25,733.749,139.64229999999998
8722.5,679.341,145.2099
8722.75,690.057,142.1169
8723.0,714.816,145.6955
8723.25,695.1659999999999,136.02859999999998
8723.5,749.4179999999999,146.0356
8723.75,744.837,141.7568
8724.0,715.968,140.5823
8724.25,723.5129999999999,140.88400000000001
8724.5,696.3240000000001,134.4279
8724.75,670.164,133.449
8725.0,623.894,136.1234
8725.25,595.572,134.2911
8725.5,597.025,140.4425
8725.75,587.823,135.9429
8726.0,550.8000000000001,123.8017
8726.25,541.962,123.4598
8726.5,529.228,130.0385
8726.75,521.754,127.0315
8727.0,527.203,129.27620000000002
8727.25,503.394,126.4742
8727.5,483.74399999999997,134.9095
8727.75,455.913,146.7312
8728.0,446.097,142.8895
8728.25,443.113,142.7618
8728.5,419.423,139.3962
8728.75,406.514,135.4943
8729.0,389.69,132.3342
8729.25,383.58500000000004,127.7147
8729.5,358.804,124.04400000000001
8729.75,355.808,123.63899999999998
8730.0,382.427,129.6436
8730.25,364.932,127.6398
8730.5,359.42900000000003,123.63839999999999
8730.75,347.80999999999995,123.8486
8731.0,353.727,122.043
8731.25,354.229,119.57469999999999
8731.5,361.702,117.8662
8731.75,365.14500000000004,116.06889999999999
8732.0,358.21500000000003,114.1156
8732.25,376.6,117.4433
8732.5,392.92999999999995,118.6224
8732.75,405.539,124.43870000000001
8733.0,400.178,118.5275
8733.25,390.947,114.94290000000001
8733.5,391.73300000000006,111.9795
8733.75,391.043,112.5215
8734.0,391.14799999999997,116.9877
8734.25,379.00100000000003,118.06199999999998
8734.5,365.286,114.1007
8734.75,370.159,115.9877
8735.0,386.48,122.0955
8735.25,382.276,124.72330000000001
8735.5,388.943,125.4122
8735.75,380.963,125.7327
8736.0,363.445,125.2245
8736.25,361.724,123.58100000000002
8736.5,346.879,123.17699999999999
8736.75,361.749,130.4104
8737.0,366.49899999999997,132.3277
8737.25,354.123,121.19399999999999
8737.5,359.063,126.4804
8737.75,353.08000000000004,124.8015
8738.0,363.736,131.8523
8738.25,363.278,125.2579
8738.5,350.805,118.9855
8738.75,339.904,118.3422
8739.0,333.523,121.0789
8739.25,335.786,119.9876
8739.5,337.445,120.9759
8739.75,330.164,120.5121
8740.0,337.169,122.8409
8740.25,350.64500000000004,126.80099999999999
8740.5,329.042,122.6128
8740.75,321.16999999999996,119.2656
8741.0,331.502,120.27940000000001
8741.25,314.093,118.5502
8741.5,325.22299999999996,117.8491
8741.75,306.966,113.2204
8742.0,311.11699999999996,116.1731
8742.25,295.96139999999997,112.68
8742.5,279.7233,111.4339
8742.75,303.76300000000003,118.6786
8743.0,356.55899999999997,126.60299999999998
8743.25,415.60299999999995,122.39240000000001
8743.5,411.527,114.26399999999998
8743.75,455.63,121.06139999999999
8744.0,450.573,125.19460000000001
8744.25,471.054,125.83850000000001
8744.5,477.76099999999997,126.95179999999999
8744.75,483.678,118.6358
8745.0,504.996,120.42630000000001
8745.25,526.653,129.8889
8745.5,544.317,130.1731
8745.75,575.313,137.3106
8746.0,574.977,137.5917
8746.25,576.1410000000001,136.77499999999998
8746.5,494.29200000000003,109.53369999999998
8746.75,505.392,114.9151
8747.0,539.464,121.9842
8747.25,581.6279999999999,134.3125
8747.5,583.242,136.98250000000002
8747.75,587.2620000000001,148.9331
8748.0,522.07,134.8554
8748.25,492.181,128.1221
8748.5,470.286,121.888
8748.75,452.59899999999993,123.79419999999999
8749.0,371.168,121.1098
8749.25,334.47400000000005,109.9529
8749.5,363.461,114.54169999999999
8749.75,371.084,123.79240000000001
8750.0,364.591,122.96619999999999
8750.25,371.65700000000004,130.03930000000003
8750.5,345.18899999999996,119.39280000000001
8750.75,357.63199999999995,115.75590000000001
8751.0,352.29499999999996,118.5675
8751.25,344.93399999999997,121.6121
8751.5,321.036,118.8427
8751.75,311.709,115.91309999999999
8752.0,317.077,117.57820000000001
8752.25,327.986,118.13910000000001
8752.5,308.315,120.64409999999998
8752.75,309.171,121.963
8753.0,315.503,123.072
8753.25,317.903,118.3881
8753.5,309.511,121.15559999999999
8753.75,314.23699999999997,126.33109999999999
8754.0,301.459,120.5861
8754.25,296.3849,117.06809999999999
8754.5,292.6803,117.3958
8754.75,302.31600000000003,117.7963
8755.0,311.23799999999994,117.90620000000001
8755.25,317.033,119.3751
8755.5,323.175,121.4312
8755.75,327.71000000000004,122.4196
8756.0,354.171,118.28960000000001
8756.25,353.478,121.7739
8756.5,366.14300000000003,124.3167
8756.75,367.153,123.5148
8757.0,387.35900000000004,127.6862
8757.25,373.65999999999997,130.334
8757.5,364.693,133.7099
8757.75,358.18,130.898
8758.0,357.548,129.4665
8758.25,338.695,127.3245
8758.5,318.326,116.58620000000002
8758.75,327.06100000000004,119.14280000000001
8759.0,328.915,124.7311
8759.25,328.328,129.2297
8759.5,335.759,131.4383
8759.75,336.669,136.5135
