0,0.031302293120638,0.00677437686939179
0.25,0.0316405854956753,0.00658403359946769
0.5,0.0368937861372344,0.0061121825148032
0.75,0.0372452876427829,0.00759194226375898
1,0.0370841381944444,0.00708580493055549
1.25,0.0398536743535988,0.00781093277428362
1.5,0.0378676600209864,0.00737118572927593
1.75,0.0374788004179728,0.00756765036572619
2,0.0376612093347265,0.00799707795193309
2.25,0.0372900561330561,0.00762385010395
2.5,0.0381122949790794,0.00662801834030679
2.75,0.0365236516264427,0.00678023924449106
3,0.0338324932642487,0.00861619702936094
3.25,0.0386189634986226,0.0173014824380165
3.5,0.0315569404388714,0.00625452873563218
3.75,0.0321616797520661,0.00894688016528916
4,0.0313671378238342,0.00666196310880825
4.25,0.0391804081632653,0.0176453112244897
4.5,0.0316708228291316,0.00770166036414563
4.75,0.0373131842385516,0.00707037003904861
5,0.0399397770767612,0.00854460736067295
5.25,0.0276076789862724,0.00445339790214707
5.5,0.0388606666666666,0.00566485333333332
5.75,0.0267529634196464,0.00579089190300033
6,0.0250209456975772,0.00454344896407686
6.25,0.0320475957095709,0.00574112443894382
6.5,0.025737601139601,0.00676583475783474
6.75,0.0237930066334991,0.00512320928689874
7,0.0255525717761557,0.00592127331711269
7.25,0.0257447710843373,0.00557351710843367
7.5,0.0273506555423123,0.00800918363130703
7.75,0.0247222169249105,0.00581726102502979
8,0.0265007430145611,0.00737855135773313
8.25,0.0207447114252061,0.00442641931684327
8.5,0.0194748440366972,0.00433347522935772
8.75,0.01976369837587,0.00336337378190253
9,0.0272483499036608,0.00844965117533716
9.25,0.0262578285714285,0.00757975984761894
9.5,0.0263715525009545,0.00777058266513929
9.75,0.030522680412371,0.00485288659793811
10,0.0261541522070015,0.00655192754946726
10.25,0.0262009496567505,0.00671371342486641
10.5,0.0265745236473703,0.00765045604237605
10.75,0.0253651299694189,0.00570107201834858
11,0.0247670982658959,0.00413402219653173
11.25,0.0249456851642128,0.0050071483578708
11.5,0.0312765295668549,0.00644826011299425
11.75,0.0323088348765432,0.00666789158950612
12,0.0316405128205128,0.00610278376068366
12.25,0.0257726837416481,0.00507559339272452
12.5,0.0312564547121379,0.00487299426475977
12.75,0.0269278281481481,0.00602592251851847
13,0.0260089617021276,0.0032725561702127
13.25,0.0268222222222221,0.00525925925925918
13.5,0.0266604474074073,0.0053747841481481
13.75,0.0267496810982048,0.00611227878915873
14,0.0265935737704917,0.00631122491803274
14.25,0.0265342143622721,0.00486857577706316
14.5,0.042262490605428,0.00755982505219198
14.75,0.0240091255683805,0.00448603777544589
15,0.0258699442119944,0.00570549860529979
15.25,0.0270357438016528,0.00510358953168044
15.5,0.0242894136546185,0.00471067416331991
15.75,0.0276540457912458,0.00701445575757572
16,0.0262254369323915,0.00443623475277491
16.25,0.0309559999999999,0.00571786666666657
16.5,0.0260661983805668,0.00345533141700402
16.75,0.0258305503489531,0.00397781065337317
17,0.0233818644067797,0.00464791625124622
17.25,0.0263066679960119,0.00426139734795605
17.5,0.0390175210225361,0.00507227773292969
17.75,0.0404643353617309,0.00692856308316427
18,0.0267171143790849,0.00486109620915028
18.25,0.0254307310344827,0.00335300193103442
18.5,0.0272369791873141,0.00438486993062432
18.75,0.0250595112881806,0.002342924568393
19,0.0258812744124461,0.00445630172128432
19.25,0.0271838642350557,0.00572833035460988
19.5,0.0253411310483871,0.00289695846169346
19.75,0.0320883839373163,0.011441036891936
20,0.0479935624219724,0.00909650936329585
20.25,0.0386014351334574,0.0148768402234637
20.5,0.0376428618481244,0.014035680146386
20.75,0.049214612562189,0.00988580068407954
21,0.0391737744548286,0.0161692966978193
21.25,0.0395015350877193,0.0152458709273182
21.5,0.0376450506912442,0.0144549456221198
21.75,0.0388346490066225,0.0150747307473982
22,0.0386605066162571,0.0150946536862003
22.25,0.0389924690181124,0.0159333746425166
22.5,0.0355473333333333,0.0113410666666666
22.75,0.0464402099125363,0.0082355860058308
23,0.0376439001919385,0.0146544
23.25,0.0469983271904299,0.00723707843517618
23.5,0.0386734329797493,0.0160693973641915
23.75,0.0485161130604288,0.00853864730344375
24,0.0383730009643201,0.0155605571841851
24.25,0.0385599955214331,0.0165520078694817
24.5,0.0379820927703135,0.0162091273832373
24.75,0.0385399591836735,0.0164700680272108
25,0.0467189851337958,0.00798194806739342
25.25,0.0450218732673266,0.00718273491749173
25.5,0.0459606666666666,0.00815553333333325
25.75,0.0475699999999999,0.00753073333333332
26,0.0442856834485028,0.00659593971701216
26.25,0.0376875725991477,0.0152499901671582
26.5,0.0374478271119842,0.0154899960707269
26.75,0.0383762873220787,0.016458429857663
27,0.049558,0.009372
27.25,0.0460548990825688,0.00764738756371043
27.5,0.0442471999999999,0.00610240653061217
27.75,0.0382549700598802,0.0164805029940119
28,0.0390122089155022,0.0168551543579507
28.25,0.039334,0.0170778666666666
28.5,0.0380374081496326,0.0159453573814294
28.75,0.0450644984802431,0.0060463897331982
29,0.0372223912747103,0.014888956509884
29.25,0.0360222492401215,0.0138316200607902
29.5,0.0330099409106708,0.00513435870698635
29.75,0.0344092753623188,0.00610636937941278
30,0.0395882538226299,0.00498793455657487
30.25,0.0359329465301478,0.00694297610921499
30.5,0.0367302363636363,0.00625703636363635
30.75,0.0327190388768898,0.00721231187904958
31,0.0334891237721021,0.00598224518664044
31.25,0.0327073333333333,0.00175133333333329
31.5,0.0954949999999999,0.00408336248785222
31.75,0.126224039240776,0.0417747101727446
32,0.186966666666667,0.0103565333333333
32.25,0.133027820390914,-0.00737673872160586
32.5,0.234405000834585,-0.00153100223668828
32.75,0.194717897091722,0.00112556442953015
33,0.287313333333333,0.00722306666666664
33.25,0.156376243231987,0.00580272955712896
33.5,0.210372217630854,-0.00520021212121203
33.75,0.176474411886092,0.0143532521667354
34,0.225204519966015,0.00201456538091184
34.25,0.240550682860999,0.000757639946018809
34.5,0.211357101677149,-0.00314446645702304
34.75,0.252838449920509,-0.0011380111022787
35,0.217119544465771,-0.01052413512476
35.25,0.22954138256088,0.0128072566378632
35.5,0.161784035005225,0.0131741149164053
35.75,0.256647431264729,0.046120774548311
36,0.214331000401768,0.01824902531137
36.25,0.177868126855601,0.0318191530364372
36.5,0.137248466084062,0.00327955588847265
36.75,0.139268965690376,0.00317491640725242
37,0.0432854463373082,0.00411164588302097
37.25,0.194023923487544,0.0355315204626334
37.5,0.113042571039492,0.0163768606445756
37.75,0.220003176603652,0.00556422720956525
38,0.211629014507254,0.0238838459229615
38.25,0.231255568763414,-0.000186040630675225
38.5,0.0337608690708251,0.00201951380441839
38.75,0.221895512753774,0.0195795700850251
39,0.060135464640561,-0.00416987523085913
39.25,0.0614477746200908,-0.00306999403986571
39.5,0.0561860691358024,0.011153866255144
39.75,0.0517718901467505,0.00643422243186577
40,0.0503355498721227,0.00264661125319692
40.25,0.0646976922069417,0.0157407790438769
40.5,0.0422952605263158,0.00136646226315786
40.75,0.111125702373316,-0.00273240699166131
41,0.0465262708618331,0.00539271062471491
41.25,0.0950852086834733,0.000865722689075604
41.5,0.0857692557111274,-0.00263302392532546
41.75,0.0406862093576527,0.00267352630187681
42,0.0753535329341316,-0.00264049850299394
42.25,0.0818826021337496,0.000809677127244268
42.5,0.0781738444619009,-0.00159932380204234
42.75,0.029962,0.00582199999999993
43,0.0285893333333333,0.00378997999999993
43.25,0.0277616279712548,0.00424426578772802
43.5,0.0272639999999999,0.00304116666666661
43.75,0.0325407586394558,0.0106462828843536
44,0.0401877840149692,0.0139684576316493
44.25,0.0410512333873582,0.0146087083738519
44.5,0.0409383125506072,0.0150296019433198
44.75,0.0401948334709606,0.0149648456922653
45,0.0363820429752066,0.00658477079889805
45.25,0.0335833670748299,0.00482790340136045
45.5,0.0391269647696477,0.0148163915989159
45.75,0.0385766666666666,0.0150046666666666
46,0.0381033333333332,0.0150993333333333
46.25,0.0400153107624552,0.0133653034406826
46.5,0.0412836409395972,0.0145157077740491
46.75,0.0382926666666666,0.0145313333333333
47,0.0430118676759181,0.0146127036725539
47.25,0.0383873333333333,0.0153833333333333
47.5,0.0388606666666666,0.0158093333333333
47.75,0.0377719999999999,0.0142946666666666
48,0.0436886666666666,0.0143893333333333
48.25,0.0385580887372013,0.00770216723549478
48.5,0.0365098324667822,0.00559501328711725
48.75,0.042742,0.0144366666666666
49,0.0464478877314814,0.0185460792824073
49.25,0.0378193333333333,0.0162826666666666
49.5,0.0433573333333333,0.015762
49.75,0.0403986243386243,0.0151530278659611
50,0.0327730229681978,0.0101662579328622
50.25,0.0367306666666666,0.0140958666666666
50.5,0.0353895274562184,0.0126769161769071
50.75,0.0333226666666666,0.0105311933333333
51,0.0400281932721712,0.016421943914373
51.25,0.03763,0.015762
51.5,0.0371093333333333,0.0153833333333333
51.75,0.0336848469294225,0.00973544190650779
52,0.033906806985294,0.00886022225490189
52.25,0.0412746666666666,0.0182564666666666
52.5,0.0363046666666666,0.0142331333333333
52.75,0.033291926199262,0.00817165461254603
53,0.0395233333333333,0.0141526666666666
53.25,0.0400817773584906,0.0138959637106917
53.5,0.0354899764705882,0.0155363035294117
53.75,0.0340577942386831,0.00712673456790123
54,0.022294,0.00328966666666657
54.25,0.0245002455775234,0.00531693313909115
54.5,0.0318692956764295,0.00660554986052996
54.75,0.0461990562858105,0.012459602628918
55,0.0283520744712541,0.00369597828418229
55.25,0.0835670569366479,0.00824602085004002
55.5,0.0800521676029963,0.00901645154494376
55.75,0.169453333333333,-0.00544806666666661
56,0.186966666666667,0.0103565333333333
56.25,0.173171889177489,0.0136366964502164
56.5,0.213049564929694,-0.00503099305210909
56.75,0.215728681567865,-0.00869567152575307
57,0.25524218385441,0.00341268253227555
57.25,0.18602,0.00454399999999993
57.5,0.26009368705036,0.00838553417266182
57.75,0.2556,0.00665033333333329
58,0.240711841283995,0.00438861667409718
58.25,0.161025497797357,0.0318250983847283
58.5,0.21908451536643,0.00511324208037821
58.75,0.217073674610179,0.0076184328508384
59,0.192987936226749,-0.00103843631532328
59.25,0.180662467590523,0.00812744014304871
59.5,0.200876280765725,0.0232618523245214
59.75,0.149041571182997,0.013702132333177
60,0.14605375547098,0.00161494938154138
60.25,0.133098050096339,0.0107953105973025
60.5,0.140352536394724,0.000680268099657963
60.75,0.159986666666667,-0.00167086666666657
61,0.124469912856374,0.014206836471221
61.25,0.103675478422619,0.0150598792038689
61.5,0.0730968920691711,0.00903299511031601
61.75,0.0597653456790123,-0.00136364675428111
62,0.0399385074121135,0.0033620018636171
62.25,0.0368493673997412,0.00209145058214742
62.5,0.0379659239842725,0.000327456094364313
62.75,0.0349250428696412,0.000184141574803141
63,0.0381913696498054,0.00106030073929958
63.25,0.0400363144329896,0.00301438917525771
63.5,0.0454119037433154,0.00648125588235294
63.75,0.0398138530762167,0.00788536822773182
64,0.0384764747081711,0.00139872762645908
64.25,0.0394516891117478,0.00584651432664748
64.5,0.0407693035190615,0.00634731671554244
64.75,0.0394099984859954,0.00614188160484477
65,0.025986,0.00265066666666657
65.25,0.0394192704714639,0.0047244069478908
65.5,0.0428577248592116,0.00216156063287742
65.75,0.0253706666666666,0.000993999999999965
66,0.038358867706528,0.00635318746389366
66.25,0.0413442599067599,0.00581182167832162
66.5,0.0350831533101044,0.00578662369337977
66.75,0.0328383226381461,0.00568516363636362
67,0.0250866666666666,0.00220336666666657
67.25,0.0253233333333332,0.00354053333333329
67.5,0.0257966666666666,0.00403279999999993
67.75,0.0294413333333333,0.00958973333333329
68,0.035074,0.0140816666666666
68.25,0.037062,0.014413
68.5,0.0373459999999999,0.0147253999999999
68.75,0.0371566666666666,0.0144224666666666
69,0.0357366666666666,0.0123871333333333
69.25,0.037204,0.0141242666666666
69.5,0.0381506666666666,0.0151466666666666
69.75,0.0375353333333333,0.0144461333333333
70,0.0371093333333333,0.0140248666666666
70.25,0.0366833333333333,0.0132154666666666
70.5,0.0372986666666666,0.0141715999999999
70.75,0.0399493333333333,0.0163252666666666
71,0.0393813333333332,0.0154685333333333
71.25,0.0394759999999999,0.0156531333333332
71.5,0.03976,0.0160885999999999
71.75,0.0407539999999999,0.0169974
72,0.0392866666666666,0.0164625333333333
72.25,0.0382926666666666,0.0160649333333333
72.5,0.038482,0.0160933333333333
72.75,0.0390499999999999,0.0172577333333333
73,0.0394286666666666,0.0178494
73.25,0.0387659999999999,0.0166471333333333
73.5,0.0375353333333333,0.0150330666666666
73.75,0.0386239999999999,0.0165004
74,0.039192,0.0174044666666666
74.25,0.037914,0.0156294666666666
74.5,0.0381506666666666,0.0157572666666666
74.75,0.0392393333333333,0.0172766666666666
75,0.0398546666666666,0.0182801333333333
75.25,0.0392393333333333,0.0174517999999999
75.5,0.0381979999999999,0.0161690666666666
75.75,0.0378193333333333,0.0157051999999999
76,0.0391446666666666,0.0174707333333333
76.25,0.03834,0.0167512666666666
76.5,0.038908,0.0169595333333333
76.75,0.0381979999999999,0.0161122666666666
77,0.0390973333333333,0.0172435333333333
77.25,0.0363993333333332,0.0149052666666666
77.5,0.0275953333333333,0.00601606666666657
77.75,0.0250393333333333,0.0043878
78,0.02556,0.00574579333333332
78.25,0.0254179999999999,0.00568473333333325
78.5,0.0257493333333332,0.00533919999999996
78.75,0.0262226666666666,0.00512619999999996
79,0.0266959999999999,0.00466114999999993
79.25,0.0269326666666666,0.00438306666666661
79.5,0.0287313333333333,0.00543386666666664
79.75,0.0267906666666666,0.00404321333333329
80,0.0263646666666666,0.00402380666666664
80.25,0.0260806666666666,0.00417006666666661
80.5,0.028116,0.00577324666666657
80.75,0.0283526666666666,0.00571786666666657
81,0.0266486666666666,0.00438732666666661
81.25,0.02698,0.00491178
81.5,0.0268853333333333,0.00507697333333332
81.75,0.0282106666666666,0.00579359999999989
82,0.0291573333333332,0.00646099999999993
82.25,0.0262699999999999,0.00432484666666657
82.5,0.0267906666666666,0.00491793333333325
82.75,0.028116,0.00629059999999993
83,0.0272166666666666,0.00537706666666657
83.25,0.0267906666666666,0.00475368666666661
83.5,0.0267906666666666,0.00495485333333329
83.75,0.0274533333333332,0.00546605333333329
84,0.0270273333333333,0.00491793333333325
84.25,0.0279266666666666,0.00597346666666657
84.5,0.028116,0.00647235999999996
84.75,0.027832,0.00683966666666664
85,0.0308547179487179,0.0050097948717948
85.25,0.0263646666666666,0.00508833333333325
85.5,0.0266013333333332,0.00609179999999989
85.75,0.0271219999999999,0.00619735333333332
86,0.0266959999999999,0.00532026666666661
86.25,0.026128,0.00432295333333332
86.5,0.0272639999999999,0.00591666666666661
86.75,0.025986,0.00414166666666657
87,0.0260806666666666,0.00406025333333329
87.25,0.0270273333333333,0.00522086666666664
87.5,0.0263646666666666,0.00459369999999996
87.75,0.0260333333333333,0.0042387
88,0.0257966666666666,0.00370383333333325
88.25,0.0269326666666666,0.00436209799999993
88.5,0.02769,0.00558533333333329
88.75,0.0267433333333333,0.00479013333333325
89,0.0254179999999999,0.00326126666666664
89.25,0.0260806666666666,0.00366359999999989
89.5,0.0258913333333333,0.00337344666666661
89.75,0.0258913333333333,0.00374595999999996
90,0.0272166666666666,0.00508170666666661
90.25,0.0256073333333333,0.00337628666666664
90.5,0.0271693333333333,0.00492739999999993
90.75,0.0270746666666666,0.00518299999999993
91,0.025276,0.00373933333333332
91.25,0.027406,0.00577513999999993
91.5,0.026412,0.00414971333333329
91.75,0.0317133333333333,0.0108014666666666
92,0.0370146666666666,0.0168222666666666
92.25,0.0382453333333333,0.0147396
92.5,0.0390026666666666,0.0155679333333332
92.75,0.03834,0.0149005333333333
93,0.0389553333333333,0.0160791333333332
93.25,0.0390973333333333,0.0150898666666666
93.5,0.0389553333333333,0.0155063999999999
93.75,0.0385293333333332,0.0155158666666666
94,0.03976,0.0171015333333332
94.25,0.03976,0.0170068666666666
94.5,0.0382926666666666,0.0152365999999999
94.75,0.0390499999999999,0.0164199333333333
95,0.03976,0.0173334666666666
95.25,0.0403753333333333,0.0178162666666666
95.5,0.0390499999999999,0.0162258666666666
95.75,0.039334,0.0169784666666666
96,0.0400913333333333,0.0178683333333333
96.25,0.037914,0.0156531333333332
96.5,0.037914,0.015762
96.75,0.0378193333333333,0.0156389333333333
97,0.0392393333333333,0.0174754666666666
97.25,0.0388133333333333,0.016827
97.5,0.0381979999999999,0.0160412666666666
97.75,0.03763,0.0152460666666666
98,0.039334,0.0173287333333333
98.25,0.039192,0.0172246
98.5,0.038482,0.0163820666666666
98.75,0.038766,0.0162542666666666
99,0.0381033333333332,0.0162022
99.25,0.0391446666666666,0.0175369999999999
99.5,0.0390499999999999,0.0172435333333333
99.75,0.0381033333333332,0.0162684666666666
100,0.0398073333333332,0.0181665333333332
100.25,0.0393813333333332,0.0177358
100.5,0.0390026666666666,0.0173145333333332
100.75,0.0387659999999999,0.0168553999999999
101,0.0382926666666666,0.0164057333333333
101.25,0.0385293333333332,0.0168553999999999
101.5,0.0290153333333333,0.00760173333333325
101.75,0.0266959999999999,0.00602079999999996
102,0.0277846666666666,0.00790939999999993
102.25,0.0272639999999999,0.00748813333333332
102.5,0.0266486666666666,0.00700533333333325
102.75,0.0243923266998341,0.00525225737976779
103,0.026554,0.00615333333333325
103.25,0.02698,0.00584093333333329
103.5,0.0283999999999999,0.00831646666666657
103.75,0.0265066666666666,0.00598766666666664
104,0.0283053333333332,0.007881
104.25,0.0292046666666666,0.00929153333333328
104.5,0.0280686666666666,0.00799933333333332
104.75,0.0275479999999999,0.00732246666666661
105,0.0290626666666666,0.00901226666666664
105.25,0.0283999999999999,0.00819813333333325
105.5,0.0283526666666666,0.00835433333333329
105.75,0.027832,0.00699586666666657
106,0.0277373333333333,0.00694853333333329
106.25,0.02769,0.00709526666666664
106.5,0.0284473333333333,0.00818961333333325
106.75,0.0266486666666666,0.00598956
107,0.0253233333333332,0.00422686666666657
107.25,0.0262226666666666,0.00526346666666664
107.5,0.0262699999999999,0.00530511999999996
107.75,0.0262226666666666,0.00536759999999989
108,0.0273113333333333,0.00619119999999996
108.25,0.0262699999999999,0.00517353333333325
108.5,0.0267433333333333,0.00581726666666664
108.75,0.0271693333333333,0.00607996666666657
109,0.0266013333333332,0.00543386666666664
109.25,0.026554,0.00520666666666657
109.5,0.0266013333333332,0.00536286666666661
109.75,0.0271219999999999,0.00608895999999996
110,0.0277846666666666,0.006603
110.25,0.0263646666666666,0.00483746666666664
110.5,0.0270273333333333,0.00539599999999993
110.75,0.026838,0.00529896666666661
111,0.0263173333333333,0.00462777999999996
111.25,0.02698,0.00509306666666664
111.5,0.0262699999999999,0.00433052666666664
111.75,0.0271219999999999,0.00537233333333329
112,0.026412,0.00446779333333332
112.25,0.0262226666666666,0.004261278
112.5,0.025702,0.00340705333333332
112.75,0.025986,0.00400174933333332
113,0.0262699999999999,0.00422686666666657
113.25,0.026412,0.00427845999999996
113.5,0.0261753333333332,0.00408060666666661
113.75,0.0258439999999999,0.00378524666666664
114,0.0267433333333333,0.00486586666666657
114.25,0.026412,0.00455607
114.5,0.0272639999999999,0.00438921999999996
114.75,0.0258913333333333,0.00367164666666661
115,0.0264593333333333,0.00455583333333325
115.25,0.0266013333333332,0.00471629333333329
115.5,0.0254179999999999,0.00290574599999989
115.75,0.0318079999999999,0.0113410666666666
116,0.0368726666666666,0.0152176666666666
116.25,0.037914,0.0144177333333333
116.5,0.0376773333333333,0.0140485333333333
116.75,0.0369673333333333,0.013348
117,0.0382453333333333,0.0148153333333333
117.25,0.0381506666666666,0.0147253999999999
117.5,0.0378193333333333,0.0145218666666666
117.75,0.0384346666666666,0.0149194666666666
118,0.0386239999999999,0.0150803999999999
118.25,0.0389553333333333,0.0159181999999999
118.5,0.0386239999999999,0.0156578666666666
118.75,0.0377246666666666,0.0145266
119,0.0380086666666666,0.0147964
119.25,0.0378193333333333,0.01491
119.5,0.0386239999999999,0.0157856666666666
119.75,0.03976,0.0167749333333333
120,0.0386713333333333,0.0156815333333333
120.25,0.0386713333333333,0.0165997999999999
120.5,0.0383873333333333,0.0163820666666666
120.75,0.038766,0.0165666666666666
121,0.0386713333333333,0.0162353333333333
121.25,0.0382926666666666,0.0159607999999999
121.5,0.0385766666666666,0.0163441999999999
121.75,0.0386239999999999,0.0161785333333333
122,0.03763,0.0151845333333332
122.25,0.0377246666666666,0.015265
122.5,0.0378193333333333,0.0156436666666666
122.75,0.0385293333333332,0.0165240666666666
123,0.0386239999999999,0.0164246666666666
123.25,0.0377719999999999,0.0157336
123.5,0.0377719999999999,0.0153549333333332
123.75,0.0387186666666666,0.0166802666666666
124,0.0392866666666666,0.0169737333333333
124.25,0.0386239999999999,0.0163441999999999
124.5,0.0379613333333333,0.0159134666666666
124.75,0.03834,0.0164009999999999
125,0.0372986666666666,0.0149194666666666
125.25,0.0369199999999999,0.0141763333333333
125.5,0.0301513333333333,0.0077958
125.75,0.0259386666666666,0.00466375333333332
126,0.02485,0.00440199999999996
126.25,0.0240926666666666,0.00299667333333325
126.5,0.0262226666666666,0.00257824666666657
126.75,0.0280213333333333,0.00486586666666657
127,0.0289206666666666,0.00377009999999989
127.25,0.0684439999999999,0.0030246
127.5,0.13561,0.0350266666666666
127.75,0.156673333333333,0.0319973333333333
128,0.175606666666667,0.032376
128.25,0.23998,0.0688226666666666
128.5,0.183653333333333,0.034222
128.75,0.249079732193732,-0.00601390227920224
129,0.189333333333333,0.0356893333333333
129.25,0.23128392,0.091333548
129.5,0.186493333333333,0.0311453333333333
129.75,0.33512,-0.000179866666666572
130,0.284547581699346,0.0344502423328306
130.25,0.203533333333333,0.0311453333333333
130.5,0.170023702613176,0.01478261636609
130.75,0.167295870013338,0.0321974453740754
131,0.177973333333333,0.0328966666666666
131.25,0.17182,0.0284473333333333
131.5,0.175606666666667,0.0263173333333333
131.75,0.256345137470542,0.0460664509033779
132,0.226884067436612,0.0321339986725076
132.25,0.179393333333333,0.032092
132.5,0.167086666666667,0.032518
132.75,0.143041333333333,0.0101624666666666
133,0.119232666666667,-0.00253706666666664
133.25,0.0994946666666666,-0.00126853333333332
133.5,0.069154,0.00053013333333325
133.75,0.0662193333333332,0.00148058666666664
134,0.0519246666666666,0.00181901999999989
134.25,0.0396653333333333,0.0025134
134.5,0.0338433333333333,0.00202444666666657
134.75,0.0324706666666666,0.00216786666666661
135,0.0338906666666666,0.00325558666666657
135.25,0.03195,0.00188386666666657
135.5,0.0336066666666666,0.00131586666666661
135.75,0.0316186666666666,0.00297253333333332
136,0.0309559999999999,0.00290200666666657
136.25,0.028116,0.00201924
136.5,0.0292993333333333,0.00257919333333325
136.75,0.02698,0.00214893333333325
137,0.0292046666666666,0.00339853333333332
137.25,0.0292046666666666,0.00172293333333325
137.5,0.0260333333333333,0.00074313333333325
137.75,0.0270746666666666,0.00233353333333332
138,0.02698,0.00265066666666657
138.25,0.026128,0.00163299999999996
138.5,0.0254179999999999,0.000719466666666608
138.75,0.026554,0.00230939333333329
139,0.0273586666666666,0.00344723933333329
139.25,0.0277846666666666,0.00424778799999996
139.5,0.0272639999999999,0.00304116666666661
139.75,0.0327546666666666,0.0107162666666666
140,0.038908,0.0161596
140.25,0.0391446666666666,0.0146118
140.5,0.039334,0.0147206666666666
140.75,0.0399966666666666,0.0148910666666666
141,0.0398073333333332,0.0141763333333333
141.25,0.03976,0.0143325333333332
141.5,0.0399019999999999,0.0146307333333332
141.75,0.0398073333333332,0.0143561999999999
142,0.03976,0.0144508666666666
142.25,0.03976,0.0146544
142.5,0.0395233333333333,0.0143656666666666
142.75,0.0402806666666666,0.0149952
143,0.0388133333333333,0.0136651333333333
143.25,0.0408013333333333,0.0158282666666666
143.5,0.0411326666666666,0.0163867999999999
143.75,0.040044,0.0147253999999999
144,0.0395233333333333,0.0148957999999999
144.25,0.0392393333333333,0.0151892666666666
144.5,0.0399019999999999,0.0160791333333332
144.75,0.0404226666666666,0.0169074666666666
145,0.0399966666666666,0.0166471333333333
145.25,0.03976,0.0162542666666666
145.5,0.040186,0.0170021333333333
145.75,0.040186,0.0169831999999999
146,0.0395233333333333,0.0160933333333333
146.25,0.0398546666666666,0.0163962666666666
146.5,0.0404226666666666,0.0174091999999999
146.75,0.0390973333333333,0.015691
147,0.039334,0.0156199999999999
147.25,0.03976,0.0160696666666666
147.5,0.0398073333333332,0.0163158
147.75,0.03976,0.0164057333333333
148,0.0389553333333333,0.0153738666666666
148.25,0.0385293333333332,0.0147538
148.5,0.0392393333333333,0.0155963333333333
148.75,0.040044,0.0168127999999999
149,0.0398546666666666,0.0166660666666666
149.25,0.038908,0.0144745333333333
149.5,0.0310506666666666,0.00807506666666664
149.75,0.0265066666666666,0.00436886666666664
150,0.0264593333333333,0.00472291999999993
150.25,0.0267906666666666,0.00532405333333332
150.5,0.0264593333333333,0.00380323333333332
150.75,0.0277373333333333,0.00330907333333332
151,0.0278793333333332,0.00352301999999989
151.25,0.0493686666666666,0.00271977333333325
151.5,0.129409333333333,0.0319026666666666
151.75,0.138781333333333,0.0351686666666666
152,0.131160666666667,0.0348373333333333
152.25,0.146070666666667,0.031666
152.5,0.1491,0.0281633333333333
152.75,0.155442666666667,0.03124
153,0.181286666666667,0.032376
153.25,0.183653333333333,0.0287786666666666
153.5,0.204953333333333,0.051972
153.75,0.166613333333333,0.026412
154,0.427404685756787,0.0635446039419858
154.25,0.19454,0.029394
154.5,0.1704,0.0148153333333333
154.75,0.200693333333333,0.0300566666666666
155,0.179749120473023,0.033224903917221
155.25,0.211106666666667,0.0343166666666666
155.5,0.150509880212282,0.0162406013646701
155.75,0.204558706697459,-0.00625040492686676
156,0.177677324211624,-0.00820702267396398
156.25,0.175100022594365,-0.00596483994019134
156.5,0.168180523731587,0.032730883797054
156.75,0.158135519215045,0.0202774374488961
157,0.143526455937112,0.00478278991035716
157.25,0.0901226666666666,-0.00023193333333325
157.5,0.0630953333333333,3.78666666666662e-05
157.75,0.0544806666666666,0.00174186666666661
158,0.0619593333333332,0.00178919999999989
158.25,0.0520666666666666,0.0023004
158.5,0.169848467556374,0.00150923847215826
158.75,0.0377719999999999,0.00132533333333329
159,0.0380086666666666,0.00115966666666657
159.25,0.0347899999999999,0.00299335999999993
159.5,0.0354053333333333,0.00120699999999996
159.75,0.0371093333333333,0.000951399999999964
160,0.0392393333333333,0.00268853333333329
160.25,0.038482,0.00289679999999989
160.5,0.038908,0.00239506666666657
160.75,0.0353106666666666,0.00100819999999993
161,0.0296306666666666,0.00149573333333329
161.25,0.0279266666666666,0.00138686666666664
161.5,0.0271693333333333,0.00141526666666657
161.75,0.0273113333333333,0.000728933333333286
162,0.0292993333333333,0.00247079999999989
162.25,0.0302933333333333,0.00380418
162.5,0.0294413333333333,0.00307193333333329
162.75,0.0292993333333333,0.00173315733333325
163,0.0297726666666666,0.00397126666666657
163.25,0.0312873333333333,0.00553610666666664
163.5,0.0307666666666666,0.00444791333333329
163.75,0.0329913333333332,0.00820286666666664
164,0.0400913333333333,0.0139349333333333
164.25,0.0407539999999999,0.0145029333333332
164.5,0.041038,0.0150661999999999
164.75,0.040186,0.0139917333333332
165,0.0397126666666666,0.0130687333333333
165.25,0.040896,0.0141952666666666
165.5,0.0420319999999999,0.0157998666666666
165.75,0.0428366666666666,0.0163110666666666
166,0.042316,0.0150803999999999
166.25,0.0399493333333333,0.0133432666666666
166.5,0.0411799999999999,0.0144792666666666
166.75,0.041038,0.0161643333333332
167,0.04189,0.0156389333333333
167.25,0.0428839999999999,0.0162163999999999
167.5,0.0420319999999999,0.0150661999999999
167.75,0.0411326666666666,0.0154401333333332
168,0.0405646666666666,0.0151798
168.25,0.0403279999999999,0.0153312666666666
168.5,0.0412273333333333,0.0165098666666666
168.75,0.0401386666666666,0.0142567999999999
169,0.0406593333333332,0.0168790666666666
169.25,0.0416059999999999,0.0172198666666666
169.5,0.0408013333333333,0.0169737333333333
169.75,0.04189,0.017466
170,0.0396653333333333,0.0165051333333333
170.25,0.0407066666666666,0.0168175333333333
170.5,0.0407539999999999,0.0160318
170.75,0.0409906666666666,0.0169216666666666
171,0.0401386666666666,0.0164672666666666
171.25,0.040896,0.0173760666666666
171.5,0.0407066666666666,0.0167938666666666
171.75,0.039334,0.0148957999999999
172,0.0401386666666666,0.0153786
172.25,0.0412746666666666,0.0182564666666666
172.5,0.0408013333333333,0.0172009333333333
172.75,0.0399493333333333,0.0155016666666666
173,0.040044,0.0162589999999999
173.25,0.041464,0.0166518666666666
173.5,0.0329913333333332,0.00917793333333325
173.75,0.0279266666666666,0.00450282
174,0.027832,0.00413357266666657
174.25,0.0275953333333333,0.00483462666666661
174.5,0.0290626666666666,0.00546415999999993
174.75,0.0295833333333332,0.00460553333333329
175,0.0321393333333332,0.00336161333333329
175.25,0.0523506666666666,0.00273918
175.5,0.116392666666667,0.032092
175.75,0.126143333333333,0.041748
176,0.18034,0.0288259999999999
176.25,0.173713333333333,0.0136793333333333
176.5,0.136894678217822,-0.00711757425742565
176.75,0.139224129032258,0.00406496572657448
177,0.189942474501109,-0.0010598034087213
177.25,0.152129333333333,0.030388
177.5,0.28174575,0.00729503305555545
177.75,0.265646046325879,0.003433037140575
178,0.456033226837061,0.0185643526091586
178.25,0.454701533621707,0.0406763271726307
178.5,0.136509333333333,0.0155253333333333
178.75,0.227232959381044,-0.00344864990328819
179,0.214539741522713,-0.0103990879078694
179.25,0.227764058654098,0.0127080908876669
179.5,0.189333333333333,0.0292046666666666
179.75,0.255438256087981,0.0459034799685782
180,0.22544238948626,0.0319298112305853
180.25,0.232126433547696,0.0364972722400857
180.5,0.168248889798145,0.0327441890343699
180.75,0.207581323335964,0.0206156279926335
181,0.21605417199148,0.0279877614483492
181.25,0.193430154849226,0.014118989405053
181.5,0.0629606868686869,3.7785858585858e-05
181.75,0.268149131403118,0.015798928433556
182,0.0416533333333333,0.00179866666666657
182.25,0.0452506666666666,0.00186966666666661
182.5,0.0399493333333333,0.00171961999999993
182.75,0.0460553333333333,0.00493828666666657
183,0.0418426666666666,0.002982
183.25,0.0431206666666666,0.00434046666666661
183.5,0.041748,0.00279266666666664
183.75,0.240926666666667,-0.00818866666666657
184,0.0385766666666666,0.00203059999999993
184.25,0.0337013333333333,0.00563266666666657
184.5,0.0328966666666666,0.00463866666666661
184.75,0.0317133333333333,0.00344179599999996
185,0.0305773333333333,0.00214893333333325
185.25,0.0319026666666666,0.00440815333333332
185.5,0.0320446666666666,0.00473333333333329
185.75,0.031524,0.00426946666666657
186,0.0302459999999999,0.00337013333333329
186.25,0.031098,0.00456103999999993
186.5,0.0305773333333333,0.00401386666666657
186.75,0.0313819999999999,0.00467653333333332
187,0.0320446666666666,0.00602553333333325
187.25,0.0299402152610442,0.0057683859705488
187.5,0.0310447548616817,0.00448811632977262
187.75,0.0327546666666666,0.0107162666666666
188,0.0397229343589743,0.0127384122051282
188.25,0.0404883782356048,0.0165002049656629
188.5,0.0429313333333333,0.0137219333333333
188.75,0.0434993333333333,0.0169453333333333
189,0.0421266666666666,0.0154874666666666
189.25,0.0414166666666666,0.0148531999999999
189.5,0.0419846666666666,0.0155158666666666
189.75,0.0443513333333333,0.0182138666666666
190,0.040612,0.0137503333333333
190.25,0.0405646666666666,0.0135373333333333
190.5,0.043168,0.0169500666666666
190.75,0.0432153333333332,0.0173239999999999
191,0.043026,0.0167086666666666
191.25,0.0425526666666666,0.0160933333333333
191.5,0.0422686666666666,0.0164956666666666
191.75,0.042316,0.0163063333333333
192,0.0379757587301587,0.0153794729004329
192.25,0.0433099999999999,0.0182943333333333
192.5,0.042742,0.018034
192.75,0.043026,0.0184978666666666
193,0.0422213333333333,0.0176174666666666
193.25,0.0411799999999999,0.0166849999999999
193.5,0.0418426666666666,0.0174091999999999
193.75,0.0426,0.0186777333333333
194,0.0411326666666666,0.0166471333333333
194.25,0.040044,0.0154306666666666
194.5,0.041748,0.017608
194.75,0.0417953333333333,0.0166708
195,0.042174,0.0171441333333332
195.25,0.04047,0.0153028666666666
195.5,0.0407066666666666,0.0156531333333332
195.75,0.0415586666666666,0.0168979999999999
196,0.0403753333333333,0.0156673333333333
196.25,0.040044,0.0150661999999999
196.5,0.0412746666666666,0.0163441999999999
196.75,0.041322,0.0167891333333333
197,0.0407066666666666,0.0160412666666666
197.25,0.040186,0.0154306666666666
197.5,0.0332753333333333,0.00867619999999993
197.75,0.0277846666666666,0.00502206666666661
198,0.0290626666666666,0.00667399999999993
198.25,0.0281633333333333,0.00559479999999996
198.5,0.0284473333333333,0.00486586666666657
198.75,0.0327546666666666,0.00448104666666661
199,0.0274533333333332,0.00265066666666657
199.25,0.0466233333333332,0.00563266666666657
199.5,0.138260699042408,0.0107467775649794
199.75,0.156577096642097,0.0319776789516789
200,0.166675718825949,-0.00711595475789862
200.25,0.341049359278595,0.00658578073089694
200.5,0.149305089408528,0.0282020724438331
200.75,0.175133333333333,0.0311926666666666
201,0.180845042630938,0.0322971303288672
201.25,0.231933333333333,0.09159
201.5,0.184228655616943,0.01480408839779
201.75,0.330771114503817,-0.000177532519083957
202,0.283586993464052,0.0343339436902966
202.25,0.194108806797192,0.0293288489102327
202.5,0.18034,0.0321393333333332
202.75,0.169453333333333,0.0326126666666666
203,0.258849195566679,0.0281236153021093
203.25,0.440242636396924,0.0438336824118149
203.5,0.219231085494717,0.0125727137608069
203.75,0.206043028985507,0.0194282582125604
204,0.212604316161247,0.0196505102910729
204.25,0.2513277356365,0.0284171701088997
204.5,0.226466431907106,0.0297560883503723
204.75,0.182233333333333,0.033228
205,0.175606666666667,0.0319026666666666
205.25,0.133148666666667,0.00198799999999993
205.5,0.193168918845316,0.00121605346677555
205.75,0.09514,-0.000165666666666607
206,0.0728933333333333,-0.00100346666666664
206.25,0.143425767930692,-0.00271818775742076
206.5,0.0596873333333333,0.00203533333333332
206.75,0.289876077396658,0.000940909234828473
207,0.259631852502195,0.0160839331577406
207.25,0.0539126666666666,-0.000283999999999929
207.5,0.267661125,0.0082328219047619
207.75,0.209690546448087,0.000532547419550681
208,0.0460553333333333,0.00178304666666664
208.25,0.0360206666666666,0.000899333333333286
208.5,0.0376773333333333,0.00333699999999996
208.75,0.19738,-0.00423633333333325
209,0.167079237783833,0.0092395860962761
209.25,0.030246,0.000699065999999894
209.5,0.03124,0.00177973333333332
209.75,0.0313346666666666,0.00244902666666661
210,0.0310979999999999,0.00220099999999993
210.25,0.0297726666666666,0.000776266666666572
210.5,0.0307666666666666,0.00180623999999989
210.75,0.0314766666666666,0.00284473333333332
211,0.031666,0.00291052666666657
211.25,0.0310033333333333,0.00248499999999996
211.5,0.0314293333333333,0.00269042666666664
211.75,0.0350266666666666,0.00850579999999993
212,0.0402806666666666,0.0129172666666666
212.25,0.0418426666666666,0.0124344666666666
212.5,0.0429313333333333,0.0137219333333333
212.75,0.0415113333333332,0.0121599333333333
213,0.0413693333333333,0.0124249999999999
213.25,0.0423633333333332,0.0135089333333333
213.5,0.043026,0.0141242666666666
213.75,0.0421266666666666,0.0133290666666666
214,0.0421266666666666,0.0138071333333333
214.25,0.0419373333333333,0.0133290666666666
214.5,0.0415113333333332,0.0124818
214.75,0.0412746666666666,0.0122971999999999
215,0.0431206666666666,0.0146496666666666
215.25,0.043168,0.0148437333333332
215.5,0.0419846666666666,0.0130261333333333
215.75,0.0418426666666666,0.0130308666666666
216,0.0424106666666666,0.0148721333333333
216.25,0.041464,0.0143278
216.5,0.041464,0.0144271999999999
216.75,0.041322,0.0140769333333332
217,0.041322,0.0143041333333333
217.25,0.0420319999999999,0.0151277333333333
217.5,0.0419373333333333,0.0152413333333333
217.75,0.0424579999999999,0.0156957333333332
218,0.0420793333333333,0.0151845333333332
218.25,0.0419846666666666,0.0153643999999999
218.5,0.0426,0.0161548666666666
218.75,0.041464,0.0145881333333332
219,0.0419373333333333,0.0150709333333333
219.25,0.0429313333333333,0.0162022
219.5,0.0431206666666666,0.01633
219.75,0.0408486666666666,0.0128699333333333
220,0.0408486666666666,0.0136130666666666
220.25,0.0419373333333333,0.0148626666666666
220.5,0.0411326666666666,0.0140106666666666
220.75,0.0411326666666666,0.0137929333333333
221,0.0413693333333333,0.0142946666666666
221.25,0.0402806666666666,0.0128178666666666
221.5,0.03337,0.0064326
221.75,0.0272639999999999,0.00282295999999993
222,0.02556,0.00340231999999993
222.25,0.0271693333333333,0.00445406666666664
222.5,0.0264593333333333,0.00382074666666661
222.75,0.0326126666666666,0.0011928
223,0.0382926666666666,0.00182706666666661
223.25,0.0390499999999999,0.00167559999999996
223.5,0.11076,0.0361626666666666
223.75,0.117055333333333,0.0329913333333332
224,0.130945649180328,0.0347802229508197
224.25,0.233957969608794,0.0120273494988684
224.5,0.156105333333333,0.0348373333333333
224.75,0.155839035557444,0.0313196600084997
225,0.190273730684327,0.0358665982339956
225.25,0.230912826666667,0.0911870039999999
225.5,0.185412838933951,0.0309648852838934
225.75,0.166240457540719,0.0263528907124207
226,0.284013921568627,0.0343856319758672
226.25,0.37365728135932,0.0060842067966016
226.5,0.445748185654008,0.0382069873417721
226.75,0.438900939002784,0.0172766055682105
227,0.39379505311836,0.020094499687539
227.25,0.18176,0.0304353333333332
227.5,0.171346666666667,0.0300093333333332
227.75,0.159513333333333,0.0352633333333333
228,0.151040666666667,0.0275006666666666
228.25,0.168364666666667,0.0342693333333332
228.5,0.188012228840125,0.0144045423197491
228.75,0.207467893500391,0.0205104933437744
229,0.249064532356532,0.0833371819291819
229.25,0.0863833333333333,0.0153076
229.5,0.0712319678832116,0.00116355007299264
229.75,0.132932873371284,0.0196148363314357
230,0.316842673555909,0.00632735294117643
230.25,0.0348846666666666,0.00177026666666664
230.5,0.0328493333333333,0.00167133999999996
230.75,0.0341746666666666,0.00209260666666657
231,0.0386713333333333,0.00428839999999993
231.25,0.0377719999999999,0.00362099999999989
231.5,0.0363993333333332,0.00351213333333325
231.75,0.0284473333333333,0.00283337333333329
232,0.0277846666666666,0.00275763999999996
232.25,0.0280213333333333,0.0028542
232.5,0.0274533333333332,0.00253801333333332
232.75,0.0292993333333333,0.00468978666666661
233,0.0274533333333332,0.00268853333333329
233.25,0.028116,0.00276426666666661
233.5,0.028542,0.00276805333333332
233.75,0.0287313333333333,0.00425053333333332
234,0.0294886666666666,0.00517353333333325
234.25,0.0291573333333332,0.00468221333333329
234.5,0.0285893333333333,0.00381743333333329
234.75,0.027832,0.00465428666666664
235,0.0283999999999999,0.00631899999999996
235.25,0.0268853333333333,0.00425005999999993
235.5,0.0296779999999999,0.00752599999999993
235.75,0.0386239999999999,0.0182848666666666
236,0.0415113333333332,0.0186114666666666
236.25,0.0402333333333333,0.0163962666666666
236.5,0.0394286666666666,0.0155395333333333
236.75,0.0405173333333333,0.0171535999999999
237,0.0402333333333333,0.0167039333333333
237.25,0.0400913333333333,0.0160081333333333
237.5,0.0392866666666666,0.0148768666666666
237.75,0.0407066666666666,0.0169264
238,0.040612,0.0174186666666666
238.25,0.0395706666666666,0.0161501333333333
238.5,0.039192,0.0154921999999999
238.75,0.0395706666666666,0.0158992666666666
239,0.0397126666666666,0.0163867999999999
239.25,0.0394286666666666,0.0159702666666666
239.5,0.0399966666666666,0.0164104666666666
239.75,0.0414166666666666,0.0178541333333333
240,0.041322,0.0184458
240.25,0.0403753333333333,0.0181097333333333
240.5,0.0399019999999999,0.0171772666666666
240.75,0.0399493333333333,0.017679
241,0.0400439999999999,0.0182233333333333
241.25,0.0399966666666666,0.0181002666666666
241.5,0.0392866666666666,0.0170731333333333
241.75,0.0383873333333333,0.0155063999999999
242,0.0382926666666666,0.0155963333333333
242.25,0.0390499999999999,0.016614
242.5,0.0390026666666666,0.0162542666666666
242.75,0.0378193333333333,0.0148342666666666
243,0.0387659999999999,0.0161879999999999
243.25,0.039334,0.0171772666666666
243.5,0.0388606666666666,0.0162116666666666
243.75,0.0386239999999999,0.0157241333333333
244,0.0398073333333332,0.0171583333333333
244.25,0.0390026666666666,0.0164956666666666
244.5,0.0387186666666666,0.0159939333333332
244.75,0.0385766666666666,0.0160412666666666
245,0.0386239999999999,0.015904
245.25,0.0385293333333332,0.0161311999999999
245.5,0.0343166666666666,0.0123587333333333
245.75,0.027832,0.00572875333333332
246,0.0266959999999999,0.00472008
246.25,0.0267906666666666,0.00662193333333325
246.5,0.0271219999999999,0.0062622
246.75,0.0267433333333333,0.00446022
247,0.0270746666666666,0.00362951999999989
247.25,0.0279739999999999,0.00443749999999993
247.5,0.0284946666666666,0.00516312
247.75,0.0275006666666666,0.00404841999999996
248,0.0280213333333333,0.00453358666666657
248.25,0.0272166666666666,0.0037914
248.5,0.0286366666666666,0.00545895333333325
248.75,0.0276426666666666,0.00399729999999996
249,0.0280686666666666,0.00416202
249.25,0.028542,0.00475416
249.5,0.0294886666666666,0.00625746666666661
249.75,0.0290626666666666,0.00599713333333332
250,0.0283053333333332,0.00512302866666661
250.25,0.0283053333333332,0.00525399999999996
250.5,0.0272639999999999,0.00417953333333329
250.75,0.033228,0.00642786666666661
251,0.0780053333333333,0.0491793333333332
251.25,0.0305299999999999,0.00203533333333332
251.5,0.219165897856242,0.0035626033207229
251.75,0.269326666666667,0.00277373333333329
252,0.3266,0.0181286666666666
252.25,0.314766666666667,0.00976959999999997
252.5,0.33512,0.00250866666666661
252.75,0.3195,0.00146733333333325
253,0.0314121622911694,0.00329936774065234
253.25,0.34506,0.00283999999999993
253.5,0.0329772119414788,0.00486675381573743
253.75,0.0326553090547263,0.00478797436815912
254,0.031039463510848,0.00234458804733722
254.25,0.0313188888888889,0.00283634444444441
254.5,0.342361950280112,-0.00138728431372542
254.75,0.0314720347423277,0.00348788013896921
255,0.030804260518732,0.00186791792507195
255.25,0.0306867950169874,0.00229606870517175
255.5,0.0313843626846139,0.00348970588147307
255.75,0.031362372691662,0.00359729095318035
256,0.33512,0.00165666666666661
256.25,0.34506,0.00745499999999989
256.5,0.117292,0.00314766666666661
256.75,0.0584093333333333,0.00410853333333325
257,0.0527293333333333,0.00313819999999993
257.25,0.0502206666666666,0.001852674
257.5,0.0497473333333333,0.00396179999999989
257.75,0.0419373333333333,0.00245659999999993
258,0.0404226666666666,0.00310033333333332
258.25,0.041748,0.00427893333333325
258.5,0.0416533333333333,0.00390499999999993
258.75,0.0404226666666666,0.00373696666666657
259,0.0381033333333332,0.00278319999999996
259.25,0.0375826666666666,0.00311926666666657
259.5,0.0379613333333333,0.00293088
259.75,0.040896,0.00917793333333325
260,0.0490846666666666,0.0151608666666666
260.25,0.050694,0.0148105999999999
260.5,0.049984,0.0143183333333333
260.75,0.0514986666666666,0.0157951333333333
261,0.0493686666666666,0.0141384666666666
261.25,0.0513093333333332,0.0150898666666666
261.5,0.05112,0.0157856666666666
261.75,0.050694,0.0155253333333333
262,0.0488479999999999,0.0145975999999999
262.25,0.0518773333333333,0.0159702666666666
262.5,0.0505993333333333,0.0151324666666666
262.75,0.0501259999999999,0.0149952
263,0.0503153333333333,0.0141574
263.25,0.049416,0.0140059333333333
263.5,0.0492266666666666,0.0155300666666666
263.75,0.0514039999999999,0.0154401333333332
264,0.049416,0.013774
264.25,0.0488479999999999,0.0152034666666666
264.5,0.0517826666666666,0.0171394
264.75,0.049984,0.0151987333333333
265,0.0486586666666666,0.0156247333333333
265.25,0.0500786666666666,0.0150756666666666
265.5,0.0494633333333333,0.0150946
265.75,0.050694,0.0161359333333333
266,0.049984,0.0152365999999999
266.25,0.0503626666666666,0.0157809333333333
266.5,0.0491793333333332,0.016756
266.75,0.050694,0.0163347333333333
267,0.0493686666666666,0.0153975333333332
267.25,0.0498893333333333,0.0160412666666666
267.5,0.0509779999999999,0.0170873333333333
267.75,0.0500313333333332,0.0172151333333333
268,0.0512146666666666,0.0165950666666666
268.25,0.0497473333333333,0.0152602666666666
268.5,0.050268,0.0174707333333333
268.75,0.0513566666666666,0.0174376
269,0.05041,0.0160885999999999
269.25,0.0480906666666666,0.0148248
269.5,0.0512146666666666,0.0138828666666666
269.75,0.0615333333333332,0.00831646666666657
270,0.0527766666666666,0.00365271333333325
270.25,0.0462919999999999,0.00173713333333332
270.5,0.0351683042368555,0.00775715048494126
270.75,0.250393333333333,-0.003834
271,0.304353333333333,-0.00487533333333325
271.25,0.3053,-0.004686
271.5,0.0357993066278223,0.00710071017237192
271.75,0.27832,-0.00407066666666664
272,0.0404578554844823,0.00792116436863299
272.25,0.0388672789303826,0.00799235117565698
272.5,0.0383495751854349,0.0069895534277365
272.75,0.0400299279279279,0.00915273153153152
273,0.0394105825027685,0.00964898019933553
273.25,0.0380966469557599,0.00787086158563288
273.5,0.303406666666667,0.00215366666666664
273.75,0.315713333333333,-0.000170399999999893
274,0.31666,-0.00198799999999993
274.25,0.315713333333333,-0.00224028666666661
274.5,0.315713333333333,0.000899333333333286
274.75,0.262321333333333,-0.00180339999999996
275,0.184505333333333,0.0028542
275.25,0.19738,0.00258913333333332
275.5,0.217018528373266,0.00352769722572507
275.75,0.237613333333333,0.00321866666666664
276,0.264593333333333,0.00156673333333332
276.25,0.32234,-0.000899333333333286
276.5,0.323829860962567,0.00242415008912656
276.75,0.304070078740157,0.00139646999125101
277,0.029606491646778,0.00310970962609379
277.25,0.335027102803738,0.00275742471443403
277.5,0.0316150731514432,0.00466573032819292
277.75,0.0313671641791044,0.00459910447761193
278,0.0295337593688362,0.00223085360946738
278.25,0.030025111111111,0.00271917555555553
278.5,0.327073333333333,-0.00132533333333329
278.75,0.0308977857556455,0.00342423914302253
279,0.0296502547550432,0.00179794097982699
279.25,0.0289634971687428,0.00216712691581723
279.5,0.0299818837165825,0.00333376073284726
279.75,0.0297973531057638,0.00341778186905418
280,0.319804033780427,0.00158095214439474
280.25,0.368253333333333,0.02485
280.5,0.0300358357596117,0.00356022039566998
280.75,0.30104,-0.00567999999999996
281,0.0437354562511965,0.0130014525751483
281.25,0.319026666666667,-0.00336066666666661
281.5,0.31666,-0.00318553333333332
281.75,0.027054942217203,0.00182608846226228
282,0.297253333333333,-0.00676866666666661
282.25,0.149904666666667,0.000378666666666607
282.5,0.044446,0.00184599999999996
282.75,0.0347426666666666,0.00453926666666664
283,0.0253233333333332,0.00183179999999989
283.25,0.0244713333333333,0.00341793999999996
283.5,0.0248026666666666,0.00348799333333332
283.75,0.0305773333333333,0.0111186
284,0.035358,0.0151750666666666
284.25,0.037488,0.0147017333333333
284.5,0.0383873333333333,0.0161643333333332
284.75,0.03834,0.0161690666666666
285,0.0371566666666666,0.0145549999999999
285.25,0.0381506666666666,0.0156342
285.5,0.0381506666666666,0.0157051999999999
285.75,0.0385293333333332,0.0162116666666666
286,0.0386713333333333,0.0157998666666666
286.25,0.0380086666666666,0.0150188666666666
286.5,0.0387659999999999,0.0160791333333332
286.75,0.0386713333333333,0.0164104666666666
287,0.0378666666666666,0.0152602666666666
287.25,0.037062,0.0143088666666666
287.5,0.0374406666666666,0.0147869333333333
287.75,0.0379613333333333,0.0157336
288,0.037914,0.0154212
288.25,0.0365413333333333,0.014413
288.5,0.0379613333333333,0.0160744
288.75,0.0378666666666666,0.0162589999999999
289,0.0374406666666666,0.0157099333333333
289.25,0.0378193333333333,0.015975
289.5,0.0374406666666666,0.0158282666666666
289.75,0.0377719999999999,0.0164152
290,0.0378193333333333,0.0166897333333333
290.25,0.037062,0.0153786
290.5,0.03834,0.0170210666666666
290.75,0.0388606666666666,0.0177263333333333
291,0.038482,0.0175369999999999
291.25,0.0382453333333333,0.0171441333333332
291.5,0.038908,0.016827
291.75,0.0375353333333333,0.0158803333333333
292,0.0377246666666666,0.0158424666666666
292.25,0.0381979999999999,0.0168601333333333
292.5,0.0375353333333333,0.0161737999999999
292.75,0.0390973333333333,0.0178588666666666
293,0.0378193333333333,0.0162684666666666
293.25,0.0368726666666666,0.0150993333333333
293.5,0.0337486666666666,0.0130119333333333
293.75,0.0272639999999999,0.00654619999999993
294,0.025276,0.00568473333333325
294.25,0.024424,0.00530038666666657
294.5,0.0256073333333333,0.00613913333333329
294.75,0.0288259999999999,0.00552805999999993
295,0.0321115311418685,0.0033587053633218
295.25,0.0859743384121892,0.00848356054530866
295.5,0.116229993477754,0.0320471474493361
295.75,0.139213135863929,0.0352780900228168
296,0.172290605649718,0.00666549871939726
296.25,0.20290643394935,-0.00692713127994514
296.5,0.175023298110791,0.00261583733589491
296.75,0.260566502463054,0.0163304133452754
297,0.231025182012848,0.012601805710207
297.25,0.260707139364303,0.0158133838630807
297.5,0.184228655616943,0.01480408839779
297.75,0.266812555910543,0.00344811235356758
298,0.22607845464135,-0.0105661930379746
298.25,0.23040609375,0.000233745312499929
298.5,0.167076039749724,0.0145263334560176
298.75,0.437754983548469,0.0172314969374841
299,0.393354730658668,0.0200720309961254
299.25,0.209537100371747,0.0340615241635687
299.5,0.1502261134698,0.0162099818296688
299.75,0.204716120092379,-0.00625521478060042
300,0.150635266104294,0.0274268535276073
300.25,0.167316481971466,0.0340559833981841
300.5,0.237221681415929,0.0288979139179404
300.75,0.17892,0.0636633333333333
301,0.187824098360656,0.0325372049180327
301.25,0.194143626731866,0.0141710676446618
301.5,0.061486,-0.000425999999999893
301.75,0.244096149642707,0.0515104253888188
302,0.0402333333333333,0.00228619999999993
302.25,0.0456293333333333,0.00165666666666661
302.5,0.276307311456534,0.0127271689694876
302.75,0.290130020521841,0.000941733509234788
303,0.179471330434783,0.0023487540869565
303.25,0.298463777089783,0.028046120005897
303.5,0.2665828125,0.00819965476190471
303.75,0.263053622799164,-0.000258818412414188
304,0.226777310483248,0.0110494635170603
304.25,0.0360035628363405,0.000898906299461851
304.5,0.0377877161458333,0.00334677636718746
304.75,0.13029743954918,0.00511359556010921
305,0.243557065943993,0.00154047474977406
305.25,0.0275953333333333,0.00239979999999996
305.5,0.0290153333333333,0.00380701999999993
305.75,0.028684,0.00370194
306,0.0294886666666666,0.00453926666666664
306.25,0.0288733333333333,0.00393813333333325
306.5,0.0288259999999999,0.0040044
306.75,0.0290626666666666,0.00406356666666661
307,0.0279739999999999,0.00352728
307.25,0.028684,0.00486586666666657
307.5,0.0294413333333333,0.00545488266666661
307.75,0.032376,0.00979326666666661
308,0.03763,0.0145549999999999
308.25,0.0395233333333333,0.0141289999999999
308.5,0.0402806666666666,0.015478
308.75,0.041322,0.0165004
309,0.0402333333333333,0.0142047333333333
309.25,0.0404226666666666,0.0149242
309.5,0.0404226666666666,0.0155821333333333
309.75,0.0404226666666666,0.0156105333333332
310,0.0404226666666666,0.0151561333333333
310.25,0.0403279999999999,0.0150898666666666
310.5,0.041038,0.0160885999999999
310.75,0.0405173333333333,0.0159655333333333
311,0.0408013333333333,0.0157714666666666
311.25,0.041038,0.0156247333333333
311.5,0.0418426666666666,0.0171157333333333
311.75,0.04189,0.0176411333333333
312,0.0390499999999999,0.0147348666666666
312.25,0.0393813333333332,0.015691
312.5,0.04047,0.0173902666666666
312.75,0.0405646666666666,0.0174281333333333
313,0.0390973333333333,0.0154874666666666
313.25,0.0398546666666666,0.0159986666666666
313.5,0.0408486666666666,0.0175133333333333
313.75,0.04047,0.0174423333333333
314,0.041464,0.0181333999999999
314.25,0.0407066666666666,0.0175086
314.5,0.0402333333333333,0.016969
314.75,0.0403753333333333,0.0174754666666666
315,0.0402333333333333,0.0172246
315.25,0.0399966666666666,0.0165856
315.5,0.040044,0.0166329333333332
315.75,0.0411326666666666,0.0177736666666666
316,0.0406593333333332,0.0175559333333333
316.25,0.0399966666666666,0.0167275999999999
316.5,0.0399493333333333,0.0167465333333333
316.75,0.04047,0.0171109999999999
317,0.0395706666666666,0.0161501333333333
317.25,0.0397126666666666,0.0159276666666666
317.5,0.0355,0.0117386666666666
317.75,0.0284946666666666,0.00591193333333332
318,0.027406,0.00610126666666657
318.25,0.0283999999999999,0.00694095999999996
318.5,0.0283526666666666,0.00402948666666661
318.75,0.0296306666666666,0.00418852666666657
319,0.0388606666666666,0.00375732
319.25,0.090454,0.024708
319.5,0.14684354419022,0.00497863212202779
319.75,0.155869717887155,0.0166466020408163
320,0.131232339162113,0.0348563701275045
320.25,0.18034,0.038908
320.5,0.19738,0.034932
320.75,0.190753333333333,0.0501259999999999
321,0.236748432501599,0.0109016570697376
321.25,0.296139326599327,0.0204293216610549
321.5,0.226646861433767,-0.00140530517423442
321.75,0.325476184164632,0.0235039965120334
322,0.178036444444444,-0.00414313534278952
322.25,0.1946524419156,0.00384120436225695
322.5,0.26752813423136,0.0447458560794044
322.75,0.210730755370755,0.00627770683298683
323,0.209208066759388,-0.00271019541029201
323.25,0.36635700316567,0.00363527991558211
323.5,0.212457621845835,0.0221012962322848
323.75,0.229645555555555,0.0244828732782369
324,0.212187304890739,0.0264998367441322
324.25,0.0902499616636527,0.0153510165641952
324.5,0.131823333333333,0.002982
324.75,0.142786806013935,-0.00127606813348001
325,0.0817613356077836,0.0167527308061662
325.25,0.29511254691689,0.0248216652623515
325.5,0.180694581203303,0.00740326092541611
325.75,0.375575801880546,0.0215153976956694
326,0.27990393495935,0.0269431338753387
326.25,0.0349400391534391,0.00177307661375661
326.5,0.209329661016949,0.00801718361581916
326.75,0.0431321765809217,0.00533975407395492
327,0.173192375085558,-0.00152314390143732
327.25,0.0409272556948376,0.00526744588219427
327.5,0.190593573422669,0.0013053058626465
327.75,0.191145672737541,-0.00176951687138213
328,0.19596,0.0156105333333332
328.25,0.0276998175934098,0.00282145101500434
328.5,0.27866335975136,0.0043289808857808
328.75,0.195339680479281,0.0275491342985521
329,0.13749897997519,0.0053997192273613
329.25,0.156549245388485,0.00152327159679522
329.5,0.145809645584046,0.0748432778727445
329.75,0.0375542722451385,0.00573745825967389
330,0.136972238769231,-0.00288911015384606
330.25,0.0568407301173402,0.00676045893089952
330.5,0.0363993333333332,0.0047712
330.75,0.0329913333333332,0.00294413333333329
331,0.0305773333333333,0.00341746666666657
331.25,0.0318553333333333,0.00386713333333332
331.5,0.03337,0.00404273999999989
331.75,0.0373459999999999,0.0118096666666666
332,0.0439726666666666,0.0148531999999999
332.25,0.044304,0.0142283999999999
332.5,0.0437359999999999,0.0135799333333333
332.75,0.0426,0.0139538666666666
333,0.043594,0.0140627333333333
333.25,0.0426473333333333,0.0130734666666666
333.5,0.0433099999999999,0.0137077333333333
333.75,0.0437833333333333,0.0152460666666666
334,0.0443513333333333,0.0155584666666666
334.25,0.0440673333333333,0.0142520666666666
334.5,0.0447299999999999,0.0151798
334.75,0.0446826666666666,0.0158519333333333
335,0.0462446666666666,0.0160885999999999
335.25,0.0445406666666666,0.0146165333333333
335.5,0.0454873333333333,0.0162684666666666
335.75,0.044304,0.0161596
336,0.0457713333333332,0.0179535333333333
336.25,0.0434519999999999,0.0146307333333332
336.5,0.042742,0.0138828666666666
336.75,0.043168,0.0154354
337,0.0442093333333333,0.0163536666666666
337.25,0.0429786666666666,0.0143940666666666
337.5,0.0425526666666666,0.0138781333333333
337.75,0.0426946666666666,0.0148579333333333
338,0.044872,0.0171441333333332
338.25,0.043878,0.0159607999999999
338.5,0.0429313333333333,0.0146780666666666
338.75,0.0434519999999999,0.0164578
339,0.04402,0.0171488666666666
339.25,0.0444933333333332,0.0159371333333333
339.5,0.0437359999999999,0.0152365999999999
339.75,0.0424579999999999,0.0152271333333332
340,0.0434993333333333,0.0158945333333333
340.25,0.0434046666666666,0.0156673333333333
340.5,0.042174,0.0138307999999999
340.75,0.0421266666666666,0.0146544
341,0.042742,0.0153549333333332
341.25,0.0437359999999999,0.0156342
341.5,0.041038,0.0136272666666666
341.75,0.0341273333333333,0.00778633333333332
342,0.0309559999999999,0.00394854666666661
342.25,0.0324706666666666,0.00574626666666661
342.5,0.0317606666666666,0.00368569046666664
342.75,0.030814,0.0021726
343,0.0964345819848975,0.00293177209546921
343.25,0.0786351257396449,0.00699781776627216
343.5,0.16266245280528,0.0140054646864686
343.75,0.179866666666667,0.004686
344,0.1662822009908,0.00504742494727526
344.25,0.159437670384139,-0.00806567038413872
344.5,0.156283207869974,0.00435380624465349
344.75,0.185695640305098,0.0297018281814532
345,0.220992037458871,-0.00704234282460137
345.25,0.296359259259259,0.0204444938271604
345.5,0.24102621624894,0.0296575227025063
345.75,0.247377888022679,0.0289001700921332
346,0.413160011574074,0.0454239921296296
346.25,0.204006666666667,0.017608
346.5,0.290252193072118,0.0399629446905167
346.75,0.235246666666667,0.0307193333333333
347,0.227673333333333,0.0327546666666666
347.25,0.185073333333333,0.0150993333333333
347.5,0.226726666666667,0.0442093333333333
347.75,0.17466,0.031098
348,0.183653333333333,0.0316186666666666
348.25,0.0837308687729263,0.00416671989587026
348.5,0.132539764492754,0.00299820652173908
348.75,0.120226666666667,-0.00104133333333325
349,0.224311935246505,0.0306779558498896
349.25,0.100132002742458,-0.000653750511094442
349.5,0.234625315623023,0.0173356761543326
349.75,0.276695428351902,0.0308494045332308
350,0.049558,0.00151466666666664
350.25,0.0464947932256794,0.00244038660890105
350.5,0.0484389155982905,0.00571815491452987
350.75,0.174291764705882,0.000881035294117618
351,0.171205735797399,-0.00150567236139625
351.25,0.189254180602007,-0.00116864456521738
351.5,0.190337240310078,-0.00175496589147284
351.75,0.0266244047412546,0.00217922174038731
352,0.0278086396318665,0.00276001932700598
352.25,0.028157359223301,0.00286805533980576
352.5,0.0363373147482013,0.00535537165467625
352.75,0.036778,0.00227058
353,0.154642586746587,0.00424416390276388
353.25,0.0304353333333332,0.00206373333333325
353.5,0.0329913333333332,0.00365176666666657
353.75,0.0328966666666666,0.00333226666666657
354,0.0337486666666666,0.00413693333333329
354.25,0.0333226666666666,0.00389553333333325
354.5,0.032944,0.00414781999999993
354.75,0.0322339999999999,0.00322292666666664
355,0.0296779999999999,0.00307666666666657
355.25,0.02982,0.00326599999999993
355.5,0.0314293333333333,0.00405173333333329
355.75,0.0392393333333333,0.0146733333333333
356,0.0426,0.0149715333333333
356.25,0.0419373333333333,0.0136793333333333
356.5,0.0422686666666667,0.0140958666666666
356.75,0.0417953333333333,0.0134899999999999
357,0.0426473333333333,0.0146401999999999
357.25,0.0426473333333333,0.0136414666666666
357.5,0.0422213333333333,0.0142473333333333
357.75,0.042174,0.0147964
358,0.0433099999999999,0.0158188
358.25,0.0429313333333333,0.0150425333333333
358.5,0.0421266666666666,0.0147017333333333
358.75,0.0433099999999999,0.0162353333333333
359,0.043026,0.0155916
359.25,0.043168,0.0160602
359.5,0.042742,0.0149620666666666
359.75,0.0432153333333332,0.015975
360,0.0434993333333333,0.0170210666666666
360.25,0.0432626666666666,0.0167323333333333
360.5,0.0425053333333333,0.015478
360.75,0.0432153333333332,0.0171157333333333
361,0.043594,0.0177642
361.25,0.0420319999999999,0.0154638
361.5,0.042742,0.0152555333333333
361.75,0.0426,0.0155584666666666
362,0.0437359999999999,0.0176647999999999
362.25,0.0426,0.0161596
362.5,0.0420793333333333,0.0154354
362.75,0.0439253333333333,0.0169027333333333
363,0.0425053333333333,0.0160318
363.25,0.0427893333333332,0.0165666666666666
363.5,0.043594,0.0167134
363.75,0.0446353333333333,0.0176458666666666
364,0.0443986666666666,0.018531
364.25,0.044304,0.0184694666666666
364.5,0.0432626666666666,0.0173618666666666
364.75,0.0426946666666666,0.015904
365,0.0432626666666666,0.0171488666666666
365.25,0.0442566666666666,0.0187108666666666
365.5,0.0402333333333333,0.0135278666666666
365.75,0.03195,0.00580306666666657
366,0.031524,0.00576993333333325
366.25,0.0302933333333333,-2.17733333333333e-05
366.5,0.0317133333333333,0.00572733333333325
366.75,0.032802,0.00624799999999993
367,0.0620066666666666,0.0134473999999999
367.25,0.0801516258322236,0.0053341638215712
367.5,0.142852,0.00530133333333325
367.75,0.180247041237113,0.0103322713402061
368,0.203247238358691,0.0350589641924081
368.25,0.16571432951133,0.00850644739284734
368.5,0.254285337186898,0.0327073333333333
368.75,0.183748712509978,0.00137457263085861
369,0.240292965637995,0.0330046662289341
369.25,0.239498841755043,0.0298314863797046
369.5,0.388133333333333,0.0147679999999999
369.75,0.258913333333333,0.0357366666666666
370,0.247553333333333,0.0319973333333333
370.25,0.302258736903376,0.0239543585564609
370.5,0.301986666666667,0.0876139999999999
370.75,0.219626666666667,0.0324706666666666
371,0.180034299661287,0.0025448386132695
371.25,0.151183780562347,-0.000170347921760286
371.5,0.3053,0.0873773333333333
371.75,0.26333885115304,0.0453264893081761
372,0.196433333333333,0.0266013333333332
372.25,0.253315232858991,0.0465910633893919
372.5,0.20448,0.038056
372.75,0.15052,0.00373933333333332
373,0.248699736263736,0.0832151208791208
373.25,0.0999435721765145,-0.000652520269259529
373.5,0.264791839381469,0.0229987938645716
373.75,0.0588353333333333,0.00556403333333328
374,0.0458659999999999,0.0037488
374.25,0.0439253333333333,0.004686
374.5,0.21158,-0.00558533333333329
374.75,0.173720784313725,0.00087814901960783
375,0.171063832991102,-0.00150442439425045
375.25,0.037709747012773,0.00361503213844249
375.5,0.0364447379071378,0.00351651437283434
375.75,0.0346953333333332,0.00392866666666657
376,0.19519684984855,0.0155497393913169
376.25,0.0279718693733451,0.00284916169461596
376.5,0.174425605852766,9.07676726108823e-05
376.75,0.251337328316086,0.0146511271872059
377,0.201224889346372,0.0402922137587922
377.25,0.0379613333333333,0.00354999999999996
377.5,0.0337768759559783,0.00422682693527325
377.75,0.037488,0.00572733333333325
378,0.151324107031736,0.0156391925326695
378.25,0.177405333333333,0.00727039999999993
378.5,0.0926193574297189,0.018929848282017
378.75,0.0425053333333333,0.0056232
379,0.0423633333333332,0.005751
379.25,0.0405646666666666,0.00537706666666657
379.5,0.0352633333333333,0.0162211333333333
379.75,0.038908,0.0148816
380,0.03976,0.0155584666666666
380.25,0.0391446666666666,0.0149147333333333
380.5,0.0389553333333333,0.014413
380.75,0.040186,0.015975
381,0.0403753333333333,0.0161501333333333
381.25,0.0385766666666666,0.0139112666666666
381.5,0.0387186666666666,0.0135089333333333
381.75,0.0422213333333333,0.0170352666666666
382,0.0439253333333333,0.0191747333333333
382.25,0.042316,0.0175180666666666
382.5,0.0413693333333333,0.0158803333333333
382.75,0.04189,0.0166613333333333
383,0.0428839999999999,0.0179393333333333
383.25,0.0415586666666666,0.0161075333333333
383.5,0.0415586666666666,0.0156862666666666
383.75,0.0418426666666666,0.0157856666666666
384,0.041748,0.0165808666666666
384.25,0.0419846666666666,0.0176600666666666
384.5,0.0419846666666666,0.0175748666666666
384.75,0.0407066666666666,0.0168222666666666
385,0.0407539999999999,0.0167796666666666
385.25,0.0400913333333333,0.0163489333333333
385.5,0.0407539999999999,0.0173145333333332
385.75,0.0400913333333333,0.0162874
386,0.040186,0.0162921333333333
386.25,0.039334,0.0151798
386.5,0.040612,0.0167749333333333
386.75,0.0399493333333333,0.0162874
387,0.03976,0.0159844666666666
387.25,0.039618,0.0157525333333333
387.5,0.041322,0.0174376
387.75,0.0407539999999999,0.0174139333333333
388,0.0395233333333333,0.0157336
388.25,0.0405173333333333,0.0168222666666666
388.5,0.04189,0.0180860666666666
388.75,0.0409433333333333,0.0174707333333333
389,0.0400913333333333,0.016543
389.25,0.0392866666666666,0.0152318666666666
389.5,0.0371566666666666,0.0133243333333333
389.75,0.029962,0.00630953333333329
390,0.028116,0.00618783933333325
390.25,0.0282106666666666,0.0063474
390.5,0.0295833333333332,0.00734613333333325
390.75,0.0313346666666666,0.00757333333333332
391,0.0304353333333332,0.00572733333333325
391.25,0.0683910657385923,0.00302226078886306
391.5,0.130566975044563,0.00771403293226376
391.75,0.124239593380615,0.000424992907801356
392,0.176082050171449,0.0324636448294532
392.25,0.146571643965376,0.0317746046055854
392.5,0.1491,0.0281633333333333
392.75,0.164314621431527,0.0028932632188663
393,0.236564550223928,0.0108931897632757
393.25,0.186210767676768,0.0347845494949495
393.5,0.204320109126984,0.0490272785218254
393.75,0.242429209809264,0.0121025207084468
394,0.244280489413767,0.0608792782210873
394.25,0.415715811062772,0.0549237290242387
394.5,0.400700774956664,0.0432472315692872
394.75,0.395716414294367,0.0362977286493033
395,0.396548784669692,0.0457812010085729
395.25,0.256447283511269,0.0234372151047845
395.5,0.24752016985138,0.0168785182489131
395.75,0.29112406779661,0.0312863852080123
396,0.162495333333333,0.0375353333333333
396.25,0.184956087002428,0.0298484119945095
396.5,0.1988,0.0638053333333333
396.75,0.121504666666667,0.00354999999999996
397,0.25848449871752,0.0709528091892494
397.25,0.0808926666666666,0.00190279999999993
397.5,0.0601606666666666,0.00371093333333329
397.75,0.0520666666666666,0.00454399999999993
398,0.0505046666666666,0.00321866666666664
398.25,0.0479486666666666,0.00274533333333325
398.5,0.0493686666666666,0.00459133333333332
398.75,0.0500786666666666,0.00487533333333325
399,0.0498893333333333,0.00445501333333332
399.25,0.0488953333333333,0.00313346666666664
399.5,0.0495106666666666,0.00367779999999996
399.75,0.0504573333333332,0.00512619999999996
400,0.0514039999999999,0.00464813333333329
400.25,0.0328493333333333,0.00421029999999996
400.5,0.0322813333333333,0.00624326666666664
400.75,0.030388,0.00418426666666657
401,0.0312873333333333,0.00483746666666664
401.25,0.255176591010236,0.0565437427681352
401.5,0.210448417200366,0.0270644248246416
401.75,0.202263082093135,0.0510831877100336
402,0.221974167093798,0.0706238322227917
402.25,0.0426946666666666,0.00534866666666664
402.5,0.0479959999999999,0.00756386666666664
402.75,0.0432153333333332,0.00782419999999993
403,0.0387186666666666,0.00752126666666664
403.25,0.0336539999999999,0.00727039999999993
403.5,0.0352159999999999,0.00764906666666664
403.75,0.039192,0.0142993999999999
404,0.0438306666666666,0.0162684666666666
404.25,0.0439726666666666,0.0153643999999999
404.5,0.043878,0.0160791333333332
404.75,0.042174,0.0158424666666666
405,0.0434519999999999,0.0155916
405.25,0.0426473333333333,0.0151845333333332
405.5,0.0426946666666666,0.0152082
405.75,0.0434046666666666,0.0168080666666666
406,0.0424106666666666,0.0172719333333332
406.25,0.0433573333333333,0.0170068666666666
406.5,0.0446353333333333,0.0167228666666666
406.75,0.042316,0.0169831999999999
407,0.0439253333333333,0.0190753333333333
407.25,0.0456293333333333,0.0181759999999999
407.5,0.0435466666666666,0.0160128666666666
407.75,0.0419373333333333,0.0162495333333332
408,0.0423633333333332,0.0180150666666666
408.25,0.043594,0.0173382
408.5,0.0409906666666666,0.0156625999999999
408.75,0.04189,0.0170589333333332
409,0.0442093333333333,0.0177310666666666
409.25,0.0408013333333333,0.0170305333333333
409.5,0.0409433333333333,0.0170683999999999
409.75,0.0417953333333333,0.0172624666666666
410,0.0432626666666666,0.0195581333333333
410.25,0.0436886666666666,0.0167749333333333
410.5,0.0426,0.0167891333333333
410.75,0.0411326666666666,0.0171867333333332
411,0.0436886666666666,0.0188244666666666
411.25,0.0409906666666666,0.0177973333333333
411.5,0.0434993333333333,0.0173239999999999
411.75,0.0397126666666666,0.0157146666666666
412,0.0430733333333333,0.0175701333333333
412.25,0.041748,0.0185641333333333
412.5,0.0415586666666666,0.017892
412.75,0.0409906666666666,0.015265
413,0.0409433333333333,0.0167749333333333
413.25,0.041464,0.0173239999999999
413.5,0.0398073333333332,0.0141195333333332
413.75,0.030814,0.00738399999999996
414,0.036694796875,0.013249848046875
414.25,0.0233135553366173,0.00375187783251227
414.5,0.0310506666666666,0.00880399999999993
414.75,0.0292046666666666,0.00605866666666657
415,0.0308613333333332,0.00747866666666664
415.25,0.0382453333333333,0.00847266666666661
415.5,0.0319026666666666,0.00869986666666657
415.75,0.0331806666666666,0.00769639999999993
416,0.0304353333333332,0.00656986666666657
416.25,0.0335119999999999,0.00718993333333332
416.5,0.0336066666666666,0.00858626666666664
416.75,0.0335593333333333,0.00840166666666657
417,0.0328493333333333,0.00807506666666664
417.25,0.0313346666666666,0.00689646666666661
417.5,0.0394759999999999,0.00911166666666661
417.75,0.0335119999999999,0.00881346666666661
418,0.0330386666666666,0.00887973333333325
418.25,0.0331333333333333,0.00616279999999993
418.5,0.0327546666666666,0.00682546666666657
418.75,0.03408,0.00970333333333332
419,0.0338433333333333,0.00801353333333328
419.25,0.0306769807427785,0.00204513204951856
419.5,0.0307193333333333,0.0058362
419.75,0.0335753226094727,-0.00237552421805177
420,0.0330386666666666,0.00901699999999993
420.25,0.0310033333333333,0.00601133333333329
420.5,0.030246,0.005538
420.75,0.0298673333333333,0.005751
421,0.0349793333333333,0.00669293333333329
421.25,0.0352159999999999,0.00760693999999993
421.5,0.0338906666666666,0.00659873999999989
421.75,0.0321393333333332,0.00455346666666661
422,0.0323286666666666,0.00567715999999993
422.25,0.0333226666666666,0.00715206666666661
422.5,0.0326599999999999,0.00651306666666661
422.75,0.0321393333333332,0.00549066666666661
423,0.0326126666666666,0.00558627999999996
423.25,0.0344586666666666,0.00825019999999993
423.5,0.0339379999999999,0.00813186666666661
423.75,0.031524,0.00530038666666657
424,0.0326126666666666,0.00590246666666664
424.25,0.03408,0.00747866666666664
424.5,0.0334173333333333,0.0063474
424.75,0.0328966666666666,0.00558580666666657
425,0.0301039999999999,0.00443323999999993
425.25,0.0328966666666666,0.005964
425.5,0.0331806666666666,0.00642786666666661
425.75,0.0328966666666666,0.00621060666666661
426,0.0318079999999999,0.00565017999999996
426.25,0.0318079999999999,0.00623190666666661
426.5,0.0314293333333333,0.00577797999999996
426.75,0.0336539999999999,0.00674499999999996
427,0.0324706666666666,0.00594033333333325
427.25,0.0326599999999999,0.00623332666666657
427.5,0.0312873333333333,0.00745973333333329
427.75,0.0372986666666666,0.0161311999999999
428,0.0434993333333333,0.0166376666666666
428.25,0.0411799999999999,0.0148484666666666
428.5,0.0436413333333333,0.0151087999999999
428.75,0.0419373333333333,0.0153123333333332
429,0.0427893333333332,0.0150898666666666
429.25,0.0423633333333332,0.0144461333333333
429.5,0.0403753333333333,0.0147396
429.75,0.043594,0.0157998666666666
430,0.0437359999999999,0.0163205333333333
430.25,0.0425526666666666,0.0155158666666666
430.5,0.041038,0.0146827999999999
430.75,0.0442093333333333,0.0161311999999999
431,0.0431206666666666,0.0161927333333333
431.25,0.0419846666666666,0.0163489333333333
431.5,0.043594,0.0159229333333333
431.75,0.0426946666666666,0.0153786
432,0.0411799999999999,0.0158850666666666
432.25,0.041464,0.0155158666666666
432.5,0.041322,0.0155253333333333
432.75,0.0409433333333333,0.0150898666666666
433,0.0419373333333333,0.0164530666666666
433.25,0.037488,0.0168648666666666
433.5,0.0399966666666666,0.0176695333333333
433.75,0.0399966666666666,0.0169358666666666
434,0.03976,0.0176411333333333
434.25,0.0430733333333333,0.0175417333333333
434.5,0.0422213333333333,0.0169264
434.75,0.0418426666666666,0.0164199333333333
435,0.0429786666666666,0.0167607333333332
435.25,0.041322,0.0174517999999999
435.5,0.0436413333333333,0.0183416666666666
435.75,0.041322,0.0169500666666666
436,0.042174,0.0158424666666666
436.25,0.043026,0.016969
436.5,0.0428366666666666,0.0177263333333333
436.75,0.041748,0.0171346666666666
437,0.0407539999999999,0.0160791333333332
437.25,0.0416533333333333,0.0176979333333332
437.5,0.0420793333333333,0.0177121333333333
437.75,0.0321393333333332,0.00878506666666657
438,0.0309086666666666,0.00659826666666661
438.25,0.0275006666666666,0.00577939999999993
438.5,0.0303406666666666,0.00697693333333332
438.75,0.0280213333333333,0.006177
439,0.0288733333333333,0.00635118666666661
439.25,0.0301513333333333,0.00568473333333325
439.5,0.0292046666666666,0.00696746666666664
439.75,0.0299146666666666,0.00569893333333332
440,0.028258,0.00517021999999993
440.25,0.0279739999999999,0.00505993333333332
440.5,0.0306246666666666,0.00665506666666657
440.75,0.0297726666666666,0.00601606666666657
441,0.0290626666666666,0.0054954
441.25,0.0292519999999999,0.00462919999999993
441.5,0.0298673333333333,0.00746919999999996
441.75,0.031666,0.00788573333333329
442,0.0317133333333333,0.00681599999999989
442.25,0.028684,0.00530133333333325
442.5,0.0300093333333332,0.00506750666666664
442.75,0.0310033333333333,0.00630148666666657
443,0.0305299999999999,0.00480717333333325
443.25,0.0296306666666666,0.00494633333333329
443.5,0.03124,0.00545279999999989
443.75,0.0327546666666666,0.00648466666666657
444,0.0331333333333333,0.00623853333333325
444.25,0.0305299999999999,0.00575573333333329
444.5,0.032518,0.00551433333333325
444.75,0.0333226666666666,0.00680179999999993
445,0.0314293333333333,0.00514702666666657
445.25,0.0299146666666666,0.00470966666666664
445.5,0.0301986666666666,0.00391257333333325
445.75,0.0327073333333333,0.00520998
446,0.0330859999999999,0.0057723
446.25,0.0315713333333333,0.00427893333333325
446.5,0.0297253333333333,0.00291573333333325
446.75,0.0301513333333333,0.00368584666666657
447,0.0332753333333333,0.00542439999999996
447.25,0.0344113333333333,0.006177
447.5,0.0343166666666666,0.00516548666666664
447.75,0.0319026666666666,0.00506514
448,0.0322813333333333,0.00548119999999993
448.25,0.0334173333333333,0.00565633333333332
448.5,0.032376,0.00443986666666657
448.75,0.0339853333333333,0.00499698
449,0.030814,0.00464766
449.25,0.0316186666666666,0.00477261999999996
449.5,0.0300566666666666,0.00538653333333325
449.75,0.031098,0.00640893333333325
450,0.03337,0.00657081333333325
450.25,0.0309559999999999,0.00695799999999996
450.5,0.0301513333333333,0.00439679333333329
450.75,0.0312873333333333,0.00577939999999993
451,0.0291573333333332,0.00567905333333329
451.25,0.0314766666666666,0.00610126666666657
451.5,0.0361153333333333,0.0116155999999999
451.75,0.0421266666666666,0.0165666666666666
452,0.0431206666666666,0.0164909333333333
452.25,0.04402,0.0164246666666666
452.5,0.0416533333333333,0.0163678666666666
452.75,0.041003724137931,0.00895098557993722
453,0.03796941005291,0.0139046925925925
453.25,0.0416533333333333,0.0158566666666666
453.5,0.0429313333333333,0.0174328666666666
453.75,0.0428366666666666,0.0165477333333333
454,0.0426,0.0171204666666666
454.25,0.0422213333333333,0.0165193333333333
454.5,0.044304,0.0179582666666666
454.75,0.042316,0.0166944666666666
455,0.041464,0.0155584666666666
455.25,0.0416533333333333,0.0153975333333332
455.5,0.043168,0.0184884
455.75,0.0433099999999999,0.0186114666666666
456,0.0437359999999999,0.0172861333333333
456.25,0.0401386666666666,0.0156058
456.5,0.0417006666666666,0.0173239999999999
456.75,0.0419373333333333,0.0181665333333332
457,0.0412273333333333,0.0170873333333333
457.25,0.042174,0.0164152
457.5,0.0402806666666666,0.0164862
457.75,0.0430733333333333,0.0175322666666666
458,0.0428366666666666,0.0172246
458.25,0.0415113333333332,0.0174139333333333
458.5,0.04189,0.0164719999999999
458.75,0.0415113333333332,0.0177925999999999
459,0.0418426666666666,0.0168743333333333
459.25,0.0415113333333332,0.0173713333333333
459.5,0.0436413333333333,0.0171488666666666
459.75,0.0422213333333333,0.0185546666666666
460,0.0437833333333333,0.0179251333333333
460.25,0.0408013333333333,0.0167181333333332
460.5,0.0428366666666666,0.0173239999999999
460.75,0.0419373333333333,0.0181807333333333
461,0.0421266666666666,0.0186445999999999
461.25,0.043168,0.0172672
461.5,0.0402806666666666,0.0159513333333332
461.75,0.0361153333333333,0.0112747999999999
462,0.030672,0.00690593333333329
462.25,0.02911,0.00660773333333329
462.5,0.0275479999999999,0.0044517
462.75,0.0352633333333333,0.00340799999999989
463,0.0386713333333333,0.004686
463.25,0.0923295639851754,0.00352591541312398
463.5,0.193409839652896,0.0155345642708922
463.75,0.185366960451977,0.0399106414850686
464,0.219908525445846,0.0295103053501521
464.25,0.26838,0.030388
464.5,0.254653333333333,0.0327546666666666
464.75,0.237613333333333,0.0273113333333333
465,0.239506666666667,0.0328966666666666
465.25,0.240926666666667,0.0300093333333332
465.5,0.230986666666667,0.0311453333333333
465.75,0.224833333333333,0.0242346666666666
466,0.257493333333333,0.0319973333333333
466.25,0.25276,0.0279266666666666
466.5,0.245186666666667,0.0314293333333333
466.75,0.24566,0.0319026666666666
467,0.242346666666667,0.0326126666666666
467.25,0.246606666666667,0.029962
467.5,0.298673333333333,0.0892233333333333
467.75,0.251813333333333,0.0338433333333333
468,0.234773333333333,0.0200693333333333
468.25,0.23572,0.034648
468.5,0.22578,0.0341273333333333
468.75,0.288625812182741,0.0551185253807106
469,0.206846666666667,0.0348373333333333
469.25,0.0998407269561432,-0.000856453629339409
469.5,0.341066190155091,0.0518911216003596
469.75,0.082066539880129,0.00359484555094506
470,0.0553921428400811,0.00326951056968825
470.25,0.0505458802045289,0.000604096420745064
470.5,0.0533760300233788,0.00361686597760544
470.75,0.0400913333333333,0.00170399999999989
471,0.0483159593345655,0.00219488428835485
471.25,0.046008,0.00426804666666661
471.5,0.0454707612509534,0.00261326214085931
471.75,0.0534774129816395,0.00242254570468061
472,0.0412746666666666,0.00293466666666661
472.25,0.041038,0.00319499999999989
472.5,0.291244232894178,0.0154634560135996
472.75,0.03408,0.00141999999999996
473,0.221452629323538,0.0670522522191613
473.25,0.0346953333333332,0.00203533333333332
473.5,0.0365413333333333,0.004473
473.75,0.034222,0.00225448666666657
474,0.0347426666666666,0.00293466666666661
474.25,0.0357366666666666,0.00416533333333332
474.5,0.0360206666666666,0.00454399999999993
474.75,0.0348846666666666,0.00373933333333332
475,0.0317606666666666,0.00328114666666657
475.25,0.0309559999999999,0.00330907333333332
475.5,0.0322813333333333,0.00382548
475.75,0.0388133333333333,0.0133290666666666
476,0.0430733333333333,0.01491
476.25,0.0438306666666666,0.0146354666666666
476.5,0.0439253333333333,0.0150330666666666
476.75,0.0434046666666666,0.0143893333333333
477,0.0446826666666666,0.0146969999999999
477.25,0.0453453333333333,0.0151135333333333
477.5,0.0447299999999999,0.0150283333333333
477.75,0.0465286666666666,0.0169453333333333
478,0.0456766666666666,0.0166423999999999
478.25,0.0454399999999999,0.0156531333333332
478.5,0.0454873333333333,0.0160459999999999
478.75,0.0458659999999999,0.0167986
479,0.046434,0.0177358
479.25,0.0458186666666666,0.0168175333333333
479.5,0.0441146666666666,0.0147538
479.75,0.0457713333333332,0.0170210666666666
480,0.045582,0.0175654
480.25,0.045298,0.0177499999999999
480.5,0.0452506666666666,0.0175843333333333
480.75,0.045298,0.0180624
481,0.045298,0.0181428666666666
481.25,0.044872,0.0171725333333333
481.5,0.0452506666666666,0.0175322666666666
481.75,0.0462446666666666,0.0192031333333333
482,0.046576,0.0194113999999999
482.25,0.045724,0.0181902
482.5,0.0439726666666666,0.0159939333333332
482.75,0.0445406666666666,0.0168885333333333
483,0.0452033333333333,0.0178351999999999
483.25,0.0437359999999999,0.0164767333333333
483.5,0.0437833333333333,0.0163252666666666
483.75,0.0440673333333333,0.0164530666666666
484,0.045582,0.0183227333333333
484.25,0.044304,0.0172577333333333
484.5,0.0446826666666666,0.0164909333333333
484.75,0.0441619999999999,0.0170636666666666
485,0.0453926666666666,0.0185026
485.25,0.0456293333333333,0.0187629333333333
485.5,0.0425526666666666,0.0161217333333332
485.75,0.0345533333333333,0.0084348
486,0.0305299999999999,0.00534866666666664
486.25,0.031666,0.00696273333333325
486.5,0.0338906666666666,0.00763013333333329
486.75,0.0328493333333333,0.00561846666666661
487,0.0463866666666666,0.00418426666666657
487.25,0.126096,0.031666
487.5,0.177026666666667,0.0376773333333333
487.75,0.208266666666667,0.0378666666666666
488,0.2201,0.029536
488.25,0.226726666666667,0.034222
488.5,0.223886666666667,0.03337
488.75,0.23146,0.0403753333333333
489,0.204953333333333,0.0303406666666666
489.25,0.2059,0.0266486666666666
489.5,0.236193333333333,0.0301986666666666
489.75,0.233353333333333,0.03124
490,0.239506666666667,0.0318079999999999
490.25,0.240926666666667,0.0325653333333333
490.5,0.2343,0.0280213333333333
490.75,0.243766666666667,0.03834
491,0.24708,0.032376
491.25,0.251813333333333,0.0336539999999999
491.5,0.212053333333333,0.0305773333333333
491.75,0.199273333333333,0.0305299999999999
492,0.198326666666667,0.0363046666666666
492.25,0.185073333333333,0.0298673333333333
492.5,0.185546666666667,0.0344586666666666
492.75,0.174707333333333,0.0313819999999999
493,0.169548,0.0344586666666666
493.25,0.135089333333333,0.0196906666666666
493.5,0.0884186666666666,0.00461973333333325
493.75,0.074266,0.00195107999999989
494,0.0553326666666666,0.00326599999999993
494.25,0.0537706666666666,0.00442755999999996
494.5,0.0532973333333333,0.00361153333333332
494.75,0.0531079999999999,0.00317133333333325
495,0.0435466666666666,0.00369673333333332
495.25,0.046008,0.00426804666666661
495.5,0.0482326666666666,0.00467037999999996
495.75,0.0468126666666666,0.00385151333333329
496,0.0421266666666666,0.00350834666666664
496.25,0.043026,0.00440673333333325
496.5,0.0348373333333333,0.00425204799999996
496.75,0.0345533333333333,0.00461182866666661
497,0.0294413333333333,0.00362809999999993
497.25,0.0271693333333333,0.00214609333333332
497.5,0.028542,0.00389600666666664
497.75,0.0276426666666666,0.00305016
498,0.0282106666666666,0.00347426666666664
498.25,0.0270746666666666,0.00267906666666661
498.5,0.0270273333333333,0.00275479999999993
498.75,0.0275006666666666,0.00371093333333329
499,0.0260333333333333,0.00330523933333332
499.25,0.0254179999999999,0.00267149333333329
499.5,0.0261753333333332,0.00350266666666657
499.75,0.0309559999999999,0.0103092
500,0.0376773333333333,0.0161264666666666
500.25,0.0396653333333333,0.0153454666666666
500.5,0.0400913333333333,0.0157336
500.75,0.0407066666666666,0.0168364666666666
501,0.0404226666666666,0.0156389333333333
501.25,0.0398073333333332,0.0150851333333333
501.5,0.039334,0.0152034666666666
501.75,0.0401386666666666,0.01633
502,0.0409906666666666,0.0171346666666666
502.25,0.0399493333333333,0.0153549333333332
502.5,0.038908,0.014484
502.75,0.0405173333333333,0.0165051333333333
503,0.0408486666666666,0.0171583333333333
503.25,0.0415586666666666,0.0178541333333333
503.5,0.0399966666666666,0.0159418666666666
503.75,0.0403279999999999,0.0160933333333333
504,0.0403279999999999,0.0173334666666666
504.25,0.0406593333333332,0.0177878666666666
504.5,0.0398073333333332,0.0170352666666666
504.75,0.0395233333333333,0.0164246666666666
505,0.0398546666666666,0.0174991333333333
505.25,0.0412273333333333,0.0191747333333333
505.5,0.0407539999999999,0.0179772
505.75,0.0398546666666666,0.017182
506,0.0401386666666666,0.0177499999999999
506.25,0.0407539999999999,0.0178304666666666
506.5,0.0399493333333333,0.0172861333333333
506.75,0.0392866666666666,0.0171678
507,0.040612,0.0183842666666666
507.25,0.038908,0.0165382666666666
507.5,0.0387659999999999,0.0160980666666666
507.75,0.0387186666666666,0.0163489333333333
508,0.0395233333333333,0.0180150666666666
508.25,0.0377719999999999,0.0167749333333333
508.5,0.0355,0.0158045999999999
508.75,0.0367306666666666,0.0172956
509,0.036778,0.0174281333333333
509.25,0.0378193333333333,0.0176174666666666
509.5,0.0389553333333333,0.0169311333333333
509.75,0.032376,0.0100867333333333
510,0.0299146666666666,0.00815553333333325
510.25,0.0280686666666666,0.00769639999999993
510.5,0.0272166666666666,0.0066882
510.75,0.0477593333333333,0.00867619999999993
511,0.102509231409256,-0.000791083255330197
511.25,0.143041333333333,0.0426
511.5,0.146307333333333,0.0412746666666666
511.75,0.165193333333333,0.0363046666666666
512,0.20306,0.0350266666666666
512.25,0.190753333333333,0.017608
512.5,0.224485065546646,0.0334591905307369
512.75,0.198848463046235,0.00796270293277988
513,0.200013346240723,0.0157146636119177
513.25,0.240024882511957,0.0298970089415678
513.5,0.277373333333333,0.03408
513.75,0.220035699678644,0.0250320183075275
514,0.283526666666667,0.0417953333333333
514.25,0.328493333333333,0.0232738
514.5,0.309389827602274,0.019142309272202
514.75,0.321308149405772,0.0324640233918128
515,0.160647037163121,0.00633080855886514
515.25,0.344082021764032,0.0507794629629629
515.5,0.29536,0.0339379999999999
515.75,0.2783957387336,0.0356384358243012
516,0.222252142232585,0.0375790935587292
516.25,0.269679185140803,0.0380611048532054
516.5,0.214893333333333,0.048564
516.75,0.205426666666667,0.035926
517,0.148153333333333,0.00302933333333329
517.25,0.0997755142017629,-0.00085589422135155
517.5,0.253098593436035,0.0404768162536279
517.75,0.341031600407747,0.0266667765318836
518,0.0963706666666666,0.01491
518.25,0.0453684603691638,0.00313869851610564
518.5,0.0592613333333333,0.000757333333333321
518.75,0.428374038391887,-0.00409934096341902
519,0.048138,0.00218679999999996
519.25,0.0487533333333333,0.00267906666666661
519.5,0.0484693333333333,0.00185546666666664
519.75,0.0476173333333333,0.000989266666666572
520,0.0475226666666666,0.00084774
520.25,0.0500786666666666,0.00261279999999996
520.5,0.0513566666666666,0.00422402666666664
520.75,0.0503153333333333,0.00294285533333329
521,0.0496999999999999,0.00226253333333329
521.25,0.0461026666666666,0.00343639999999993
521.5,0.0452033333333333,0.00293182666666657
521.75,0.0452033333333333,0.00346006666666657
522,0.045582,0.00355899333333325
522.25,0.0446826666666666,0.00350124666666661
522.5,0.0409906666666666,0.00400723999999993
522.75,0.0399966666666666,0.00285751333333332
523,0.0425053333333333,0.00766326666666661
523.25,0.0326012457551385,0.00675786756032166
523.5,0.0336784228416043,0.00808376750509853
523.75,0.035923051574012,0.0147227939718687
524,0.0385503344709897,0.00668836477815692
524.25,0.0471439999999999,0.0122119999999999
524.5,0.156626228663446,0.0187274578329882
524.75,0.0469492993149067,0.014476821167021
525,0.0496053333333332,0.01491
525.25,0.0487533333333333,0.0142946666666666
525.5,0.0491793333333332,0.0152886666666666
525.75,0.0493213333333333,0.0151466666666666
526,0.049984,0.0163584
526.25,0.0475699999999999,0.0136083333333333
526.5,0.0473331555221638,0.0145560135236664
526.75,0.0483273333333332,0.0147679999999999
527,0.049558,0.014626
527.25,0.0398546666666666,0.00812713333333332
527.5,0.0406899964806434,0.0158970463549522
527.75,0.0387410424242424,0.00919624989898987
528,0.0465286666666666,0.0128746666666666
528.25,0.0373933333333333,0.00876613333333332
528.5,0.0410986570561456,0.0176510417298937
528.75,0.0471913333333333,0.0150993333333333
529,0.0370051564417177,0.00911186993865021
529.25,0.039944012490242,0.0164780967993754
529.5,0.0389248518518518,0.0156881814814815
529.75,0.0397582263856362,0.0160788340359094
530,0.0370912517758484,0.0105162936069455
530.25,0.0397437822045152,0.0162306942895085
530.5,0.0394712779097386,0.0161794102929532
530.75,0.049132,0.0163773333333333
531,0.0424579999999999,0.017892
531.25,0.0433454709254709,0.00825695692055682
531.5,0.0344868421913328,0.0113550770237121
531.75,0.0410853333333332,0.0165477333333333
532,0.0406450178861788,0.00949804905149051
532.25,0.037187098007098,0.00995761528801528
532.5,0.0373605731673582,0.00938281399723374
532.75,0.047286,0.0140106666666666
533,0.0367529502164502,0.00733643614718611
533.25,0.0396969889064976,0.0154912773375594
533.5,0.0471913333333333,0.014484
533.75,0.0361759295302013,0.0112937174496644
534,0.0299835299512753,0.00646490306678129
534.25,0.02813598791019,0.00600375795624633
534.5,0.0370146666666666,0.00359259999999996
534.75,0.0399493333333333,0.00466233333333325
535,0.0401386666666666,0.00392866666666657
535.25,0.0958149115314215,0.00428968224527141
535.5,0.137188224955437,0.00883713333333325
535.75,0.209957631198845,0.05404990370727
536,0.204816574741903,0.0357249186819403
536.25,0.243019354354354,0.0109878789789789
536.5,0.219570376588551,0.0302969425206948
536.75,0.304570860669048,0.0327342513803183
537,0.21840994133992,0.0250556859112894
537.25,0.357630716253443,0.0539766253443526
537.5,0.0248073143841515,0.00247122672026025
537.75,0.29394,0.0514986666666666
538,0.437195636363636,0.0510219636363635
538.25,0.439534207209478,0.0506645881858667
538.5,0.369587673462539,0.0395581691417065
538.75,0.361407696909272,0.0387222532402791
539,0.324863907654921,0.0235963740785743
539.25,0.376311940566577,0.054035747244673
539.5,0.332047398556136,0.0313279502116006
539.75,0.272685597977244,0.0347274553729456
540,0.319375167468152,0.0675399944317894
540.25,0.341480935672515,0.0721974502923976
540.5,0.293534217273954,0.0573112766531713
540.75,0.242346666666667,0.0591666666666666
541,0.20732,0.053676
541.25,0.130950045030203,0.00209558001098291
541.5,0.220573333333333,0.0135751999999999
541.75,0.0840873904545023,0.00520045256665715
542,0.104736995056702,0.00448200971212559
542.25,0.286032113970588,0.0318762156862744
542.5,0.0258110863818014,0.00428614755610198
542.75,0.0424106666666666,0.00123066666666661
543,0.408482326904837,0.0270263306987037
543.25,0.323552660902978,0.0118352157540825
543.5,0.298656281762625,0.0486908819556127
543.75,0.317580232150679,0.0201880087604029
544,0.309513492063492,0.0463561428571428
544.25,0.0434993333333333,0.0027477
544.5,0.043878,0.00328682666666664
544.75,0.0442093333333333,0.00763486666666657
545,0.0396653333333333,0.00407634666666661
545.25,0.0394286666666666,0.00377151999999996
545.5,0.0386713333333333,0.00307193333333329
545.75,0.0389553333333333,0.00337723333333332
546,0.0385293333333332,0.00306246666666661
546.25,0.0396653333333333,0.00462399333333325
546.5,0.0381033333333332,0.00289679999999989
546.75,0.039334,0.004686
547,0.037914,0.00494775333333325
547.25,0.039618,0.0083496
547.5,0.0461026666666666,0.0146875333333333
547.75,0.0476646666666666,0.0148248
548,0.0486586666666666,0.0158424666666666
548.25,0.0479959999999999,0.0155300666666666
548.5,0.0470966666666666,0.0144414
548.75,0.0470493333333332,0.0145076666666666
549,0.0480906666666666,0.0146827999999999
549.25,0.0475699999999999,0.0145076666666666
549.5,0.0473806666666666,0.0143136
549.75,0.0467653333333333,0.0137834666666666
550,0.0461026666666666,0.0126332666666666
550.25,0.0456293333333333,0.0124060666666666
550.5,0.0471913333333333,0.0145123999999999
550.75,0.0488006666666666,0.0160459999999999
551,0.0461973333333333,0.0132202
551.25,0.0465286666666666,0.0136130666666666
551.5,0.0469073333333333,0.0140769333333332
551.75,0.0486586666666666,0.0157146666666666
552,0.0470966666666666,0.0149573333333333
552.25,0.0453926666666666,0.0134852666666666
552.5,0.0458659999999999,0.0141858
552.75,0.0456766666666666,0.0142520666666666
553,0.0469546666666666,0.0153880666666666
553.25,0.0465286666666666,0.0149715333333333
553.5,0.048564,0.0174044666666666
553.75,0.0470966666666666,0.0161122666666666
554,0.047002,0.0145313333333333
554.25,0.0456766666666666,0.0138071333333333
554.5,0.0470493333333332,0.0161548666666666
554.75,0.0469073333333333,0.0159892
555,0.0461026666666666,0.0152224
555.25,0.0459606666666666,0.0146733333333333
555.5,0.0462919999999999,0.0150661999999999
555.75,0.046576,0.015336
556,0.045298,0.0140248666666666
556.25,0.0463866666666666,0.0146023333333333
556.5,0.0465286666666666,0.0151939999999999
556.75,0.045724,0.0143798666666666
557,0.0453453333333333,0.0140011999999999
557.25,0.0452033333333333,0.0133527333333333
557.5,0.0459133333333333,0.0145502666666666
557.75,0.0453926666666666,0.0144934666666666
558,0.0402806666666666,0.0101766666666666
558.25,0.0350266666666666,0.0047712
558.5,0.0369199999999999,0.0058788
558.75,0.0389553333333333,0.00619640666666664
559,0.0408486666666666,0.00668346666666661
559.25,0.051688,0.00584566666666657
559.5,0.13277,0.0373933333333333
559.75,0.185546666666667,0.0399493333333333
560,0.23856,0.070858
560.25,0.223886666666667,0.035784
560.5,0.213473333333333,0.0204006666666666
560.75,0.237937609462072,0.0273486057090867
561,0.228146666666667,0.0347899999999999
561.25,0.24566,0.0355473333333333
561.5,0.261753333333333,0.0390499999999999
561.75,0.332753333333333,0.057936
562,0.28344609642891,0.0417834562849294
562.25,0.455286208569119,0.0333147841552142
562.5,0.549452703355705,0.0668961046979866
562.75,0.513486312668934,0.0830974615049263
563,0.324731515151515,0.0486860242424242
563.25,0.32685142417244,0.0551384141647421
563.5,0.230513333333333,0.0309559999999999
563.75,0.405471073235686,0.0529758826453617
564,0.240926666666667,0.038056
564.25,0.251578409235524,0.0580170617216616
564.5,0.23714,0.0363046666666666
564.75,0.152318666666667,0.00636633333333325
565,0.285536137457045,0.0403137512027491
565.25,0.317791186440678,0.0327249257465698
565.5,0.0918739999999999,0.00350739999999996
565.75,0.09585,0.00539126666666664
566,0.074124,0.00399019999999993
566.25,0.0660773333333333,0.00214088666666664
566.5,0.0617226666666666,0.00411799999999993
566.75,0.0581253333333332,0.00283905333333325
567,0.302572984684348,0.0101141767650355
567.25,0.0488581505703421,0.00313108380228134
567.5,0.045298,0.00260333333333329
567.75,0.036778,0.00202113333333325
568,0.0376773333333333,0.00303738
568.25,0.0369199999999999,0.00198468666666661
568.5,0.0388606666666666,0.00372986666666664
568.75,0.0386239999999999,0.00365446466666664
569,0.0378193333333333,0.00309938666666664
569.25,0.037062,0.00228004666666657
569.5,0.0368726666666666,0.00181570666666657
569.75,0.0377719999999999,0.00312508866666661
570,0.0380086666666666,0.00403137999999996
570.25,0.0365886666666666,0.00343782
570.5,0.0362099999999999,0.00289017333333325
570.75,0.0363046666666666,0.00305299999999993
571,0.0361626666666666,0.00395233333333332
571.25,0.03834,0.00644679999999996
571.5,0.0446826666666666,0.0144461333333333
571.75,0.0476646666666666,0.0149478666666666
572,0.0479486666666666,0.0148863333333332
572.25,0.0469073333333333,0.0138733999999999
572.5,0.0477119999999999,0.0146827999999999
572.75,0.0467179999999999,0.0140390666666666
573,0.0479486666666666,0.015904
573.25,0.0472386666666666,0.0154306666666666
573.5,0.0463393333333333,0.0140769333333332
573.75,0.0466706666666666,0.0141337333333333
574,0.0484219999999999,0.0164341333333333
574.25,0.0489426666666666,0.0168885333333333
574.5,0.0481853333333333,0.0158661333333333
574.75,0.0476173333333333,0.0151608666666666
575,0.0475226666666666,0.0151561333333333
575.25,0.0477593333333333,0.0153502
575.5,0.0476646666666666,0.0154732666666666
575.75,0.0462919999999999,0.0140911333333333
576,0.0377208937198067,0.0149317801932366
576.25,0.035977107675617,0.0137254804448061
576.5,0.0415587054009819,0.0156142673213311
576.75,0.0409771428571428,0.0151023273327828
577,0.0440313011719815,0.0161369279912782
577.25,0.0373644810543656,0.0168092987369577
577.5,0.0399966666666666,0.0176695333333333
577.75,0.0417607058823529,0.0172481647058823
578,0.039792778235779,0.0176556767243747
578.25,0.0432160784313725,0.0175998666666666
578.5,0.0422919966527197,0.0169547287029289
578.75,0.0420174480646059,0.0164885211918685
579,0.0428004564666102,0.0143015005917159
579.25,0.0407370924229808,0.0172047720233139
579.5,0.0345899145012573,0.0110763332774517
579.75,0.0341356534903279,0.0104153874964956
580,0.0340326666666666,0.0107825333333333
580.25,0.0430622476832349,0.016983295703454
580.5,0.0362909554995802,0.0125553474951021
580.75,0.0376439593220338,0.015736873220339
581,0.0379239439775909,0.0053412683473389
581.25,0.034517873997709,0.0136886129438717
581.5,0.045582,0.01491
581.75,0.0355473333333333,0.005325
582,0.034222,0.00371566666666657
582.25,0.0322339999999999,0.00354999999999996
582.5,0.0330859999999999,0.003621
582.75,0.0326126666666666,0.00613913333333329
583,0.0256073333333333,0.00478066666666657
583.25,0.0254653333333333,0.00396653333333329
583.5,0.0246133333333333,0.00360017333333329
583.75,0.0263646666666666,0.00519767333333329
584,0.0253706666666666,0.00426473333333329
584.25,0.025276,0.00366549333333325
584.5,0.0239033333333333,0.00277373333333329
584.75,0.025986,0.00356041333333332
585,0.0266959999999999,0.00497709999999996
585.25,0.0263646666666666,0.00505993333333332
585.5,0.0263173333333333,0.00482799999999996
585.75,0.0256546666666666,0.0045369
586,0.0237139999999999,0.00192315333333325
586.25,0.02485,0.00347710666666657
586.5,0.0253233333333332,0.00400913333333329
586.75,0.0253706666666666,0.0043452
587,0.0263173333333333,0.00428319333333325
587.25,0.025276,0.00384961999999993
587.5,0.0243766666666666,0.00265066666666657
587.75,0.0266013333333332,0.00500786666666664
588,0.0259386666666666,0.00379755333333325
588.25,0.0277373333333333,0.00455961999999996
588.5,0.0263173333333333,0.00322576666666657
588.75,0.0266486666666666,0.00486586666666657
589,0.0260333333333333,0.00522559999999993
589.25,0.0255126666666666,0.00429218666666664
589.5,0.0250393333333333,0.00340279333333332
589.75,0.025134,0.00403469333333329
590,0.0255126666666666,0.00439726666666657
590.25,0.023856,0.00222750666666661
590.5,0.0247553333333333,0.00313346666666664
590.75,0.0247553333333333,0.00336066666666661
591,0.0262699999999999,0.00501960533333329
591.25,0.0248973333333332,0.00344586666666661
591.5,0.0243766666666666,0.00280118666666664
591.75,0.0248973333333332,0.00350787333333325
592,0.025276,0.00334646666666664
592.25,0.0247553333333333,0.00269799999999996
592.5,0.0240453333333332,0.00198326666666664
592.75,0.0248026666666666,0.00277846666666657
593,0.0250866666666666,0.00278949533333329
593.25,0.0243293333333333,0.00247430266666657
593.5,0.0248026666666666,0.00317133333333325
593.75,0.025702,0.00452459333333329
594,0.0248026666666666,0.00331049333333329
594.25,0.0241399999999999,0.00255931333333332
594.5,0.0258439999999999,0.00373459999999993
594.75,0.0261753333333332,0.00452601333333325
595,0.0268853333333333,0.00550013333333329
595.25,0.0247553333333333,0.00290863333333332
595.5,0.02556,0.00348894
595.75,0.0370146666666666,0.0173713333333333
596,0.0378666666666666,0.0151561333333333
596.25,0.0371093333333333,0.0141905333333333
596.5,0.0363993333333332,0.0132343999999999
596.75,0.0370146666666666,0.0141574
597,0.037488,0.0143136
597.25,0.0375353333333333,0.0143372666666666
597.5,0.0373459999999999,0.0145455333333332
597.75,0.0382926666666666,0.0159229333333333
598,0.0371566666666666,0.0146922666666666
598.25,0.0369673333333333,0.0141289999999999
598.5,0.0384346666666666,0.0158140666666666
598.75,0.0376773333333333,0.0155300666666666
599,0.0390973333333333,0.0169358666666666
599.25,0.037488,0.0149620666666666
599.5,0.0382453333333333,0.0159986666666666
599.75,0.0385766666666666,0.0166944666666666
600,0.03834,0.0160081333333333
600.25,0.0377719999999999,0.0158140666666666
600.5,0.0377719999999999,0.0164199333333333
600.75,0.0377719999999999,0.0163205333333333
601,0.03763,0.0160554666666666
601.25,0.0382453333333333,0.0166802666666666
601.5,0.0371093333333333,0.0157809333333333
601.75,0.0378666666666666,0.0170068666666666
602,0.0371566666666666,0.0158424666666666
602.25,0.0372986666666666,0.0155773999999999
602.5,0.03763,0.0158235333333333
602.75,0.0372986666666666,0.0159229333333333
603,0.0378193333333333,0.0158755999999999
603.25,0.0375826666666666,0.0154685333333333
603.5,0.037062,0.0149762666666666
603.75,0.0361153333333333,0.0145975999999999
604,0.036352,0.014413
604.25,0.0374406666666666,0.0158329999999999
604.5,0.038056,0.0167654666666666
604.75,0.0368726666666666,0.0156767999999999
605,0.0376773333333333,0.0155016666666666
605.25,0.0377719999999999,0.0157099333333333
605.5,0.0379613333333333,0.0160176
605.75,0.0341746666666666,0.0130592666666666
606,0.0253233333333332,0.00555693333333325
606.25,0.0233826666666666,0.00376299999999996
606.5,0.0240453333333332,0.00406119999999996
606.75,0.0252286666666666,0.00572259999999996
607,0.025986,0.00591808666666657
607.25,0.025134,0.00469262666666664
607.5,0.0246133333333333,0.00426283999999993
607.75,0.024708,0.00435655999999993
608,0.0246606666666666,0.00456766666666657
608.25,0.0241873333333333,0.00415302666666661
608.5,0.0254179999999999,0.00542392666666657
608.75,0.0255126666666666,0.00585087333333325
609,0.024282,0.00325653333333325
609.25,0.0249446666666666,0.00402333333333325
609.5,0.0245186666666666,0.00428366666666664
609.75,0.025134,0.00499650666666661
610,0.0255126666666666,0.00512856666666661
610.25,0.02556,0.00484219999999993
610.5,0.0253233333333332,0.00468126666666661
610.75,0.0252286666666666,0.00494633333333329
611,0.0253706666666666,0.00475576933333332
611.25,0.0254653333333333,0.00497946666666661
611.5,0.0268853333333333,0.00658879999999993
611.75,0.02556,0.00503626666666657
612,0.0245186666666666,0.00337959999999996
612.25,0.0243293333333333,0.00323944599999996
612.5,0.025276,0.00451134
612.75,0.02485,0.00407208666666661
613,0.0244713333333333,0.00328493333333329
613.25,0.024708,0.00363425333333329
613.5,0.02556,0.00442528799999989
613.75,0.0255126666666666,0.00417101333333329
614,0.0246133333333333,0.00348751999999993
614.25,0.0249919999999999,0.00399019999999993
614.5,0.0266013333333332,0.0056232
614.75,0.0263646666666666,0.00524926666666657
615,0.026554,0.00504573333333325
615.25,0.026128,0.00464055999999996
615.5,0.0265066666666666,0.00539126666666664
615.75,0.0254653333333333,0.00443560666666657
616,0.0249446666666666,0.00357224666666664
616.25,0.0246606666666666,0.00312967999999993
616.5,0.0245659999999999,0.00332753333333329
616.75,0.0243766666666666,0.00286035333333325
617,0.0245659999999999,0.00284473333333332
617.25,0.025702,0.00391683333333325
617.5,0.02556,0.00378903333333325
617.75,0.025134,0.00335214666666661
618,0.0243766666666666,0.00273619799999989
618.25,0.024282,0.00254653333333332
618.5,0.0249446666666666,0.00358786666666657
618.75,0.0252286666666666,0.00360679999999993
619,0.0254653333333333,0.0038979
619.25,0.0246606666666666,0.00307193333333329
619.5,0.0270746666666666,0.00599571333333325
619.75,0.034506,0.0148816
620,0.0376773333333333,0.0149289333333333
620.25,0.03834,0.0154732666666666
620.5,0.0373933333333333,0.0146780666666666
620.75,0.0376773333333333,0.0151892666666666
621,0.0371566666666666,0.0144366666666666
621.25,0.0378193333333333,0.0147348666666666
621.5,0.0388606666666666,0.0160081333333333
621.75,0.0383873333333333,0.0161879999999999
622,0.0365886666666666,0.0140248666666666
622.25,0.0376773333333333,0.0147679999999999
622.5,0.0381979999999999,0.0159986666666666
622.75,0.0386713333333333,0.0157336
623,0.0382453333333333,0.0153928
623.25,0.0372513333333332,0.0148200666666666
623.5,0.038482,0.0162022
623.75,0.0377719999999999,0.0155395333333333
624,0.0363046666666666,0.0136935333333333
624.25,0.0369199999999999,0.0148105999999999
624.5,0.0375353333333333,0.0161596
624.75,0.0372986666666666,0.0160744
625,0.037488,0.0157194
625.25,0.0380086666666666,0.0162968666666666
625.5,0.0392393333333333,0.0182328
625.75,0.0388606666666666,0.0178494
626,0.0388606666666666,0.0175180666666666
626.25,0.037488,0.0163015999999999
626.5,0.0381033333333332,0.0170542
626.75,0.0377246666666666,0.0167938666666666
627,0.037062,0.0155916
627.25,0.0384346666666666,0.0166708
627.5,0.037204,0.0154732666666666
627.75,0.0364939999999999,0.0148957999999999
628,0.0358786666666666,0.0139822666666666
628.25,0.0373459999999999,0.0155442666666666
628.5,0.037488,0.0158093333333333
628.75,0.0365886666666666,0.0147679999999999
629,0.0362573333333333,0.0145123999999999
629.25,0.0381979999999999,0.0161737999999999
629.5,0.041748,0.0206278666666666
629.75,0.0341273333333333,0.013419
630,0.0254179999999999,0.00471439999999993
630.25,0.0243766666666666,0.00457287333333325
630.5,0.0253706666666666,0.00568331333333329
630.75,0.0239506666666666,0.00438794199999996
631,0.0275479999999999,0.00348515333333329
631.25,0.0417953333333333,0.00321866666666664
631.5,0.121277816858702,0.0044641562158884
631.75,0.168253204301075,0.013234033548387
632,0.217572754318618,-0.00583038099808061
632.25,0.23146,0.0301039999999999
632.5,0.222946325569556,0.0332298434516991
632.75,0.226726666666667,0.0308613333333332
633,0.209213333333333,0.0248026666666666
633.25,0.224061052631579,0.000581424250499593
633.5,0.227673333333333,0.0354053333333333
633.75,0.233826666666667,0.0298673333333333
634,0.164317876106195,0.00669548127352245
634.25,0.219286557244174,0.0352847700101316
634.5,0.161165184520247,0.00303425362058641
634.75,0.222102436459246,0.0283322979842243
635,0.370185949736996,0.0455108201831287
635.25,0.258363357058126,0.0236123287860814
635.5,0.223886666666667,0.033228
635.75,0.239766936963599,0.0299826899477162
636,0.233655365079365,0.019973765079365
636.25,0.239033333333333,0.0484693333333333
636.5,0.195378983333333,0.01892141125
636.75,0.306325631629701,0.0582396879888567
637,0.136870889325475,0.000353488867059553
637.25,0.254640660419455,0.0458448203926818
637.5,0.0603666258130777,0.00372363765833608
637.75,0.031524,-0.000567999999999964
638,0.0273113333333333,0.00205899999999996
638.25,0.0286366666666666,0.00303595999999993
638.5,0.0272639999999999,0.00322813333333332
638.75,0.0271219999999999,0.00281680666666657
639,0.0260333333333333,0.00135373333333332
639.25,0.028116,0.00422658266666664
639.5,0.0278793333333332,0.00405599333333329
639.75,0.0266013333333332,0.00217733333333329
640,0.228111955555555,0.0131766533333333
640.25,0.0827397839310031,-0.000613936752912687
640.5,0.0773768494124922,0.000880592977736448
640.75,0.240582403364063,0.031826556687692
641,0.170542,-0.00110949333333325
641.25,0.175276489685125,0.00753693651827713
641.5,0.146059177207977,0.0749713610636277
641.75,0.0374659092516204,0.00572395835788641
642,0.0311733163771711,0.00614951612903215
642.25,0.0568778809213385,0.00676487753150796
642.5,0.156673333333333,0.0151040666666666
642.75,0.12925969063772,0.0262573478064224
643,0.0424231685499058,0.00575912288135586
643.25,0.0402692211701869,0.00533790376304923
643.5,0.0817389642769155,0.00298734205469327
643.75,0.0373189768451519,0.01323428355041
644,0.043562063003663,0.0156747748962148
644.25,0.0416931567200388,0.0135996865599223
644.5,0.0469546666666666,0.0129077999999999
644.75,0.0399966666666666,0.0143419999999999
645,0.0433979250374812,0.0139994826586706
645.25,0.105236394817073,0.011285125304878
645.5,0.0426946666666666,0.0152082
645.75,0.0381506666666666,0.013987
646,0.0381506666666666,0.0143893333333333
646.25,0.038908,0.0156673333333333
646.5,0.037914,0.0144035333333333
646.75,0.0377246666666666,0.0140248666666666
647,0.0379613333333333,0.0144461333333333
647.25,0.0386239999999999,0.0155253333333333
647.5,0.0387659999999999,0.0158282666666666
647.75,0.03763,0.0142804666666666
648,0.0378193333333333,0.0152413333333333
648.25,0.037914,0.0164246666666666
648.5,0.038908,0.0175654
648.75,0.0378193333333333,0.0159844666666666
649,0.03834,0.0168033333333333
649.25,0.0385766666666666,0.0165051333333333
649.5,0.0380086666666666,0.0161264666666666
649.75,0.0372986666666666,0.0153217999999999
650,0.036778,0.0148674
650.25,0.0372513333333332,0.0152129333333333
650.5,0.0363993333333332,0.0146212666666666
650.75,0.0371093333333333,0.0146591333333333
651,0.0371566666666666,0.0149478666666666
651.25,0.0365413333333333,0.0146496666666666
651.5,0.0374406666666666,0.0153928
651.75,0.0371093333333333,0.0148863333333332
652,0.0385766666666666,0.0163773333333333
652.25,0.0373933333333333,0.0154495999999999
652.5,0.0373459999999999,0.0155537333333333
652.75,0.0371093333333333,0.0150425333333333
653,0.037062,0.0146922666666666
653.25,0.0375353333333333,0.015691
653.5,0.0365413333333333,0.014484
653.75,0.0349319999999999,0.013206
654,0.0275953333333333,0.00522559999999993
654.25,0.0246133333333333,0.00284568
654.5,0.02769,0.00382609533333325
654.75,0.0292993333333333,0.00360679999999993
655,0.0464204269771954,0.00418731198447346
655.25,0.0772006666666667,0.0122688
655.5,0.126808841623785,0.00964334800838571
655.75,0.206373333333333,0.0310033333333333
656,0.202586666666667,0.031524
656.25,0.21154739039666,0.0197934363256784
656.5,0.224576344500064,0.0222202387370042
656.75,0.226320346475508,0.0308060262843489
657,0.218693487109905,0.0426927720488466
657.25,0.20576218206158,0.0266308295403837
657.5,0.377447879982479,0.0521057586508979
657.75,0.224593004513217,0.0538355630775844
658,0.285800062754942,0.0269770815814245
658.25,0.41765297700435,0.0551796643878185
658.5,0.234154832713755,0.0280039719124329
658.75,0.208676282051282,0.0293850274725274
659,0.250485526182518,0.0191834103919781
659.25,0.285471502590674,0.0204445174438687
659.5,0.249027600849257,0.0169813106864827
659.75,0.243193684210526,0.0254571166512773
660,0.153737706322369,0.000735019879085922
660.25,0.209686666666667,0.02911
660.5,0.221993333333333,0.0293466666666666
660.75,0.255682933160286,0.0459755792775254
661,0.276665448526978,0.0617030502041266
661.25,0.139680666666667,0.019596
661.5,0.0884495068015346,0.00462134468085102
661.75,0.0713172796549244,0.00692782882818116
662,0.0494453793103448,0.000899006896551636
662.25,0.0451559999999999,0.00312399999999996
662.5,0.426331626045835,-0.00228509974536191
662.75,0.0435466666666666,0.00156199999999993
663,0.0554537722536095,0.00282473566854988
663.25,0.280063773148148,0.0311813811728394
663.5,0.387336622773044,0.0432320704879938
663.75,0.0480433333333333,0.00239033333333329
664,0.0434046666666666,0.00151466666666664
664.25,0.0434046666666666,0.00128746666666657
664.5,0.0416533333333333,0.00202113333333325
664.75,0.0404226666666666,0.00280828666666657
665,0.327488707482993,0.0466078131519274
665.25,0.027406,0.000780999999999964
665.5,0.0280686666666666,0.00179866666666657
665.75,0.0288733333333333,0.00294744666666661
666,0.0283999999999999,0.00228146666666664
666.25,0.0290153333333333,0.00267669999999996
666.5,0.0287786666666666,0.00268853333333329
666.75,0.0281633333333333,0.003540912
667,0.0248973333333332,0.00227199999999996
667.25,0.0261753333333332,0.00341273333333329
667.5,0.0278793333333332,0.00535813333333332
667.75,0.0360679999999999,0.0147822
668,0.0381033333333332,0.0132202
668.25,0.0369673333333333,0.0120889333333333
668.5,0.0371566666666666,0.0122545999999999
668.75,0.036352,0.0112889999999999
669,0.0371566666666666,0.0115303999999999
669.25,0.0390026666666666,0.0133148666666666
669.5,0.0412746666666666,0.0161075333333333
669.75,0.041748,0.0163110666666666
670,0.0408486666666666,0.0152744666666666
670.25,0.040896,0.0158566666666666
670.5,0.0420319999999999,0.0171725333333333
670.75,0.0412746666666666,0.0166045333333333
671,0.0405173333333333,0.0158282666666666
671.25,0.0400439999999999,0.0148437333333332
671.5,0.0406593333333332,0.0158850666666666
671.75,0.0420793333333333,0.0172198666666666
672,0.0422686666666666,0.0171772666666666
672.25,0.0408013333333333,0.0170447333333333
672.5,0.0402806666666666,0.0165997999999999
672.75,0.0405646666666666,0.017466
673,0.040044,0.0168838
673.25,0.0396653333333333,0.0163631333333333
673.5,0.0389553333333333,0.0157004666666666
673.75,0.0396653333333333,0.0160412666666666
674,0.0392866666666666,0.0155821333333333
674.25,0.0395233333333333,0.0161406666666666
674.5,0.039192,0.0160649333333333
674.75,0.0385293333333332,0.0149620666666666
675,0.0395233333333333,0.0160649333333333
675.25,0.0389553333333333,0.0155868666666666
675.5,0.0399019999999999,0.0160602
675.75,0.0405646666666666,0.0173902666666666
676,0.0405173333333333,0.0174896666666666
676.25,0.0403279999999999,0.0168743333333333
676.5,0.0395706666666666,0.0159986666666666
676.75,0.0394286666666666,0.0161548666666666
677,0.0398073333333332,0.0166849999999999
677.25,0.039192,0.0155679333333332
677.5,0.0380086666666666,0.0148437333333332
677.75,0.0337013333333333,0.0107541333333333
678,0.0279739999999999,0.00580212
678.25,0.0267433333333333,0.00581253333333325
678.5,0.0276426666666666,0.00458740466666664
678.75,0.0285419999999999,0.0043878
679,0.0451878448519041,0.00383670380818045
679.25,0.0772006666666667,0.0122688
679.5,0.137114744385027,0.00883239999999996
679.75,0.18744,0.0181949333333333
680,0.239276703862661,0.0710708781115879
680.25,0.251947796869034,0.0351882397861779
680.5,0.30489527302944,0.0434819541785375
680.75,0.288355926788685,0.0222540698835274
681,0.270228798474253,0.0225569933884297
681.25,0.245889731920199,0.0355805758520365
681.5,0.171340055865922,0.00556255251396638
681.75,0.40968661687083,0.0321258277064036
682,0.221672851620577,0.0241953559322034
682.25,0.172102637889688,0.00810455635491604
682.5,0.266032887808829,0.0216911815309842
682.75,0.395716414294367,0.0362977286493033
683,0.397625063035804,0.0459054563792234
683.25,0.287548918012801,0.0205932950116834
683.5,0.169791040986132,0.00627509158705695
683.75,0.243118947368421,0.0254492933210218
684,0.153737706322369,0.000735019879085922
684.25,0.315693087730253,0.0698021991882609
684.5,0.137968473502665,-0.000961469279815938
684.75,0.255765866320571,0.0459904918883841
685,0.275206434955313,0.061377655081099
685.25,0.136346510522743,0.00376440104095939
685.5,0.239116215903837,0.0125429476421636
685.75,0.0742400510132774,0.00195039828092235
686,0.0479013333333332,0.00151466666666664
686.25,0.0451723431053203,0.00312513065508503
686.5,0.375269680128443,0.00951880523650728
686.75,0.0392866666666666,0.00283999999999993
687,0.208436656346749,0.000688458204334289
687.25,0.27974,0.0311453333333333
687.5,0.0410373177509414,0.00332837231528363
687.75,0.305971402810925,0.0202723733757623
688,0.154717055713705,0.00274421689033473
688.25,0.314505557859809,0.0248766802156781
688.5,0.0279739999999999,0.00212999999999989
688.75,0.0296306666666666,0.00359733333333325
689,0.0306246666666666,0.00449666666666664
689.25,0.0286366666666666,0.002982
689.5,0.0305299999999999,0.00384583333333332
689.75,0.029536,0.00283999999999993
690,0.0311926666666666,0.00615333333333325
690.25,0.0308613333333332,0.00536049999999996
690.5,0.0303406666666666,0.00470966666666664
690.75,0.0291573333333332,0.00366833333333329
691,0.0277806104815863,0.00495240084985826
691.25,0.0278793333333332,0.00411799999999993
691.5,0.0346953333333332,0.0141858
691.75,0.0407066666666666,0.0192646666666666
692,0.151466666666667,0.0103044666666666
692.25,0.0413693333333333,0.0156105333333332
692.5,0.0426473333333333,0.0168033333333333
692.75,0.0415113333333332,0.0150993333333333
693,0.042316,0.01704
693.25,0.0406593333333332,0.0145076666666666
693.5,0.0403753333333333,0.0143183333333333
693.75,0.0416059999999999,0.0158566666666666
694,0.06745,0.00858626666666664
694.25,0.042111702051282,0.0113166317435896
694.5,0.0586958606661581,0.0104432280701754
694.75,0.04189,0.016188
695,0.0418426666666666,0.0162353333333333
695.25,0.0402333333333333,0.0141526666666666
695.5,0.0405173333333333,0.0142946666666666
695.75,0.04189,0.0161406666666666
696,0.0420793333333333,0.0163867999999999
696.25,0.0426473333333333,0.0174139333333333
696.5,0.041322,0.0166849999999999
696.75,0.041748,0.0173239999999999
697,0.0404226666666666,0.0161406666666666
697.25,0.0405646666666666,0.0163773333333333
697.5,0.0411799999999999,0.0169926666666666
697.75,0.041464,0.0174802
698,0.0408013333333333,0.0163394666666666
698.25,0.040186,0.0151939999999999
698.5,0.045724,0.0162826666666666
698.75,0.0420319999999999,0.0177499999999999
699,0.0424579999999999,0.017892
699.25,0.0404226666666666,0.0155253333333333
699.5,0.0395233333333333,0.0145076666666666
699.75,0.0410853333333332,0.0165477333333333
700,0.0404226666666666,0.0160696666666666
700.25,0.0405173333333333,0.015904
700.5,0.0405646666666666,0.0156389333333333
700.75,0.0401386666666666,0.0155206
701,0.040612,0.0158093333333333
701.25,0.03976,0.0155158666666666
701.5,0.0398073333333332,0.0156294666666666
701.75,0.0403279999999999,0.0163394666666666
702,0.0409433333333333,0.0127563333333332
702.25,0.0304353333333332,0.00624799999999993
702.5,0.0311926666666666,0.0059214
702.75,0.0322813333333333,0.00562556666666664
703,0.0387001925373133,0.00468949701492532
703.25,0.0996728042049934,0.0180055626806833
703.5,0.143230666666667,0.0363993333333332
703.75,0.170873333333333,0.0364939999999999
704,0.217468502879079,-0.00582758733205365
704.25,0.288134012237762,0.0237414856060606
704.5,0.196906666666667,0.0321393333333332
704.75,0.225182649940263,0.0306511665471923
705,0.217216327453641,0.0424044047942107
705.25,0.213,0.0284473333333333
705.5,0.191037333333333,0.0133953333333333
705.75,0.22294,0.0534393333333332
706,0.242346666666667,0.0603973333333333
706.25,0.156703795379538,0.00548959331417013
706.5,0.346092548266667,0.0453126619733333
706.75,0.338049871508973,0.0353095206541361
707,0.173407166291412,0.0342076431864479
707.25,0.154325716758628,0.00331585286162491
707.5,0.230766623107917,0.0138031747141457
707.75,0.238873894736842,0.0363050403508771
708,0.169453333333333,0.0201166666666666
708.25,0.237060396106076,0.0289109584871881
708.5,0.220895471956224,0.0306983214774281
708.75,0.135657333333333,0.00217733333333329
709,0.118238666666667,0.00170873333333329
709.25,0.0956133333333333,0.000795199999999929
709.5,0.0814133333333333,0.00195486666666661
709.75,0.0712366666666666,0.001278
710,0.255873432214416,0.032256133229248
710.25,0.167827494215326,0.00410822795698922
710.5,0.216903397620025,0.0185242117357406
710.75,0.0271902887117079,0.00282389892012861
711,0.213692227407722,-0.00844390920661853
711.25,0.286736172043011,0.000701437247311731
711.5,0.0277466894463667,0.00403669578719723
711.75,0.265422408236347,-0.000261149059982081
712,0.253706666666667,0.0135515333333333
712.25,0.180853545325107,0.00831166818541368
712.5,0.0378429075520832,0.00335166455078121
712.75,0.220934231943031,0.0114157238046795
713,0.0292519999999999,0.00227199999999996
713.25,0.0283526666666666,0.00132533333333329
713.5,0.0276011409196863,0.00143775977961427
713.75,0.176767364996747,0.00574969117328127
714,0.0289206666666666,0.00274533333333325
714.25,0.137172985426787,0.0145200074947952
714.5,0.0286366666666666,0.00213
714.75,0.0292993333333333,0.00272166666666661
715,0.0282106666666666,0.00429313333333332
715.25,0.0258439999999999,0.00124486666666657
715.5,0.02982,0.00667399999999993
715.75,0.0373459999999999,0.0132438666666666
716,0.0395706666666666,0.0139728
716.25,0.0400913333333333,0.0141952666666666
716.5,0.0405173333333333,0.0151892666666666
716.75,0.0399966666666666,0.0143419999999999
717,0.0390973333333333,0.0131776
717.25,0.0382453333333333,0.0118759333333333
717.5,0.0382453333333333,0.0119185333333333
717.75,0.038908,0.0127563333333332
718,0.0409433333333333,0.0139302
718.25,0.0399019999999999,0.0129551333333333
718.5,0.0412746666666666,0.0145218666666666
718.75,0.041464,0.0148674
719,0.0415586666666666,0.0149005333333333
719.25,0.0414166666666666,0.0149005333333333
719.5,0.0419373333333333,0.015478
719.75,0.0427893333333332,0.0165524666666666
720,0.0420793333333333,0.0160176
720.25,0.042174,0.0160270666666666
720.5,0.0423633333333332,0.0161122666666666
720.75,0.0425053333333333,0.0169642666666666
721,0.0422213333333333,0.0173050666666666
721.25,0.0406593333333332,0.0153217999999999
721.5,0.0411326666666666,0.0154117333333333
721.75,0.0406593333333332,0.015052
722,0.040896,0.0158708666666666
722.25,0.0413693333333333,0.0162495333333332
722.5,0.041322,0.0153833333333333
722.75,0.0415113333333332,0.0154306666666666
723,0.041038,0.0155253333333333
723.25,0.0412273333333333,0.0160980666666666
723.5,0.0416059999999999,0.0163726
723.75,0.0401386666666666,0.0149336666666666
724,0.03976,0.0157667333333333
724.25,0.0371566666666666,0.0150235999999999
724.5,0.0381033333333332,0.0160838666666666
724.75,0.03834,0.0161406666666666
725,0.0376773333333333,0.0154448666666666
725.25,0.040896,0.0158566666666666
725.5,0.0409433333333333,0.0156294666666666
725.75,0.0407539999999999,0.015052
726,0.0319973333333333,0.00683019999999996
726.25,0.0287786666666666,0.00514039999999993
726.5,0.0403279999999999,3.78666666666667e-05
726.75,0.0501733333333333,0.0102183199999999
727,0.0910693333333333,0.00802773333333325
727.25,0.0565357009009008,0.00167425355855848
727.5,0.167086666666667,0.0694853333333333
727.75,0.129536533333333,0.0123982933333333
728,0.149620666666667,0.030814
728.25,0.243293333333333,0.0965126666666666
728.5,0.20022,0.036636
728.75,0.185546666666667,0.0296779999999999
729,0.24005831349968,0.0110540685860524
729.25,0.186493333333333,0.0348373333333333
729.5,0.202586666666667,0.0486113333333333
729.75,0.182706666666667,0.0331333333333333
730,0.189806666666667,0.0531079999999999
730.25,0.186966666666667,0.0378666666666666
730.5,0.442715679012346,0.0590445402918069
730.75,0.19312,0.0329913333333332
731,0.17324,0.0341746666666666
731.25,0.165666666666667,0.034506
731.5,0.165193333333333,0.0319026666666666
731.75,0.148910666666667,0.0269326666666666
732,0.161406666666667,0.0398546666666666
732.25,0.158566666666667,0.0297253333333333
732.5,0.144508666666667,0.0218206666666666
732.75,0.128936,-0.000141999999999965
733,0.129551333333333,0.00140579999999989
733.25,0.140059333333333,0.00132533333333329
733.5,0.0812318097361575,0.00195050798959493
733.75,0.0709963630684658,0.00127368890554722
734,0.344586666666667,0.0338433333333333
734.25,0.0464580674806353,0.00243845897334905
734.5,0.209076949152542,0.00800750492332523
734.75,0.174291764705882,0.000881035294117618
735,0.173050472279261,-0.00152189593429153
735.25,0.26684954902772,0.0258806211557027
735.5,0.0364750076230076,0.003519435065835
735.75,0.202198254901961,0.004560115210084
736,0.0398241794329242,0.00702723927211172
736.25,0.18168179889567,-0.00417441208950881
736.5,0.175381362597165,9.12650297210789e-05
736.75,0.212249860982391,0.0190930120481927
737,0.039628001254902,0.00593568820705878
737.25,0.0738758794946549,-0.00137333365727241
737.5,0.034565287661895,0.00368349645535103
737.75,0.0452269258872651,0.00346187254697283
738,0.138251941272431,0.0037854698205546
738.25,0.0445543419490714,0.00349119139192035
738.5,0.201649015873016,0.0124746549206349
738.75,0.222466666666667,0.0178825333333333
739,0.224219070351759,0.0187700690117252
739.25,0.0258913333333333,0.00146733333333325
739.5,0.145310724409449,0.0156837322834646
739.75,0.0355946666666666,0.0131586666666666
740,0.148111657740039,0.0117379555845852
740.25,0.186699616688978,0.0180786910307898
740.5,0.03834,0.012354
740.75,0.0382926666666666,0.0126616666666666
741,0.0395233333333333,0.0137929333333333
741.25,0.127834445058742,0.0171346503109882
741.5,0.0420228004179728,0.0118153793103448
741.75,0.0385766666666666,0.0150046666666666
742,0.0375826666666666,0.0122593333333333
742.25,0.0386713333333333,0.01278
742.5,0.0412836409395972,0.0145157077740491
742.75,0.0405312801097393,0.0108928406474623
743,0.0388606666666666,0.0144366666666666
743.25,0.0379613333333333,0.0125906666666666
743.5,0.0394759999999999,0.0141053333333333
743.75,0.0393813333333332,0.0142946666666666
744,0.032092,0.0112274666666666
744.25,0.0387186666666666,0.0148153333333333
744.5,0.0383873333333333,0.0143419999999999
744.75,0.0381172082635399,0.0161148989391401
745,0.037062,0.0126853333333333
745.25,0.038056,0.0137881999999999
745.5,0.03763,0.0136225333333333
745.75,0.0385293333333332,0.0146449333333333
746,0.0368253333333333,0.012496
746.25,0.0371566666666666,0.0128746666666666
746.5,0.0424579999999999,0.0157146666666666
746.75,0.0477593333333333,0.0165666666666666
747,0.0377246666666666,0.0135846666666666
747.25,0.0378666666666666,0.0136509333333333
747.5,0.0382453333333333,0.0143893333333333
747.75,0.03976,0.0160933333333333
748,0.0381506666666666,0.014058
748.25,0.0385245534703604,0.00953375817694369
748.5,0.0390720664294187,0.0160081670225385
748.75,0.0390026666666666,0.014626
749,0.0431206666666666,0.0164956666666666
749.25,0.0470127901454436,0.0168348312852478
749.5,0.0429786666666666,0.0108393333333333
749.75,0.0486081892629662,0.00860829238701847
750,0.0369817552083332,0.0133534636718749
750.25,0.0270418291666666,0.00668401395833329
750.5,0.0224151247863248,0.000453011555555488
750.75,0.028258,0.0040896
751,0.0270470957230142,0.00362582395112013
751.25,0.0319506134928547,-0.000503708780325647
751.5,0.0230009706666666,0.00278482826666664
751.75,0.0336682928104575,0.00732001647058815
752,0.0282597957198443,0.00639157470817111
752.25,0.0220670632240979,0.00330958897053952
752.5,0.151731359001041,0.0146021806451612
752.75,0.0326126666666666,0.0061344
753,0.0244263136456212,-0.000151775152749433
753.25,0.0294241476923076,0.00458656601709395
753.5,0.0339152444883184,0.00692099308983209
753.75,0.0419191119068934,0.005287095195464
754,0.0250805703771849,7.81979760809562e-05
754.25,0.0917913153800119,-0.00425048234590058
754.5,0.0474273613193403,0.0120526846576711
754.75,0.0377923964862298,-9.4599240265906e-05
755,0.0465974960552267,0.0108790695266272
755.25,0.0452842088823816,0.00996159799902381
755.5,0.0454011571048172,0.0105134655047204
755.75,0.0435015615786971,0.00891992277698516
756,0.0265246107297228,-0.000334633307907409
756.25,0.032891828448892,0.00526455611150812
756.5,0.0256546666666666,0.00170399999999989
756.75,0.0261753333333332,0.00220573333333332
757,0.026412,0.00308613333333325
757.25,0.026412,0.00330055333333332
757.5,0.0256546666666666,0.00184599999999996
757.75,0.0258913333333333,0.00212526666666661
758,0.0265066666666666,0.00268379999999989
758.25,0.0263173333333333,0.00265824
758.5,0.026128,0.00220099999999993
758.75,0.0261753333333332,0.00232643333333329
759,0.026128,0.00247553333333329
759.25,0.0263646666666666,0.00234489333333325
759.5,0.0266013333333332,0.00273113333333329
759.75,0.0259386666666666,0.00205426666666657
760,0.0255126666666666,0.00175606666666657
760.25,0.0241873333333333,0.000137266666666572
760.5,0.0246133333333333,0.000345533333333286
760.75,0.0254179999999999,0.00118806666666661
761,0.0260333333333333,0.00202586666666664
761.25,0.0257966666666666,0.0015336
761.5,0.0249919999999999,0.000539599999999929
761.75,0.0266486666666666,0.00221283333333325
762,0.0266013333333332,0.00306625333333332
762.25,0.025986,0.00241399999999993
762.5,0.0255126666666666,0.00119137999999993
762.75,0.02556,0.00184599999999996
763,0.0256546666666666,0.00202491999999996
763.25,0.0252286666666666,0.00150661999999993
763.5,0.0263646666666666,0.00191463333333325
763.75,0.0340326666666666,0.0116676666666666
764,0.0390499999999999,0.0151466666666666
764.25,0.0388606666666666,0.0136414666666666
764.5,0.037204,0.0119469333333332
764.75,0.0384346666666666,0.0132959333333333
765,0.0386713333333333,0.0132959333333333
765.25,0.0382453333333333,0.0126900666666666
765.5,0.038482,0.0131491999999999
765.75,0.038482,0.0134947333333333
766,0.038908,0.0140106666666666
766.25,0.0377246666666666,0.0125244
766.5,0.0378193333333333,0.0127279333333333
766.75,0.039192,0.0146118
767,0.0385766666666666,0.0136982666666666
767.25,0.037914,0.0130356
767.5,0.0377246666666666,0.0127752666666666
767.75,0.0384346666666666,0.0136272666666666
768,0.0387659999999999,0.014058
768.25,0.03763,0.0134000666666666
768.5,0.0381979999999999,0.0137598
768.75,0.039192,0.0150803999999999
769,0.0381979999999999,0.0137314
769.25,0.0382453333333333,0.0138497333333333
769.5,0.0385293333333332,0.0138024
769.75,0.0389553333333333,0.0153170666666666
770,0.0378193333333333,0.0135846666666666
770.25,0.0375826666666666,0.0134142666666666
770.5,0.0377246666666666,0.0138592
770.75,0.0373459999999999,0.0134095333333333
771,0.0370146666666666,0.0125575333333333
771.25,0.0381979999999999,0.0138876
771.5,0.0382453333333333,0.0145218666666666
771.75,0.0378666666666666,0.0141668666666666
772,0.0378193333333333,0.0137834666666666
772.25,0.0387186666666666,0.0150046666666666
772.5,0.0390026666666666,0.0159797333333333
772.75,0.0377719999999999,0.0157903999999999
773,0.0342693333333332,0.0136698666666666
773.25,0.0344586666666666,0.0136651333333333
773.5,0.0354526666666666,0.0148153333333333
773.75,0.03408,0.0107020666666666
774,0.0272639999999999,0.00381506666666664
774.25,0.0254653333333333,0.00354999999999996
774.5,0.0252286666666666,0.0035358
774.75,0.0244713333333333,0.00227199999999996
775,0.0245186666666666,0.00222466666666657
775.25,0.0250393333333333,0.00212526666666661
775.5,0.0248026666666666,0.00224833333333332
775.75,0.0246133333333333,0.00195013333333332
776,0.0259386666666666,0.00292046666666664
776.25,0.026128,0.00360679999999993
776.5,0.0262226666666666,0.00388464666666661
776.75,0.0246133333333333,0.00199746666666661
777,0.02485,0.00207793333333332
777.25,0.0259386666666666,0.00337486666666657
777.5,0.0258439999999999,0.00333131999999989
777.75,0.0248973333333332,0.00126853333333332
778,0.0250393333333333,0.00148957999999993
778.25,0.0263646666666666,0.00287455333333332
778.5,0.026838,0.00343782
778.75,0.0251813333333333,0.00134426666666664
779,0.0263646666666666,0.00229093333333332
779.25,0.0260333333333333,0.00221188666666657
779.5,0.0267433333333333,0.00298294666666657
779.75,0.0253233333333332,0.00118522666666657
780,0.0252286666666666,0.00114073333333332
780.25,0.0261753333333332,0.00197853333333325
780.5,0.0254653333333333,0.00131113333333332
780.75,0.024282,3.31333333333333e-05
781,0.0255126666666666,0.00179866666666657
781.25,0.02556,0.00175606666666657
781.5,0.0250393333333333,0.00116913333333325
781.75,0.024708,0.000539599999999929
782,0.02556,0.00158566666666657
782.25,0.0270746666666666,0.00322813333333332
782.5,0.0269326666666666,0.00266486666666664
782.75,0.0256546666666666,0.00159986666666664
783,0.026554,0.00292519999999993
783.25,0.0259859999999999,0.00223886666666664
783.5,0.0268853333333333,0.00287786666666664
783.75,0.026412,0.00236666666666664
784,0.0256546666666666,0.00163536666666661
784.25,0.0266486666666666,0.00269799999999996
784.5,0.02556,0.00181759999999993
784.75,0.02556,0.00159986666666664
785,0.0253706666666666,0.00157146666666661
785.25,0.0250866666666666,0.00100346666666664
785.5,0.0250393333333333,0.000496999999999929
785.75,0.0257966666666666,0.00187439999999989
786,0.0266486666666666,0.00266723333333329
786.25,0.0249919999999999,0.00094761333333325
786.5,0.0259386666666666,0.00167465333333329
786.75,0.0335197525377229,0.00802198320987649
787,0.0256546666666666,0.00194066666666664
787.25,0.0256546666666666,0.00158613999999996
787.5,0.026838,0.00273018666666661
787.75,0.0355946666666666,0.0138592
788,0.0380086666666666,0.0129977333333333
788.25,0.0373459999999999,0.0118711999999999
788.5,0.0395706666666666,0.0139822666666666
788.75,0.0389553333333333,0.0133432666666666
789,0.0390026666666666,0.0134994666666666
789.25,0.0385766666666666,0.0129267333333333
789.5,0.0386239999999999,0.0127421333333333
789.75,0.0399966666666666,0.0145076666666666
790,0.0381979999999999,0.0128462666666666
790.25,0.0386713333333333,0.0131065999999999
790.5,0.0383873333333333,0.0129882666666666
790.75,0.0378193333333333,0.0125338666666666
791,0.0389553333333333,0.0138544666666666
791.25,0.0385766666666666,0.0132864666666666
791.5,0.0380086666666666,0.012567
791.75,0.0387659999999999,0.0137929333333333
792,0.0378666666666666,0.0129409333333333
792.25,0.0377719999999999,0.0130971333333332
792.5,0.0374406666666666,0.0134758
792.75,0.0351213333333333,0.0146307333333332
793,0.0339853333333333,0.0132722666666666
793.25,0.0335119999999999,0.012496
793.5,0.0348846666666666,0.0136698666666666
793.75,0.0382926666666666,0.0144650666666666
794,0.0394759999999999,0.0153833333333333
794.25,0.0390026666666666,0.0143845999999999
794.5,0.0385766666666666,0.0141432
794.75,0.0386713333333333,0.0145455333333332
795,0.038482,0.0142189333333333
795.25,0.0382926666666666,0.0139018
795.5,0.0392866666666666,0.0152460666666666
795.75,0.0387659999999999,0.0149715333333333
796,0.038056,0.0135657333333332
796.25,0.0380086666666666,0.0129740666666666
796.5,0.0392866666666666,0.0151513999999999
796.75,0.0398546666666666,0.0157477999999999
797,0.0381979999999999,0.0136083333333333
797.25,0.0375353333333333,0.0127231999999999
797.5,0.0375826666666666,0.0128509999999999
797.75,0.0371093333333333,0.0128652
798,0.0286366666666666,0.00399019999999993
798.25,0.025702,0.00293466666666661
798.5,0.0257493333333332,0.00356893333333332
798.75,0.0263173333333333,0.00409906666666657
799,0.0711372562789563,0.0157883086076566
799.25,0.096347216595485,0.00431351381330077
799.5,0.0667038791732908,-0.00289192368839417
799.75,0.18744,0.0181949333333333
800,0.353727325,0.0598542622222221
800.25,0.230802094266278,0.03792083090379
800.5,0.274679792155548,0.0607851873952396
800.75,0.324440842666667,0.0564574429866666
801,0.273177105788423,0.0284520099800398
801.25,0.0242607559055118,0.00231730417031194
801.5,0.491108860689655,0.0661888310804597
801.75,0.254585371408238,0.0298593623343119
802,0.265296943643512,0.032472726256007
802.25,0.27406,0.0331333333333333
802.5,0.407554588621255,0.0624948338081671
802.75,0.275006666666667,0.031098
803,0.27832,0.0302459999999999
803.25,0.270273333333333,0.03124
803.5,0.27548,0.0346953333333332
803.75,0.266486666666667,0.0339379999999999
804,0.257493333333333,0.0354053333333333
804.25,0.333660090774199,0.0705439317447848
804.5,0.235812683319903,0.0381836970185334
804.75,0.250995415409926,0.0433451593090211
805,0.150188666666667,0.00269799999999996
805.25,0.173972001158413,0.0130856790230717
805.5,0.0914953333333333,0.00144366666666661
805.75,0.08094,0.000820286666666643
806,0.0808926666666666,-4.73333333333329e-05
806.25,0.0956606666666666,0.000922999999999929
806.5,0.0509779999999999,0.00236666666666664
806.75,0.0499366666666666,0.00269799999999996
807,0.427757032329989,0.0587750506131549
807.25,0.0454873333333333,0.00229566666666661
807.5,0.322308656582633,0.0542686610644257
807.75,0.0449193333333332,0.00326599999999993
808,0.0667386414654065,0.00402896628164738
808.25,0.303916201077199,0.0433423260323159
808.5,0.0346953333333332,0.00227199999999996
808.75,0.0423633333333332,0.00272166666666661
809,0.0320337914782846,0.000689154267707901
809.25,0.282437732347397,0.0421295079019863
809.5,0.0420793333333333,0.00322008666666661
809.75,0.0381979999999999,0.00285277999999993
810,0.0371093333333333,0.00237045333333325
810.25,0.028258,0.00167559999999996
810.5,0.029394,0.00302933333333329
810.75,0.0307193333333333,0.00452033333333329
811,0.0270746666666666,0.00323049999999996
811.25,0.0262226666666666,0.00187913333333329
811.5,0.0278793333333332,0.00275953333333332
811.75,0.0353106666666666,0.0126096
812,0.041038,0.016188
812.25,0.03976,0.0144224666666666
812.5,0.0390973333333333,0.0135136666666666
812.75,0.102269140065147,0.0162254380456026
813,0.0386239999999999,0.0124344666666666
813.25,0.0393813333333332,0.0132296666666666
813.5,0.0397126666666666,0.0139159999999999
813.75,0.0413693333333333,0.0157998666666666
814,0.040612,0.0152129333333333
814.25,0.0387659999999999,0.0132249333333332
814.5,0.0408013333333333,0.0156294666666666
814.75,0.0403753333333333,0.0152744666666666
815,0.0404226666666666,0.0151419333333333
815.25,0.0402806666666666,0.0149336666666666
815.5,0.0398073333333332,0.0147585333333332
815.75,0.0402806666666666,0.0147159333333332
816,0.0383873333333333,0.0134332
816.25,0.038056,0.0135420666666666
816.5,0.0394759999999999,0.0154022666666666
816.75,0.0388133333333333,0.0147159333333332
817,0.0378193333333333,0.0135231333333332
817.25,0.0382926666666666,0.0142615333333333
817.5,0.0391446666666666,0.0153691333333333
817.75,0.0388133333333333,0.0149809999999999
818,0.0380086666666666,0.0138828666666666
818.25,0.0379613333333333,0.0139917333333332
818.5,0.0388606666666666,0.0154638
818.75,0.0382926666666666,0.0146827999999999
819,0.0390026666666666,0.0155016666666666
819.25,0.038908,0.0155537333333333
819.5,0.03976,0.0165997999999999
819.75,0.038908,0.0152791999999999
820,0.0384346666666666,0.0141858
820.25,0.038908,0.0152082
820.5,0.0392393333333333,0.0158661333333333
820.75,0.039334,0.0159134666666666
821,0.0387659999999999,0.0151987333333333
821.25,0.03834,0.0147964
821.5,0.0381979999999999,0.0146212666666666
821.75,0.0344586666666666,0.0111422666666666
822,0.0258913333333333,0.00255315999999996
822.25,0.0258439999999999,0.00326457999999996
822.5,0.0254653333333333,0.0026412
822.75,0.0382926666666666,0.0125291333333333
823,0.0348373333333333,0.00308802666666661
823.25,0.0664296862310815,-0.00208036028054624
823.5,0.223798878266412,0.0134138277246653
823.75,0.195013333333333,0.0346006666666666
824,0.20022,0.0317133333333333
824.25,0.361795189930321,0.0967802133063609
824.5,0.351832819728931,0.0445877684703964
824.75,0.279266666666667,0.0378666666666666
825,0.25844,0.0211106666666666
825.25,0.27832,0.0339379999999999
825.5,0.277846666666667,0.0242346666666666
825.75,0.371133535557802,0.0331785608358611
826,0.30388,0.033796
826.25,0.307193333333333,0.0346006666666666
826.5,0.297253333333333,0.0341273333333333
826.75,0.292046666666667,0.036352
827,0.274097124183007,0.0406069813604453
827.25,0.246137396280401,0.0330069305356859
827.5,0.270136549566891,0.0506917107795957
827.75,0.235256160458453,0.038742581980261
828,0.25844,0.033228
828.25,0.26128,0.0324706666666666
828.5,0.26412,0.0345533333333333
828.75,0.213473333333333,0.019738
829,0.459946863313142,0.0662739468001053
829.25,0.151466666666667,0.003834
829.5,0.097128,0.00436886666666664
829.75,0.0863359999999999,0.00264593333333329
830,0.0793306666666666,0.00188859999999996
830.25,0.0745973333333333,0.00237613333333332
830.5,0.0839693333333333,0.00779154
830.75,0.07597,0.00167086666666657
831,0.0761119999999999,0.00177973333333332
831.25,0.0764906666666666,0.00223886666666664
831.5,0.069154,0.00201166666666657
831.75,0.0703373333333333,0.00278793333333325
832,0.0719466666666666,0.00183653333333329
832.25,0.0757806666666666,0.00217733333333329
832.5,0.0697693333333333,0.0032802
832.75,0.0646099999999999,0.00256073333333329
833,0.0651306666666666,0.0030246
833.25,0.06603,0.00441146666666664
833.5,0.063474,0.0011928
833.75,0.0452033333333333,0.00189049333333332
834,0.0324233333333333,0.00487533333333325
834.25,0.225574573333333,0.0282204173333333
834.5,0.199897688424717,0.0346141127937337
834.75,0.317480876712329,0.0461531901369862
835,0.0258913333333333,0.00150993333333325
835.25,0.0264119999999999,0.00267906666666661
835.5,0.0288733333333333,0.00536286666666661
835.75,0.037062,0.0147964
836,0.0382453333333333,0.0133006666666666
836.25,0.0376773333333333,0.0122735333333333
836.5,0.0410853333333332,0.0150993333333333
836.75,0.0408013333333333,0.0151513999999999
837,0.041038,0.0152176666666666
837.25,0.040186,0.0141195333333332
837.5,0.0410853333333332,0.0154306666666666
837.75,0.0411799999999999,0.0153407333333333
838,0.0389553333333333,0.0131397333333332
838.25,0.0392866666666666,0.0133669333333333
838.5,0.0409433333333333,0.0153928
838.75,0.0404226666666666,0.0150094
839,0.0405173333333333,0.0148579333333333
839.25,0.0416533333333333,0.0159892
839.5,0.041322,0.0158424666666666
839.75,0.0424579999999999,0.0173997333333333
840,0.0400913333333333,0.0154022666666666
840.25,0.0406593333333332,0.0164009999999999
840.5,0.0413693333333333,0.0176979333333332
840.75,0.0395706666666666,0.0156247333333333
841,0.0399966666666666,0.0158755999999999
841.25,0.0407539999999999,0.0167607333333332
841.5,0.0412746666666666,0.0176269333333333
841.75,0.0406593333333332,0.0170257999999999
842,0.0399966666666666,0.0158945333333333
842.25,0.0398073333333332,0.0158329999999999
842.5,0.0398073333333332,0.0159276666666666
842.75,0.0390499999999999,0.015052
843,0.0398546666666666,0.0155773999999999
843.25,0.041322,0.0176411333333333
843.5,0.0395706666666666,0.0160223333333333
843.75,0.0385766666666666,0.0142189333333333
844,0.0381506666666666,0.0133858666666666
844.25,0.0399493333333333,0.0157051999999999
844.5,0.039618,0.0153643999999999
844.75,0.0388133333333333,0.0144982
845,0.0398073333333332,0.0154638
845.25,0.03976,0.0156720666666666
845.5,0.039192,0.0154543333333333
845.75,0.0352633333333333,0.0110334
846,0.0276426666666666,0.00363993333333325
846.25,0.0273586666666666,0.00547788666666661
846.5,0.0275479999999999,0.00570461333333329
846.75,0.0272639999999999,0.00388417333333332
847,0.032518,0.00511057999999993
847.25,0.0763486666666666,0.0101813999999999
847.5,0.206363321332133,0.0347259657965797
847.75,0.206650265880812,0.038882259593975
848,0.240481875217846,0.037756128732427
848.25,0.508680487652391,0.0567465557986871
848.5,0.533528803125595,0.0605742853058891
848.75,0.346950458586392,0.0439875278584631
849,0.345183919885551,0.0443807896995708
849.25,0.330605623582766,0.0344419229024942
849.5,0.338708411867365,0.0372719022687608
849.75,0.339403406593407,0.0384013339438339
850,0.513017290673928,0.0519912684365782
850.25,0.515780537634409,0.0520381612903226
850.5,0.261542468059062,0.0354681692295921
850.75,0.319651227436823,0.0412902166064981
851,0.323740893547428,0.0562505575379125
851.25,0.297739920848268,0.0325059758064515
851.5,0.301538183333333,0.038191739090909
851.75,0.392576438015243,0.0666764324156167
852,0.254490222957536,0.0351529485543212
852.25,0.266359919143876,0.0453710768133174
852.5,0.189929586563307,0.00776337185077516
852.75,0.254653333333333,0.041748
853,0.361084633191773,0.0665927026396869
853.25,0.354816490049108,0.0535536355647453
853.5,0.364358611038223,0.0344064025190238
853.75,0.0984799101418811,0.00858579034857234
854,0.0885884693187013,0.00237121170553264
854.25,0.0795821675599435,0.00768314132581092
854.5,0.073076464367816,0.00302954007662826
854.75,0.0746222353288115,0.0058746166322618
855,0.0484219999999999,0.00342693333333325
855.25,0.0463393333333333,0.00142946666666664
855.5,0.0463866666666666,0.00168033333333325
855.75,0.0447773333333333,0.00250866666666661
856,0.0436886666666666,0.00312399999999996
856.25,0.455017051705171,0.0304932893289329
856.5,0.0403753333333333,0.000567999999999964
856.75,0.041464,0.00217733333333329
857,0.042316,0.00331333333333332
857.25,0.04189,0.00284473333333332
857.5,0.0424106666666666,0.00354053333333329
857.75,0.0375826666666666,0.00337013333333329
858,0.0305773333333333,0.00312684
858.25,0.0297253333333333,0.00190279999999993
858.5,0.0296306666666666,0.00166234666666657
858.75,0.0283999999999999,0.00195013333333332
859,0.0274533333333332,0.00244003333333332
859.25,0.0266486666666666,0.00087519333333325
859.5,0.0328966666666666,0.00931993333333332
859.75,0.0390026666666666,0.0142473333333333
860,0.0394759999999999,0.0128273333333333
860.25,0.0392866666666666,0.0125812
860.5,0.0402806666666666,0.0140722
860.75,0.0399966666666666,0.0134947333333333
861,0.0392866666666666,0.0124818
861.25,0.0394286666666666,0.0126805999999999
861.5,0.0403753333333333,0.0137976666666666
861.75,0.0414166666666666,0.0149194666666666
862,0.0405173333333333,0.0140674666666666
862.25,0.0399966666666666,0.0137266666666666
862.5,0.0405646666666666,0.0147348666666666
862.75,0.0392393333333333,0.0136036
863,0.0395706666666666,0.013845
863.25,0.041464,0.015762
863.5,0.0399966666666666,0.0142804666666666
863.75,0.038482,0.0125622666666666
864,0.0385766666666666,0.0137219333333333
864.25,0.037914,0.0134568666666666
864.5,0.0389553333333333,0.0146733333333333
864.75,0.0377246666666666,0.0135373333333333
865,0.0378193333333333,0.0131823333333332
865.25,0.039618,0.015478
865.5,0.0369771958421922,0.0148620796125678
865.75,0.0392866666666666,0.0150709333333333
866,0.0390973333333333,0.0150046666666666
866.25,0.0394759999999999,0.0152886666666666
866.5,0.0399493333333333,0.0158614
866.75,0.0376773333333333,0.0136177999999999
867,0.0382926666666666,0.0139538666666666
867.25,0.0388133333333333,0.0148626666666666
867.5,0.038056,0.0140296
867.75,0.038482,0.0140863999999999
868,0.0385293333333332,0.0141148
868.25,0.038482,0.0150046666666666
868.5,0.039334,0.0154969333333333
868.75,0.0383873333333333,0.0139585999999999
869,0.038482,0.0144887333333333
869.25,0.03976,0.0160033999999999
869.5,0.0382453333333333,0.0140201333333333
869.75,0.0385766666666666,0.0143183333333333
870,0.0323286666666666,0.00831173333333329
870.25,0.0279739999999999,0.00388038666666661
870.5,0.02769,0.00351213333333325
870.75,0.030672,0.00213946666666657
871,0.0394286666666666,0.00257587999999993
871.25,0.095566,0.0223413333333332
871.5,0.165193333333333,0.0394286666666666
871.75,0.167086666666667,0.0343166666666666
872,0.21016,0.034222
872.25,0.216786666666667,0.030814
872.5,0.24708,0.0363046666666666
872.75,0.266486666666667,0.0319026666666666
873,0.273586666666667,0.0284946666666666
873.25,0.27406,0.0267906666666666
873.5,0.268853333333333,0.0344113333333333
873.75,0.277846666666667,0.0447773333333333
874,0.267433333333333,0.032518
874.25,0.27406,0.0311926666666666
874.5,0.26412,0.0340326666666666
874.75,0.260333333333333,0.0288259999999999
875,0.256073333333333,0.0328966666666666
875.25,0.238086666666667,0.0309559999999999
875.5,0.233826666666667,0.0328019999999999
875.75,0.344232078022402,0.0490884374275782
876,0.253233333333333,0.0958973333333333
876.25,0.253208421052631,0.0517670549707602
876.5,0.263545558185404,0.0332524088757396
876.75,0.366833333333333,0.0535339999999999
877,0.294554472727273,0.0523495048484848
877.25,0.305398931998331,0.0452407734668335
877.5,0.0912113333333333,0.000875666666666643
877.75,0.0968913333333332,0.000965599999999929
878,0.0936253333333333,0.00084348
878.25,0.0905486666666666,-0.000108866666666643
878.5,0.0931519999999999,0.00471582
878.75,0.0789046666666666,-0.000508833333333251
879,0.0797566666666666,0.00137266666666657
879.25,0.0776266666666666,-0.00034695333333325
879.5,0.0811293333333332,0.000567999999999964
879.75,0.0837326666666666,0.00380086666666657
880,0.076822,0.00181286666666664
880.25,0.0658406666666666,0.00137266666666657
880.5,0.16066204508356,0.008485838321026
880.75,0.254237682198327,0.0592124731182795
881,0.275214466638334,0.0544238988525287
881.25,0.0539599999999999,0.000709999999999929
881.5,0.0608655520628683,0.00220424312377206
881.75,0.245313443640124,0.0347132730093071
882,0.138478955954323,0.00379168569874927
882.25,0.237186583710407,0.0116259528280542
882.5,0.194316262219666,0.0709656227717078
882.75,0.224967402106937,0.0144405391373484
883,0.0314766666666666,0.0019596
883.25,0.0317133333333333,0.00220573333333332
883.5,0.032944,0.00447583999999993
883.75,0.040896,0.0125480666666666
884,0.0453453333333333,0.0143751333333332
884.25,0.0447773333333333,0.0137787333333332
884.5,0.0449193333333332,0.0136793333333333
884.75,0.0445879999999999,0.0131491999999999
885,0.0442093333333333,0.0127752666666666
885.25,0.0445879999999999,0.0137598
885.5,0.0458186666666666,0.0150851333333333
885.75,0.045298,0.0136367333333333
886,0.0447773333333333,0.0136367333333333
886.25,0.0442093333333333,0.0131586666666666
886.5,0.0446826666666666,0.0135751999999999
886.75,0.0446353333333333,0.0137881999999999
887,0.045298,0.0144934666666666
887.25,0.045298,0.0147774666666666
887.5,0.0446353333333333,0.0135420666666666
887.75,0.0449193333333332,0.0137124666666666
888,0.0456766666666666,0.0155063999999999
888.25,0.0454399999999999,0.0160885999999999
888.5,0.0454399999999999,0.0146401999999999
888.75,0.0445879999999999,0.0141431999999999
889,0.0449666666666666,0.0150567333333333
889.25,0.0437833333333333,0.0133574666666666
889.5,0.0430733333333333,0.0130687333333333
889.75,0.0426,0.0127657999999999
890,0.0427893333333332,0.0128746666666666
890.25,0.044446,0.0148816
890.5,0.0428366666666666,0.0130024666666666
890.75,0.0423633333333332,0.0125527999999999
891,0.0437359999999999,0.0140863999999999
891.25,0.0434993333333333,0.0139822666666666
891.5,0.0429313333333333,0.0131018666666666
891.75,0.0432153333333332,0.0133764
892,0.0458186666666666,0.0158519333333333
892.25,0.0471913333333333,0.0166187333333333
892.5,0.0453453333333333,0.0147064666666666
892.75,0.0449193333333332,0.0143940666666666
893,0.0457713333333332,0.0152791999999999
893.25,0.0456766666666666,0.0151656
893.5,0.0453453333333333,0.0146733333333333
893.75,0.0434519999999999,0.0130072
894,0.0346953333333332,0.00457239999999996
894.25,0.0335593333333333,0.00445879999999993
894.5,0.0353106666666666,0.00401765333333329
894.75,0.0368726666666666,0.00436886666666664
895,0.0377246666666666,0.00383920666666657
895.25,0.108109333333333,0.0280213333333333
895.5,0.13277,0.0351213333333333
895.75,0.169926666666667,0.035074
896,0.1846,0.0381506666666666
896.25,0.21726,0.0426473333333333
896.5,0.220573333333333,0.0304353333333332
896.75,0.222466666666667,0.028542
897,0.259386666666667,0.0558059999999999
897.25,0.2414,0.0328966666666666
897.5,0.235246666666667,0.0310506666666666
897.75,0.23998,0.025702
898,0.230986666666667,0.0294413333333333
898.25,0.385142384808712,0.0540052052499301
898.5,0.26426401308615,0.0340512231915666
898.75,0.359092910887499,0.0483376058380926
899,0.223413333333333,0.0287313333333333
899.25,0.243766666666667,0.0483273333333332
899.5,0.35642,0.0561846666666666
899.75,0.340339473881999,0.058989006576475
900,0.20732,0.0296779999999999
900.25,0.262775164520744,0.0305860822126847
900.5,0.357190729311463,0.104188483180428
900.75,0.172766666666667,0.0172293333333332
901,0.286636306332842,0.0404690798232695
901.25,0.276983403614458,0.030491848192771
901.5,0.0905486666666666,0.00201166666666657
901.75,0.34635034590215,0.05116863134933
902,0.34215460727351,0.0479775739186571
902.25,0.432526926893814,0.0526122917631491
902.5,0.275973293172691,0.0376455876840695
902.75,0.327111410299562,0.0111716066419835
903,0.0380086666666666,0.00029583333333325
903.25,0.039334,-0.000672133333333321
903.5,0.042316,0.001278
903.75,0.03763,0.000771533333333286
904,0.0362099999999999,9.46666666666667e-05
904.25,0.0374406666666666,0.00132533333333329
904.5,0.0367306666666666,0.00102713333333329
904.75,0.0322813333333333,0.00124013333333329
905,0.0319026666666666,0.000686333333333286
905.25,0.0314293333333333,0.000667399999999929
905.5,0.0322339999999999,0.00169453333333332
905.75,0.031666,0.00120226666666657
906,0.0311453333333333,0.000918266666666643
906.25,0.03195,0.0020874
906.5,0.028116,0.00108866666666664
906.75,0.0283053333333332,0.00212526666666661
907,0.0252286666666666,0.00110191999999993
907.25,0.0257966666666666,0.00212526666666661
907.5,0.0303406666666666,0.00780053333333329
907.75,0.0343166666666666,0.0113221333333333
908,0.0373459999999999,0.0123208666666666
908.25,0.0381506666666666,0.0132154666666666
908.5,0.038908,0.0140154
908.75,0.038482,0.0132675333333332
909,0.0382453333333333,0.0130876666666666
909.25,0.0382453333333333,0.0135846666666666
909.5,0.0387186666666666,0.0140106666666666
909.75,0.0387186666666666,0.0139159999999999
910,0.0390499999999999,0.0147348666666666
910.25,0.0387186666666666,0.0147443333333333
910.5,0.0374406666666666,0.0126569333333333
910.75,0.0383873333333333,0.0140201333333333
911,0.0392393333333333,0.0145644666666666
911.25,0.0395706666666666,0.0153454666666666
911.5,0.0389553333333333,0.0142283999999999
911.75,0.0398073333333332,0.0152934
912,0.0375826666666666,0.0136698666666666
912.25,0.0365886666666666,0.0130308666666666
912.5,0.0357366666666666,0.012354
912.75,0.0370146666666666,0.0136225333333333
913,0.037204,0.0141715999999999
913.25,0.03621,0.0128036666666666
913.5,0.0365886666666666,0.0133195999999999
913.75,0.0361626666666666,0.0130782
914,0.0368726666666666,0.0137219333333333
914.25,0.0371566666666666,0.0139302
914.5,0.037204,0.0143278
914.75,0.0381979999999999,0.0153643999999999
915,0.0379613333333333,0.0149052666666666
915.25,0.0369673333333333,0.0137503333333333
915.5,0.038056,0.0152886666666666
915.75,0.037204,0.0141858
916,0.0394759999999999,0.0148768666666666
916.25,0.0395706666666666,0.0153833333333333
916.5,0.0394286666666666,0.0154969333333333
916.75,0.0403279999999999,0.0164104666666666
917,0.0397126666666666,0.0156058
917.25,0.0397126666666666,0.0159607999999999
917.5,0.0405173333333333,0.0165997999999999
917.75,0.0378666666666666,0.0136603999999999
918,0.030388,0.00692013333333325
918.25,0.0286366666666666,0.00720886666666657
918.5,0.0272639999999999,0.0049416
918.75,0.0292519999999999,0.00477877333333332
919,0.02769,0.00374406666666661
919.25,0.0293466666666666,0.00452506666666657
919.5,0.0289206666666666,0.00408013333333332
919.75,0.0280686666666666,0.00330386666666664
920,0.0292046666666666,0.00476173333333332
920.25,0.02911,0.00456293333333329
920.5,0.028542,0.00362573333333329
920.75,0.029536,0.00439726666666657
921,0.0299146666666666,0.00478918666666657
921.25,0.0297253333333333,0.00443513333333329
921.5,0.0305299999999999,0.00529801999999993
921.75,0.0300566666666666,0.00502395999999996
922,0.029536,0.00481853333333329
922.25,0.0288259999999999,0.00391919999999989
922.5,0.0272639999999999,0.00241399999999993
922.75,0.028258,0.00288733333333332
923,0.0279739999999999,0.00257587999999993
923.25,0.0269326666666666,0.00119043333333325
923.5,0.0300093333333332,0.00402333333333325
923.75,0.0287313333333333,0.00301039999999993
924,0.030388,0.00435939999999996
924.25,0.0294413333333333,0.00380086666666657
924.5,0.0304353333333332,0.00536286666666661
924.75,0.0287786666666666,0.00424579999999993
925,0.0272639999999999,0.00286366666666657
925.25,0.0267433333333333,0.00230513333333329
925.5,0.0283526666666666,0.00418426666666657
925.75,0.0280213333333333,0.00410853333333325
926,0.0265066666666666,0.00200219999999989
926.25,0.0268853333333333,0.00243482666666664
926.5,0.026554,0.00227199999999996
926.75,0.0275479999999999,0.00305299999999993
927,0.0266959999999999,0.0016188
927.25,0.0266959999999999,0.00199746666666661
927.5,0.0277846666666666,0.00308944666666657
927.75,0.02769,0.00317606666666664
928,0.0278793333333332,0.00314293333333332
928.25,0.0275479999999999,0.00266344666666657
928.5,0.0277373333333333,0.00328777333333332
928.75,0.039797512565751,0.00796546468731735
929,0.0411195895079456,0.0122238210989853
929.25,0.0413060215799615,0.0110707005818882
929.5,0.306753700107875,-0.00308587802948579
929.75,0.0266486666666666,0.00179866666666657
930,0.0283526666666666,0.00425053333333332
930.25,0.0287786666666666,0.00473806666666657
930.5,0.0275006666666666,0.00308613333333325
930.75,0.028684,0.00398073333333325
931,0.0282106666666666,0.00345201999999996
931.25,0.028684,0.00427704
931.5,0.0326599999999999,0.00806086666666657
931.75,0.0387659999999999,0.0145455333333332
932,0.0393813333333332,0.0136462
932.25,0.04047,0.0146401999999999
932.5,0.039618,0.0137314
932.75,0.03976,0.0139538666666666
933,0.040612,0.0152271333333332
933.25,0.03976,0.0138781333333333
933.5,0.0399966666666666,0.0140911333333333
933.75,0.039618,0.0139065333333332
934,0.0403279999999999,0.0149809999999999
934.25,0.040896,0.0151277333333333
934.5,0.0404226666666666,0.0146212666666666
934.75,0.040612,0.0151892666666666
935,0.0415113333333332,0.0165950666666666
935.25,0.0405173333333333,0.015265
935.5,0.0404226666666666,0.0152365999999999
935.75,0.0405173333333333,0.0154969333333333
936,0.0399966666666666,0.0152413333333333
936.25,0.0399493333333333,0.0150993333333333
936.5,0.0391446666666666,0.0146307333333332
936.75,0.0392393333333333,0.0150756666666666
937,0.0390026666666666,0.0143609333333333
937.25,0.0395233333333333,0.0153407333333333
937.5,0.040044,0.0162921333333333
937.75,0.0402333333333333,0.0164104666666666
938,0.038908,0.0143704
938.25,0.0394759999999999,0.0150803999999999
938.5,0.0396653333333333,0.0155063999999999
938.75,0.0388133333333333,0.0145455333333332
939,0.0378193333333333,0.0125906666666666
939.25,0.0389553333333333,0.0140958666666666
939.5,0.0390026666666666,0.0144461333333333
939.75,0.0381506666666666,0.0131776
940,0.0381033333333332,0.0133195999999999
940.25,0.0382926666666666,0.0137408666666666
940.5,0.0398073333333332,0.0155158666666666
940.75,0.0404226666666666,0.0161406666666666
941,0.0404226666666666,0.0150188666666666
941.25,0.0399019999999999,0.0154732666666666
941.5,0.039334,0.0149478666666666
941.75,0.0389553333333333,0.0149194666666666
942,0.0291573333333332,0.00536286666666661
942.25,0.026554,0.00367779999999996
942.5,0.0276426666666666,0.00569926466666664
942.75,0.026554,0.0046434
943,0.0265066666666666,0.00386808
943.25,0.0265066666666666,0.00319694066666664
943.5,0.026128,0.00350739999999996
943.75,0.0268853333333333,0.00426473333333329
944,0.0266959999999999,0.00358313333333329
944.25,0.026554,0.00328067333333329
944.5,0.027406,0.00426426
944.75,0.026838,0.00375826666666657
945,0.028116,0.00504573333333325
945.25,0.027832,0.00465286666666657
945.5,0.027406,0.00433005333333325
945.75,0.0267906666666666,0.00351449999999989
946,0.026838,0.00331901333333329
946.25,0.0270273333333333,0.00402096666666661
946.5,0.0273113333333333,0.00443513333333329
946.75,0.0272639999999999,0.00397741999999993
947,0.02698,0.00343639999999993
947.25,0.0274533333333332,0.00414166666666657
947.5,0.0273113333333333,0.00414639999999996
947.75,0.0280213333333333,0.00486681333333325
948,0.0285893333333333,0.00542662466666664
948.25,0.0275006666666666,0.0045156
948.5,0.0272166666666666,0.00397126666666657
948.75,0.027832,0.00434993333333329
949,0.0277373333333333,0.00440341999999993
949.25,0.0272166666666666,0.00385293333333325
949.5,0.0276426666666666,0.00443986666666657
949.75,0.0270273333333333,0.00329392666666657
950,0.0285893333333333,0.00496716
950.25,0.028116,0.00443892
950.5,0.0276426666666666,0.00347947333333332
950.75,0.0290153333333333,0.00496999999999993
951,0.0279266666666666,0.00415586666666664
951.25,0.02698,0.00311926666666657
951.5,0.0272639999999999,0.00308423999999989
951.75,0.0266013333333332,0.00257019999999996
952,0.0273113333333333,0.00339522
952.25,0.0276426666666666,0.00385293333333325
952.5,0.0266486666666666,0.00275385333333325
952.75,0.0274533333333332,0.00342409333333332
953,0.0270746666666666,0.00316991333333329
953.25,0.0269326666666666,0.00278035999999993
953.5,0.0281633333333333,0.00385245999999996
953.75,0.0270273333333333,0.00297726666666661
954,0.0261753333333332,0.00210822666666661
954.25,0.0267906666666666,0.00252759999999996
954.5,0.027406,0.00307666666666657
954.75,0.0280686666666666,0.00432437333333329
955,0.027406,0.00310033333333332
955.25,0.027832,0.00337439333333329
955.5,0.0327073333333333,0.00984533333333329
955.75,0.0387186666666666,0.0148768666666666
956,0.0390973333333333,0.0131728666666666
956.25,0.0388606666666666,0.0127989333333333
956.5,0.0403279999999999,0.0140248666666666
956.75,0.03834,0.0124723333333333
957,0.0394759999999999,0.0135988666666666
957.25,0.0403279999999999,0.0147869333333333
957.5,0.040186,0.0149715333333333
957.75,0.0394286666666666,0.0141432
958,0.0399019999999999,0.0145266
958.25,0.0394759999999999,0.0143609333333333
958.5,0.0402806666666666,0.0150330666666666
958.75,0.0405173333333333,0.0155916
959,0.0403279999999999,0.0152034666666666
959.25,0.0411799999999999,0.0159513333333332
959.5,0.040186,0.0152365999999999
959.75,0.0394286666666666,0.0142520666666666
960,0.0409433333333333,0.0158471999999999
960.25,0.0402333333333333,0.0160128666666666
960.5,0.040044,0.0160270666666666
960.75,0.04047,0.0161596
961,0.0385293333333332,0.0142615333333333
961.25,0.03976,0.0159134666666666
961.5,0.0398073333333332,0.0158235333333333
961.75,0.0395706666666666,0.0152839333333333
962,0.0408013333333333,0.0168364666666666
962.25,0.039618,0.0156767999999999
962.5,0.0398073333333332,0.0154401333333332
962.75,0.0389553333333333,0.0144887333333333
963,0.0394286666666666,0.0154212
963.25,0.0383873333333333,0.0144461333333333
963.5,0.0387186666666666,0.0144035333333333
963.75,0.0398546666666666,0.0160318
964,0.03976,0.0160933333333333
964.25,0.0398546666666666,0.0161643333333332
964.5,0.0395233333333333,0.0157430666666666
964.75,0.0399019999999999,0.0163063333333333
965,0.0407066666666666,0.0171630666666666
965.25,0.0388606666666666,0.0145786666666666
965.5,0.0400913333333333,0.0160365333333332
965.75,0.0390026666666666,0.0149573333333333
966,0.0301986666666666,0.0069012
966.25,0.0279739999999999,0.00591193333333332
966.5,0.0295833333333332,0.00588684666666661
966.75,0.0316186666666666,0.00622338666666661
967,0.03408,0.00560426666666664
967.25,0.147869333333333,0.0558059999999999
967.5,0.199746666666667,0.0654146666666666
967.75,0.223886666666667,0.064468
968,0.251813333333333,0.0578886666666666
968.25,0.27264,0.0569893333333333
968.5,0.29536,0.0693433333333333
968.75,0.2911,0.0532973333333333
969,0.305773333333333,0.0682546666666666
969.25,0.309086666666667,0.0612019999999999
969.5,0.317606666666667,0.0631426666666666
969.75,0.321393333333333,0.064326
970,0.317606666666667,0.0584566666666666
970.25,0.3124,0.0526346666666666
970.5,0.302933333333333,0.0505046666666666
970.75,0.364886201395813,0.0390949501495513
971,0.26838,0.03976
971.25,0.24708,0.0331333333333333
971.5,0.272166666666667,0.0510726666666666
971.75,0.250866666666667,0.0355
972,0.253233333333333,0.0349793333333333
972.25,0.266486666666667,0.0453926666666666
972.5,0.189333333333333,0.00773899999999993
972.75,0.18744,0.00638053333333332
973,0.167607333333333,0.00372039999999996
973.25,0.130734666666667,0.00209213333333329
973.5,0.0931993333333333,0.00361626666666661
973.75,0.0841113333333332,0.00520193333333329
974,0.0745973333333333,0.00656432866666657
974.25,0.0802773333333332,0.00340799999999989
974.5,0.0794253333333333,0.003195
974.75,0.0804193333333333,0.00297253333333332
975,0.0787626666666666,0.00177973333333332
975.25,0.0796619999999999,0.00327073333333332
975.5,0.0794253333333333,0.00497946666666661
975.75,0.070716,0.00300566666666664
976,0.0679233333333332,0.00202113333333325
976.25,0.0675446666666666,0.00288259999999993
976.5,0.0662193333333332,0.00294886666666657
976.75,0.0476173333333333,0.00247553333333329
977,0.0468126666666666,0.00144366666666661
977.25,0.0428839999999999,0.00239506666666657
977.5,0.0426946666666666,0.00323759999999989
977.75,0.042316,0.00359733333333325
978,0.0405173333333333,0.00287313333333325
978.25,0.040044,0.00357366666666661
978.5,0.0414166666666666,0.00503153333333329
978.75,0.0304353333333332,0.0047712
979,0.027832,0.00348373333333332
979.25,0.0279266666666666,0.0034506
979.5,0.0316186666666666,0.0079662
979.75,0.0372513333333332,0.0140532666666666
980,0.0385766666666666,0.0128935999999999
980.25,0.0394286666666666,0.0133716666666666
980.5,0.0404226666666666,0.0148721333333333
980.75,0.0393813333333332,0.0137550666666666
981,0.038482,0.0125764666666666
981.25,0.039334,0.0129835333333333
981.5,0.0399493333333333,0.0131586666666666
981.75,0.039192,0.0133338
982,0.041038,0.0150378
982.25,0.041322,0.0147916666666666
982.5,0.0406593333333332,0.0152271333333332
982.75,0.0399019999999999,0.0141574
983,0.0378666666666666,0.0117718
983.25,0.0390973333333333,0.0130450666666666
983.5,0.0390973333333333,0.0130545333333333
983.75,0.0383873333333333,0.0125812
984,0.03834,0.0130024666666666
984.25,0.0381033333333332,0.0131255333333333
984.5,0.0382926666666666,0.0133858666666666
984.75,0.0393813333333332,0.0147727333333333
985,0.0396653333333333,0.0153596666666666
985.25,0.0381506666666666,0.0137598
985.5,0.0381979999999999,0.0137503333333333
985.75,0.0388133333333333,0.0146165333333333
986,0.0377719999999999,0.0130971333333332
986.25,0.0385766666666666,0.0136935333333333
986.5,0.0390973333333333,0.0144224666666666
986.75,0.037488,0.0126474666666666
987,0.037488,0.0123066666666666
987.25,0.0363046666666666,0.0113032
987.5,0.0371093333333333,0.0124534
987.75,0.0384346666666666,0.0140769333333332
988,0.0382926666666666,0.0136888
988.25,0.0377246666666666,0.0132817333333333
988.5,0.0378193333333333,0.0132343999999999
988.75,0.0386239999999999,0.0143798666666666
989,0.0384346666666666,0.0143845999999999
989.25,0.0380086666666666,0.0133243333333333
989.5,0.038056,0.0138118666666666
989.75,0.0362099999999999,0.0118096666666666
990,0.0297726666666666,0.00581253333333325
990.25,0.0264593333333333,0.00434993333333329
990.5,0.0292993333333333,0.00489426666666661
990.75,0.0347899999999999,0.00652395333333325
991,0.0576046666666666,0.0114641333333333
991.25,0.138118666666667,0.0330859999999999
991.5,0.212053333333333,0.0377246666666666
991.75,0.216313333333333,0.0350266666666666
992,0.266013333333333,0.040186
992.25,0.30388,0.0336539999999999
992.5,0.33654,0.04899
992.75,0.323362763734412,0.0523494223120997
993,0.314766666666667,0.0364939999999999
993.25,0.341273333333333,0.0382926666666666
993.5,0.359351092694905,0.0546232877532228
993.75,0.358745572049782,0.0496761629929524
994,0.350266666666667,0.0355
994.25,0.35358,0.036636
994.5,0.505086497064579,0.102392652315721
994.75,0.346953333333333,0.0391446666666666
995,0.342693333333333,0.039192
995.25,0.439096745802825,0.0558443539679017
995.5,0.427422571881367,0.0651881910799184
995.75,0.422717156819191,0.0675470848511772
996,0.431690745365115,0.0638805293984108
996.25,0.350466442315183,0.0657064320324063
996.5,0.347032241009764,0.0711201876637295
996.75,0.276423183713515,0.0546661339220014
997,0.315951408730159,0.0654132931547619
997.25,0.205437399848828,0.0277036311413453
997.5,0.111186,0.00591666666666661
997.75,0.110381333333333,0.00668583333333325
998,0.0884186666666666,0.00236666666666664
998.25,0.0820759999999999,0.00274533333333325
998.5,0.073414,0.00304353333333325
998.75,0.074976,0.00590246666666664
999,0.0731773333333333,0.00508833333333325
999.25,0.0688226666666666,0.00339853333333332
999.5,0.25440011490443,0.0294593441608661
999.75,0.045011349721179,0.00327269033799925
1000,0.0666453333333333,0.00402333333333325
1000.25,0.067734,0.00459133333333332
1000.5,0.067024,0.00476173333333332
1000.75,0.0591666666666666,0.00231933333333325
1001,0.05893,0.00504099999999996
1001.25,0.0604919999999999,0.00170399999999989
1001.5,0.0607759999999999,0.00220099999999993
1001.75,0.246200882454326,0.0348388507411237
1002,0.138478955954323,0.00379168569874927
1002.25,0.23572,0.0115540666666666
1002.5,0.19323339988256,0.0192144093951849
1002.75,0.233921103000811,0.0508647915652879
1003,0.201292238868082,0.012532217977528
1003.25,0.21184398003743,0.0215019270118527
1003.5,0.0446353333333333,0.0132391333333333
1003.75,0.0423633333333332,0.0142426
1004,0.0441619999999999,0.0145171333333333
1004.25,0.043594,0.0141053333333333
1004.5,0.0436413333333333,0.0130639999999999
1004.75,0.0441619999999999,0.0132628
1005,0.0442093333333333,0.0136036
1005.25,0.0449193333333332,0.0133527333333333
1005.5,0.0479013333333332,0.015549
1005.75,0.0469073333333333,0.0153123333333332
1006,0.0772646657046657,0.0131586939874939
1006.25,0.0395233333333333,0.0156673333333333
1006.5,0.04686,0.0142
1006.75,0.0393236565364206,0.0158008736131211
1007,0.0410646937984496,0.0176408650193798
1007.25,0.045363792302106,0.0147989299443234
1007.5,0.0368396226415094,0.00811888606676332
1007.75,0.0412746666666666,0.0179724666666666
1008,0.0372590762398223,0.00981250481125084
1008.25,0.0374683389997536,0.00893840147819651
1008.5,0.0399849815770081,0.016003445345124
1008.75,0.0347684592922544,0.0118752762187577
1009,0.04523353115727,0.0151460908011869
1009.25,0.0420353362701909,0.017158145668135
1009.5,0.0406556868611318,0.00999076738967831
1009.75,0.0367503888888889,0.0088068499499499
1010,0.038463543200601,0.0127138115702479
1010.25,0.0375545989544436,0.00831971530993273
1010.5,0.0339853333333333,0.0114499333333333
1010.75,0.0408652279909706,0.00881156478555304
1011,0.0484912449438202,0.013706102372035
1011.25,0.0364466666666666,0.00985006666666657
1011.5,0.035494118762475,0.0147647972055888
1011.75,0.0388493152337858,0.015256154449472
1012,0.0393762259371833,0.00934592350557242
1012.25,0.0348373333333333,0.00822653333333329
1012.5,0.0409307609731627,0.0157922947579633
1012.75,0.0392742218844985,0.0158892820668692
1013,0.0372238771399798,0.00713850302114796
1013.25,0.0384552216378662,0.0148408670172802
1013.5,0.0483761095415117,0.0133402225526641
1013.75,0.0345856330140014,0.0111833214443625
1014,0.0416510192592592,0.0129886663703703
1014.25,0.0272966288737717,0.00546546515495085
1014.5,0.0277113492675404,0.0035148412233359
1014.75,0.045413913283208,0.0121135537844611
1015,0.041569224952741,0.00772066616257088
1015.25,0.0668715688445921,-0.00209419859726835
1015.5,0.223583479923518,0.0134009173996175
1015.75,0.34207088453159,0.0859198791575889
1016,0.177973333333333,0.0223413333333332
1016.25,0.233353333333333,0.03834
1016.5,0.277846666666667,0.061486
1016.75,0.24992,0.0329913333333332
1017,0.260333333333333,0.038908
1017.25,0.273902448979592,0.0267752653061224
1017.5,0.49206035862069,0.0663170685057471
1017.75,0.273113333333333,0.0524926666666666
1018,0.290626666666667,0.0592613333333333
1018.25,0.2627,0.0328493333333333
1018.5,0.26838,0.0371093333333333
1018.75,0.270746666666667,0.038482
1019,0.173072833708588,0.0341416901468853
1019.25,0.320027545972183,0.0409522804069821
1019.5,0.305042500235871,0.0341571695442966
1019.75,0.341553698475438,0.0582344325239977
1020,0.411586783236192,0.0530195603663613
1020.25,0.267510529327611,0.0311372616118264
1020.5,0.321328446368446,0.0851472708032707
1020.75,0.260626900412493,0.0308926564525633
1021,0.152182925970149,0.0110607521671641
1021.25,0.350124493284493,0.0495970109890109
1021.5,0.223837535864979,0.0110021839662447
1021.75,0.336479600694444,0.0424828993055555
1022,0.0939407825696316,0.000846321913746567
1022.25,0.261054159154146,0.0325255543683917
1022.5,0.255173742052679,0.0280785976385103
1022.75,0.213280857538036,0.000887097372060769
1023,0.268473166666667,0.0405304833333333
1023.25,0.0358656671497584,0.00125908364492753
1023.5,0.378237922705314,0.0411722826086956
1023.75,0.27345628742515,0.0382174151696606
1024,0.276292746167836,0.013015718524292
1024.25,0.0383855348962543,0.00306989382915655
1024.5,0.0385142159899539,0.00353402277103388
1024.75,0.229045877268799,0.0355351011235954
1025,0.221993333333333,0.0158898
1025.25,0.234773333333333,0.000814133333333286
1025.5,0.0365980451802034,0.00447994205897559
1025.75,0.0343714410480348,0.00226433158660839
1026,0.028383945732052,0.0022801769738081
1026.25,0.0270585603807257,0.00267747293277808
1026.5,0.148486413174901,-0.00160832687096098
1026.75,0.0275356993630572,0.00371566063694265
1027,0.0314085878987898,0.00632428946094602
1027.25,0.262824297082228,0.0676914376657825
1027.5,0.233998067010309,0.0163420468213057
1027.75,0.040896,0.0125480666666666
1028,0.181922798934754,0.014091212117177
1028.25,0.0470794191780821,0.0121952712328766
1028.5,0.156626228663446,0.0187274578329882
1028.75,0.0471160226789511,0.014528230333097
1029,0.175006333091612,0.00329201102248005
1029.25,0.200620831509847,0.0348947133479212
1029.5,0.0491440793309438,0.0152777070489845
1029.75,0.185160564363636,0.0264785764848484
1030,0.07668,0.0133764
1030.25,0.106673532250123,0.0209755044805514
1030.5,0.0675919999999999,0.0170968
1030.75,0.0412139239636988,0.0165800969340201
1031,0.0381413684210525,0.00928248421052624
1031.25,0.0379987298720842,0.0149348241785804
1031.5,0.0407206596279537,0.0159090260432378
1031.75,0.0389458666666666,0.00924487055555552
1032,0.0375177554064131,0.00853705906040266
1032.25,0.0397849874308697,0.0170296837606837
1032.5,0.036230072180451,0.00894873323308271
1032.75,0.0412745218056618,0.0192140015302218
1033,0.0382239061317184,0.00707378213474638
1033.25,0.0397898050974512,0.0159253958020989
1033.5,0.0398374447806354,0.0158355027231467
1033.75,0.0426795199999999,0.00817116226415086
1034,0.0407704933232552,0.0168237406903502
1034.25,0.0444800321592649,0.0148929947932618
1034.5,0.0397462322844717,0.0154164339728831
1034.75,0.0390157291989663,0.0145111964857881
1035,0.0367496219135802,0.00892490817901231
1035.25,0.0396345133385133,0.0163173115773116
1035.5,0.0387792118842845,0.0144260564503517
1035.75,0.0337696380655226,0.0113984352574103
1036,0.0396980685358255,0.0160682658359293
1036.25,0.0373641881008054,0.00969104068589241
1036.5,0.0395233333333333,0.0157430666666666
1036.75,0.0399019999999999,0.0163063333333333
1037,0.0382453333333333,0.00976486666666657
1037.25,0.0412431592875317,0.0161614535877863
1037.5,0.035058234085213,0.0143363982957393
1037.75,0.034900373212942,0.0142576761474792
1038,0.0404507640791476,0.00906818772196852
1038.25,0.05169951950078,0.0106535223088923
1038.5,0.0350832367071524,0.00587868502024283
1038.75,0.0468126666666666,0.0144603333333333
1039,0.0604919999999999,0.00540073333333332
1039.25,0.0958449433741972,0.0224065444639034
1039.5,0.111064665280665,0.0166123172557172
1039.75,0.287907445342917,0.0936759412997903
1040,0.22393769731489,0.0271482855980472
1040.25,0.246215775775776,0.0111324020020019
1040.5,0.303703005698006,0.0433119216524215
1040.75,0.312930570652174,0.0426723505434782
1041,0.200403743142949,0.0157453363450575
1041.25,0.289320372439479,0.0292629592385682
1041.5,0.277456678685897,0.0340902403846153
1041.75,0.344113333333333,0.0541493333333333
1042,0.247699511859069,0.0320162275366598
1042.25,0.302965155219247,0.0240103430345362
1042.5,0.338501788384129,0.0406013302664366
1042.75,0.245311644923426,0.031857427491019
1043,0.240689595441595,0.032389674074074
1043.25,0.337511139835488,0.0330340223266744
1043.5,0.237351166518255,0.0230718598990798
1043.75,0.200588274345131,0.0307314577084583
1044,0.22130304962406,0.0287314045112782
1044.25,0.25528390960452,0.0349535297380585
1044.5,0.138054947005331,-0.000962071892965339
1044.75,0.287985640862944,0.0549962726311336
1045,0.149235187682334,0.0141440377309562
1045.25,0.316870648178717,0.0642216291405304
1045.5,0.101842612300374,0.00302315732246002
1045.75,0.158756,0.00834439333333332
1046,0.237449008759797,0.0380296818810511
1046.25,0.33382595980596,0.0403806472626472
1046.5,0.186958901569187,0.00174621512125527
1046.75,0.396894538352273,0.0473636898674242
1047,0.30672,0.0514513333333333
1047.25,0.348422993396919,0.0656243849351919
1047.5,0.353951096163428,0.0605755231689088
1047.75,0.361117765970904,0.0250946244149273
1048,0.0513438314475223,0.00464269267785141
1048.25,0.0434046666666666,0.00128746666666657
1048.5,0.179886907637166,0.00132478522194644
1048.75,0.29294133916849,-0.00218400350109409
1049,0.316483277048155,0.0161889724202626
1049.25,0.158761101508219,0.00998834400948992
1049.5,0.199638695495495,0.00645277679279274
1049.75,0.185546666666667,0.00581253333333325
1050,0.160269328621908,0.0183977809187278
1050.25,0.150811787934186,0.0153221374771481
1050.5,0.147928892224307,-0.00160228809672704
1050.75,0.159617318557149,0.0124567818339851
1051,0.0318459302013422,0.00328995511409393
1051.25,0.261951706454465,0.0674666984969054
1051.5,0.235873864229765,0.0207265869451697
1051.75,0.209686666666667,0.0157336
1052,0.048857815370623,0.0159073062301045
1052.25,0.0472731616438356,0.0122454575342466
1052.5,0.158898,0.0148153333333333
1052.75,0.0470493333333332,0.0145076666666666
1053,0.146268266666667,0.0178572333333333
1053.25,0.0390304463437797,0.0133243501899335
1053.5,0.140196145195729,0.019033376797153
1053.75,0.127756013809524,0.0164271246190476
1054,0.109087601255129,0.0182270555636012
1054.25,0.0493098617176127,0.00706253639010179
1054.5,0.0794506656891495,0.0206117997067448
1054.75,0.0640431474747474,0.027900454040404
1055,0.049520512859304,0.0146149364599092
1055.25,0.0379987298720842,0.0149348241785804
1055.5,0.0406593333333332,0.0158850666666666
1055.75,0.0420793333333333,0.0172198666666666
1056,0.0422042327235772,0.017151081808943
1056.25,0.0373367624810892,0.00875287140695914
1056.5,0.0459366173979984,0.014207641108545
1056.75,0.0370702558139535,0.00861352186046504
1057,0.0399168909705958,0.0175264543845953
1057.25,0.0398201550871715,0.0164270019255789
1057.5,0.0405961609730848,0.0119704199275361
1057.75,0.039603404631798,0.016016221753838
1058,0.039317576711251,0.0155943930763178
1058.25,0.0454266770914777,0.0137315665363564
1058.5,0.0392540617577197,0.0160903726576933
1058.75,0.0385597672459189,0.0149738850447604
1059,0.0396175112523166,0.016103213555732
1059.25,0.0391418712423517,0.0156615044958765
1059.5,0.0461811652035115,0.0150301276935354
1059.75,0.0404331766612641,0.0173338962722852
1060,0.0408761430894308,0.00955205907859074
1060.25,0.0403279999999999,0.0168743333333333
1060.5,0.03868833064949,0.014328836607622
1060.75,0.0472089242053789,0.0139878293941863
1061,0.0368128084415584,0.00734838474025966
1061.25,0.0387971373493975,0.0142350912985274
1061.5,0.0473413852676205,0.014530054054054
1061.75,0.0362759218791238,0.0106935931380311
1062,0.0279739999999999,0.00580212
1062.25,0.0620676538461538,0.00335848122377612
1062.5,0.0505046666666666,0.00774373333333332
1062.75,0.029962,0.00346953333333325
1063,0.0400793338260654,0.00392285932495687
1063.25,0.0634882508960573,0.0034509622601728
1063.5,0.143016670893372,0.00530744438040336
1063.75,0.148967158963941,0.0103623147790756
1064,0.191786041292639,0.00921046543985632
1064.25,0.16571432951133,0.00850644739284734
1064.5,0.224145295854191,0.0221775895263765
1064.75,0.392947255386789,0.0484352252443188
1065,0.217733333333333,0.0425053333333333
1065.25,0.189806666666667,0.019596
1065.5,0.207793333333333,0.032092
1065.75,0.221993333333333,0.0380086666666666
1066,0.21868,0.0319973333333333
1066.25,0.219153333333333,0.0352633333333333
1066.5,0.21868,0.0319026666666666
1066.75,0.22152,0.028258
1067,0.233826666666667,0.0434519999999999
1067.25,0.22436,0.029536
1067.5,0.218206666666667,0.0306246666666666
1067.75,0.207793333333333,0.0312873333333333
1068,0.221993333333333,0.0375353333333333
1068.25,0.239033333333333,0.0484693333333333
1068.5,0.195013333333333,0.018886
1068.75,0.152129333333333,0.00341273333333329
1069,0.137456,0.000354999999999964
1069.25,0.13561,0.00374406666666661
1069.5,0.102050666666667,0.00302933333333329
1069.75,0.0821233333333333,0.00359733333333325
1070,0.0504692496493688,0.00321640953716689
1070.25,0.0484281533333333,0.00277278666666661
1070.5,0.355865832413201,0.056815330634278
1070.75,0.0403725202411713,0.00171595127353265
1071,0.30672,0.0514513333333333
1071.25,0.350729581804842,0.0660588236732697
1071.5,0.297003900414938,0.0331109611467371
1071.75,0.053602117403672,0.00242819485906384
1072,0.274899493374903,0.0129500845674201
1072.25,0.371093333333333,0.0567053333333333
1072.5,0.296553691816034,-0.00241601250521044
1072.75,0.22994058772688,0.0356739101123595
1073,0.221787974098057,0.0158751008325624
1073.25,0.234072819458719,-0.0002279005138746
1073.5,0.0290633719646799,0.00270720805739508
1073.75,0.121977751892836,0.000700190118423598
1074,0.207288514412417,0.0643735432372505
1074.25,0.197277411642412,0.0308452931392931
1074.5,0.0479195326606479,0.00755181589661883
1074.75,0.25727283485745,0.0310615642818719
1075,0.0786749576837417,0.0058958937639198
1075.25,0.209924946969697,0.0370567287878788
1075.5,0.110260771300448,0.018247780044843
1075.75,0.0389593303703703,0.0142315029629629
1076,0.222466666666667,0.0254653333333333
1076.25,0.0393096278979154,0.0125885531268263
1076.5,0.286062902332938,0.0230176441281138
1076.75,0.0399966666666666,0.0134947333333333
1077,0.0804749935537534,0.00626443526720723
1077.25,0.188526227440748,0.0189665932594042
1077.5,0.0447630354505169,0.015039432545544
1077.75,0.123489732930209,0.0290117913832198
1078,0.0672961216730038,0.00856667822560202
1078.25,0.0773072392638037,0.0167072691717791
1078.5,0.0485842650356778,0.00630933792048928
1078.75,0.0672518689196109,0.0217871479774705
1079,0.0408486666666666,0.0171583333333333
1079.25,0.0576046666666666,0.0125575333333333
1079.5,0.0545709692671394,0.0120368778565799
1079.75,0.0396331496815286,0.0133583673566879
1080,0.0342420705383187,0.0124042373481835
1080.25,0.0363005669291338,0.0129282614173227
1080.5,0.0343769717057396,0.0126096841821611
1080.75,0.0340314688435373,0.0123029495510204
1081,0.0440313011719815,0.0161369279912782
1081.25,0.043857058114035,0.0150803377192982
1081.5,0.0361184508701472,0.0131484244176706
1081.75,0.0398656374556374,0.0168803847119846
1082,0.0398911129431162,0.0176993068974993
1082.25,0.0432517647058823,0.0176143999999999
1082.5,0.0345817022441159,0.0105829483305966
1082.75,0.0344113333333333,0.0110523333333332
1083,0.0523895517522412,0.0118123168704156
1083.25,0.0421266666666666,0.00723253333333332
1083.5,0.0436048439241918,0.0183263308249721
1083.75,0.0339053961312026,0.0103451319315951
1084,0.0338895520044855,0.0107371904681805
1084.25,0.0428810092670598,0.0169118171861836
1084.5,0.0423864013490724,0.00891673794266437
1084.75,0.0370001268781302,0.0124420605453533
1085,0.038213194397759,0.00538200683473381
1085.25,0.034665892325315,0.0137473119702176
1085.5,0.0417602819432743,0.0175778374613873
1085.75,0.0379309564233163,0.0136835925297113
1086,0.0453063768613974,0.0163301585910653
1086.25,0.067241034336068,0.0155204446672744
1086.5,0.0280953225704336,0.00532058132320348
1086.75,0.033796,0.00577466666666664
1087,0.0363993333333332,0.00785733333333325
1087.25,0.0364466666666666,0.00695799999999996
1087.5,0.233154226393629,0.0279974243458475
1087.75,0.0348570898550725,0.0059734741501976
1088,0.0350926628571428,0.00580258599183673
1088.25,0.229779526627219,0.0122168493660185
1088.5,0.0441923146067415,0.0107802464419475
1088.75,0.0455828148148147,0.0118767518518518
1089,0.341087837837838,0.00922999999999993
1089.25,0.336306493846557,0.00311283409269432
1089.5,0.0905547529347529,0.00700732590772587
1089.75,0.0336140793909733,0.00155554011963013
1090,0.0358313333333333,0.00652253333333329
1090.25,0.0349793333333333,0.00555361999999993
1090.5,0.0346006666666666,0.00504099999999996
1090.75,0.0362573333333333,0.00667542
1091,0.0464942519723865,0.0108549652366863
1091.25,0.0455885836993655,0.0100285542215715
1091.5,0.364835095201828,0.00607283277989332
1091.75,0.0299079506918239,-0.00114919617610062
1092,0.0263883874904652,-0.000332914721586469
1092.25,0.0389394589076058,0.00109215447371102
1092.5,0.0257842356902356,0.00171260606060605
1092.75,0.0358682968197879,0.00821693286219075
1093,0.0257466172148355,0.00300838609750399
1093.25,0.0460572056442285,0.0104497941244506
1093.5,0.0337320873440285,0.00656786354278067
1093.75,0.0440318094597624,0.00828025523425233
1094,0.0353592879818594,0.00612261496598638
1094.25,0.0265165698554714,0.00267836432209222
1094.5,0.0320574310692669,0.00451178659493379
1094.75,0.0322987282535401,0.00423127444369514
1095,0.0345088667563929,0.00653505787348579
1095.25,0.0200352071240105,-0.00167196882145992
1095.5,0.0280686666666666,-0.00363993333333325
1095.75,0.0469663855577047,0.0095030562647754
1096,0.0344361593729588,-0.00191790276507725
1096.25,0.031363878095238,-0.00263013902645498
1096.5,0.0302569652509652,-0.00332826617760611
1096.75,0.0399386481848184,0.0057653293465346
1097,0.0321205136757838,0.00438980353569041
1097.25,0.0256595415282391,0.00152544797342186
1097.5,0.0222377642384106,-0.00180446264900661
1097.75,0.0264524582775546,0.00219654071842926
1098,0.0349047619047618,0.00386279365079362
1098.25,0.0260564227642276,0.00242054200542004
1098.5,0.0256005202020202,0.00119548254820933
1098.75,0.0351709397363464,0.0130397918079095
1099,0.0255649022626544,0.00201783490552831
1099.25,0.0451281191604604,0.0075858668923493
1099.5,0.0393673990426458,0.00995344612706695
1099.75,0.0435751099499237,0.0173400519050729
1100,0.0353297796684118,0.0114405719895287
1100.25,0.0352748172871201,0.0115487500213949
1100.5,0.0433841152586771,0.0150197500982318
1100.75,0.0415762834437085,0.0151805052980132
1101,0.0347426666666666,0.0108677333333333
1101.25,0.0402988612716763,0.0147762491329479
1101.5,0.0404719250398723,0.0147748622009568
1101.75,0.0383232763122834,0.0159356614974686
1102,0.0428025356576862,0.0172018634970945
1102.25,0.0450849441384736,0.0146738733280881
1102.5,0.0381453328079852,0.0129063863409508
1102.75,0.0434349913317573,0.00809812907801416
1103,0.0431904412081985,0.016218935167206
1103.25,0.032680849662618,0.0119514482051281
1103.5,0.0382144404954227,0.0155884648357566
1103.75,0.042729153473344,0.0153910221324717
1104,0.0434862001627339,0.0146997614320586
1104.25,0.0360062625440737,0.0137366032004339
1104.5,0.0413558150572831,0.0155380381887615
1104.75,0.0337838672108844,0.0122134373877551
1105,0.0369054125200642,0.0140578632423755
1105.25,0.035717544,0.0126295368
1105.5,0.0362360048192771,0.013191218313253
1105.75,0.0398983947583947,0.0168942552006552
1106,0.0365743441208198,0.0136109144552319
1106.25,0.0434301960784313,0.0176870666666666
1106.5,0.0344398576902024,0.0105395400109469
1106.75,0.0425550780608053,0.00774455398520944
1107,0.0330586109271522,0.0102202658388521
1107.25,0.0339571997792494,0.0111141252759382
1107.5,0.0432494792703151,0.00873016235489218
1107.75,0.0391418039215686,0.00739397647058818
1108,0.0437052589508742,0.0086363115181793
1108.25,0.0409846023294508,0.00830140033277868
1108.5,0.0541413465674111,0.0100880370554177
1108.75,0.0370310634390651,0.01245246360601
1109,0.0407539999999999,0.0160791333333332
1109.25,0.0417231628946633,0.0177276029617211
1109.5,0.0420438831788823,0.0176972115697837
1109.75,0.034612853820598,0.0112515225359911
1110,0.0457348980526918,0.016484614089347
1110.25,0.0472447961630695,0.0118850935251798
1110.5,0.0291509190031152,0.00192914409657313
1110.75,0.0292798856053383,0.00478332888465202
1111,0.0275871587743732,0.00373016112658612
1111.25,0.0263870517448856,0.00318251403910943
1111.5,0.0266013333333332,0.00805165357142847
1111.75,0.0327727124999999,-0.000141873214285623
1112,0.0269770105263157,0.00362085052631578
1112.25,0.027263917824074,0.00379798229166661
1112.5,0.0286887455012853,0.00364437463581823
1112.75,0.0260111773049645,0.00624268255319144
1113,0.0228504404455869,-0.000519328191945132
1113.25,0.098827186440678,0.0121422996610169
1113.5,0.0305040611724723,0.00529351870858112
1113.75,0.0268356551917156,0.00352040176322413
1114,0.0319550519978105,0.00263131362889977
1114.25,0.0324871405228758,0.00252239101307189
1114.5,0.0312002119967132,0.00112073820870992
1114.75,0.0277383529411765,0.0040466211764705
1115,0.0270237631792376,0.0034419740470397
1115.25,0.0305648711755233,0.000139587600644022
1115.5,0.0261204738893218,0.000622365081839349
1115.75,0.0270162435996896,0.00110628906128776
1116,0.0258045736079328,-0.000325549351639918
1116.25,0.0249599953846153,0.000855502666666572
1116.5,0.0272166666666666,0.00397126666666657
1116.75,0.0236373909276248,0.000132634658511705
1117,0.146531903300077,0.0204319800460475
1117.25,0.137896135746606,0.011670279638009
1117.5,0.0281436763856054,0.00452033706330441
1117.75,0.0373459999999999,0.00686333333333329
1118,0.126424699802176,0.0102834159742828
1118.25,0.0280943556581985,0.0044355028175519
1118.5,0.0277053958648512,0.0034873692637417
1118.75,0.0332125629188383,0.00455499980143946
1119,0.425676578690127,0.0129836096774193
1119.25,0.0382138578680203,0.00691647092095714
1119.5,0.418386908037654,0.0127650699493121
1119.75,0.423876164978292,0.00874393256150507
1120,0.134030288614938,0.00702669340101521
1120.25,0.132031968650502,0.00961885672299772
1120.5,0.0187301258327165,-0.00234126572908954
1120.75,0.0360909242540168,0.00531140479469522
1121,0.10670523929099,0.00832188692762178
1121.25,0.0189247589592538,-0.00326912232695135
1121.5,0.0399780320560981,0.00710302990232906
1121.75,0.101096507356672,0.00330544084221198
1122,0.0343166666666666,0.00426
1122.25,0.0377246666666666,0.00792359999999989
1122.5,0.0389553333333333,0.0113789333333333
1122.75,0.0451086666666666,0.0155300666666666
1123,0.046008,0.0156862666666666
1123.25,0.0463393333333333,0.0161737999999999
1123.5,0.0463393333333333,0.0159560666666666
1123.75,0.0463866666666666,0.0161501333333333
1124,0.0446353333333333,0.0142189333333333
1124.25,0.0453926666666666,0.0149999333333333
1124.5,0.0456293333333333,0.0148863333333332
1124.75,0.0445406666666666,0.0145029333333332
1125,0.046008,0.0155584666666666
1125.25,0.0468126666666666,0.0167370666666666
1125.5,0.0461973333333333,0.015975
1125.75,0.0460553333333333,0.0155726666666666
1126,0.0458659999999999,0.0151561333333333
1126.25,0.0451559999999999,0.014697
1126.5,0.0326479680255795,0.012184772928324
1126.75,0.0377601018010963,0.0125142364917775
1127,0.0315507875457875,0.0105232551543694
1127.25,0.0450613333333333,0.0146875333333333
1127.5,0.0459133333333333,0.0157525333333333
1127.75,0.0462919999999999,0.0159844666666666
1128,0.0458186666666666,0.0151372
1128.25,0.045298,0.0153880666666666
1128.5,0.0425011002710026,0.0161646642818428
1128.75,0.037880778229082,0.0160104365556457
1129,0.0421872563895614,0.0172910997040624
1129.25,0.0372682684053246,0.0100454063569682
1129.5,0.0452506666666666,0.0160838666666666
1129.75,0.0463393333333333,0.0167749333333333
1130,0.046576,0.0170873333333333
1130.25,0.0436768429617575,0.0177407567127746
1130.5,0.0462919999999999,0.0171062666666666
1130.75,0.045298,0.0166234666666666
1131,0.0455346666666666,0.0165145999999999
1131.25,0.0450139999999999,0.0157667333333333
1131.5,0.0458659999999999,0.0163347333333333
1131.75,0.0461973333333333,0.0169926666666666
1132,0.0451086666666666,0.0151324666666666
1132.25,0.0459606666666666,0.0158235333333333
1132.5,0.045724,0.0157241333333333
1132.75,0.0420076390053087,0.0182112123498183
1133,0.0456766666666666,0.0162353333333333
1133.25,0.0443513333333333,0.0143136
1133.5,0.0449666666666666,0.0166092666666666
1133.75,0.0464813333333333,0.0175180666666666
1134,0.0444933333333332,0.0154638
1134.25,0.0435466666666666,0.014058
1134.5,0.0354053333333333,0.00443986666666657
1134.75,0.0441146666666666,0.00478066666666657
1135,0.047286,0.00481048666666657
1135.25,0.091306,0.0182233333333333
1135.5,0.162353333333333,0.034506
1135.75,0.182233333333333,0.0309559999999999
1136,0.204953333333333,0.0324706666666666
1136.25,0.215366666666667,0.0284473333333333
1136.5,0.228146666666667,0.0331806666666666
1136.75,0.226726666666667,0.0303406666666666
1137,0.21868,0.0250866666666666
1137.25,0.216786666666667,0.0301986666666666
1137.5,0.218206666666667,0.0301513333333333
1137.75,0.2201,0.0250393333333333
1138,0.222466666666667,0.024282
1138.25,0.222466666666667,0.02982
1138.5,0.208266666666667,0.0246606666666666
1138.75,0.20874,0.029394
1139,0.218206666666667,0.040612
1139.25,0.20306,0.0343166666666666
1139.5,0.20448,0.0335593333333333
1139.75,0.192646666666667,0.0314766666666666
1140,0.192646666666667,0.0352159999999999
1140.25,0.187913333333333,0.0312873333333333
1140.5,0.176553333333333,0.02272
1140.75,0.142473333333333,-0.00127326666666661
1141,0.123161333333333,0.00143419999999993
1141.25,0.100772666666667,-0.000657933333333251
1141.5,0.0603973333333333,0.000937199999999893
1141.75,0.0531553333333333,0.00129740666666664
1142,0.052966,0.00209213333333329
1142.25,0.0466233333333332,0.00244713333333325
1142.5,0.042174,0.00290626666666657
1142.75,0.0342294557114228,0.00209596154709414
1143,0.0437359999999999,0.00549066666666661
1143.25,0.0410939654940019,0.00528890187356783
1143.5,0.278549447650453,0.0322132014289639
1143.75,0.236911413684355,0.0054918232277526
1144,0.050694,0.0148342666666666
1144.25,0.0368726666666666,0.00356419999999993
1144.5,0.0358786666666666,0.00272308666666657
1144.75,0.036778,0.00227058
1145,0.0346953333333332,0.00210301999999993
1145.25,0.0331333333333333,0.00234110666666664
1145.5,0.0338906666666666,0.00424106666666664
1145.75,0.0344586666666666,0.00423159999999996
1146,0.033796,0.00372986666666664
1146.25,0.049132,0.018744
1146.5,0.0319026666666666,0.00397126666666657
1146.75,0.03337,0.00213473333333329
1147,0.034506,0.00381033333333325
1147.25,0.0277786131984585,0.0041031228323699
1147.5,0.0311130064701653,0.0040109538461538
1147.75,0.207763968185105,0.02844189154013
1148,0.043562063003663,0.0156747748962148
1148.25,0.0445688968609865,0.0143134726457399
1148.5,0.0387778602885345,0.0143473371298405
1148.75,0.0427893333333332,0.0115493333333333
1149,0.0405757828282828,0.0156981717171717
1149.25,0.0379509119835771,0.0117845096741082
1149.5,0.0453594694201747,0.0154831431294677
1149.75,0.042342972067039,0.0138370783719074
1150,0.0437487766377269,0.0138056950276243
1150.25,0.0826739259259259,0.0224184444444444
1150.5,0.037914,0.0144035333333333
1150.75,0.0493213333333333,0.0176695333333333
1151,0.0448246666666666,0.0150661999999999
1151.25,0.0422559978106185,0.013428122353585
1151.5,0.0372986666666666,0.014058
1151.75,0.0375826666666666,0.009372
1152,0.0386713333333333,0.0109624
1152.25,0.0431573192640692,0.0166915890151515
1152.5,0.0419118853046595,0.0107292529914529
1152.75,0.0385612813709231,0.0165377682144831
1153,0.0332357840531561,0.00708334684385379
1153.25,0.0371770736212985,0.0100208254278728
1153.5,0.035274889632107,0.00844890501672231
1153.75,0.0401930879864636,0.0163287385786802
1154,0.0492324185654008,0.00919383493670876
1154.25,0.0491375141723356,0.00997411139455773
1154.5,0.0478066666666666,0.00798039999999996
1154.75,0.0361791829787234,0.0123434859574467
1155,0.0408013333333333,0.0118901333333333
1155.25,0.0351686666666666,0.0113032
1155.5,0.0372366350877193,0.0154868397076023
1155.75,0.0335593333333333,0.00729406666666657
1156,0.0411806168549087,0.00885359513466548
1156.25,0.0433669562699101,0.0156537214016797
1156.5,0.0422107369337978,0.0138428477351916
1156.75,0.0421998667825079,0.0146798637706342
1157,0.0413693333333333,0.0130782
1157.25,0.0326409517201503,0.0112803149696444
1157.5,0.0371244685153091,0.0133127871172732
1157.75,0.0346780242634315,0.00807732668977469
1158,0.0306986945169712,0.00691194371917601
1158.25,0.0306246666666666,0.00440199999999996
1158.5,0.0329946862925482,0.00499937941245008
1158.75,0.046008,0.00990686666666664
1159,0.10295,0.00704319999999996
1159.25,0.143041333333333,0.0426
1159.5,0.121552,0.00430733333333329
1159.75,0.131208,0.0108629999999999
1160,0.153786,0.0137503333333333
1160.25,0.155253333333333,0.00624326666666664
1160.5,0.150046666666667,0.00154306666666657
1160.75,0.156673333333333,0.00272166666666661
1161,0.16472,0.00534866666666664
1161.25,0.172293333333333,0.00390499999999993
1161.5,0.175606666666667,0.00764433333333325
1161.75,0.172293333333333,0.00217733333333329
1162,0.185073333333333,0.00714733333333332
1162.25,0.18176,0.00956653999999993
1162.5,0.18744,0.0107541333333333
1162.75,0.195486666666667,0.0101245999999999
1163,0.17892,0.00027453333333325
1163.25,0.1846,0.001917
1163.5,0.183653333333333,-0.000545753333333286
1163.75,0.175133333333333,0.00199273333333332
1164,0.155821333333333,0.00507886666666657
1164.25,0.147916666666667,0.00375353333333329
1164.5,0.145076666666667,0.00424579999999993
1164.75,0.146354666666667,-0.00035784
1165,0.129882666666667,-0.000132533333333286
1165.25,0.109576666666667,0.00466233333333325
1165.5,0.0823126666666667,0.00656513333333329
1165.75,0.0711893333333333,0.00691539999999996
1166,0.0601606666666666,0.00296306666666664
1166.25,0.0559953333333333,0.00226726666666657
1166.5,0.0622906666666666,0.00773899999999993
1166.75,0.052966,0.00376299999999996
1167,0.0554746666666666,0.00282579999999996
1167.25,0.0549066666666666,0.00430733333333329
1167.5,0.0555693333333332,0.0037488
1167.75,0.052824,0.00423159999999996
1168,0.056658,0.00791886666666661
1168.25,0.0437833333333333,0.00429313333333332
1168.5,0.0424106666666666,0.00442566666666661
1168.75,0.0363046666666666,0.00538179999999996
1169,0.0396653333333333,0.00594127999999993
1169.25,0.0343639999999999,0.00296779999999993
1169.5,0.0346006666666666,0.00368726666666664
1169.75,0.0353106666666666,0.00362573333333329
1170,0.0355473333333333,0.00548119999999993
1170.25,0.035926,0.00527293333333332
1170.5,0.032944,0.00496999999999993
1170.75,0.0319026666666666,0.00353106666666661
1171,0.0319973333333333,0.00521139999999996
1171.25,0.0314766666666666,0.00403753333333332
1171.5,0.0381979999999999,0.0131491999999999
1171.75,0.0432153333333332,0.0146496666666666
1172,0.043594,0.0156862666666666
1172.25,0.043878,0.0151087999999999
1172.5,0.043168,0.0148721333333333
1172.75,0.0432626666666666,0.0138402666666666
1173,0.0428839999999999,0.0129977333333333
1173.25,0.0426473333333333,0.0141337333333333
1173.5,0.0451086666666666,0.0153975333333332
1173.75,0.0424106666666666,0.0138592
1174,0.0420793333333333,0.0137929333333333
1174.25,0.0426473333333333,0.0135042
1174.5,0.0414166666666666,0.0131823333333332
1174.75,0.0441619999999999,0.0152176666666666
1175,0.0432153333333332,0.0151466666666666
1175.25,0.0439253333333333,0.0161359333333333
1175.5,0.0446353333333333,0.0156484
1175.75,0.0441619999999999,0.0168080666666666
1176,0.0426473333333333,0.0161406666666666
1176.25,0.0425053333333333,0.0159466
1176.5,0.0439253333333333,0.0164672666666666
1176.75,0.0424579999999999,0.0160885999999999
1177,0.0420793333333333,0.0157762
1177.25,0.0425053333333333,0.016756
1177.5,0.0424106666666666,0.0161690666666666
1177.75,0.0428366666666666,0.0161406666666666
1178,0.0426946666666666,0.0167323333333333
1178.25,0.0421266666666666,0.0162732
1178.5,0.0423633333333332,0.0160885999999999
1178.75,0.0422213333333333,0.0159466
1179,0.04189,0.0160980666666666
1179.25,0.0419373333333333,0.0159797333333333
1179.5,0.0431206666666666,0.0163773333333333
1179.75,0.0428839999999999,0.0163867999999999
1180,0.0429313333333333,0.0165240666666666
1180.25,0.0434993333333333,0.0174139333333333
1180.5,0.041038,0.0151087999999999
1180.75,0.042174,0.0162826666666666
1181,0.0425526666666666,0.0167418
1181.25,0.0420319999999999,0.0159134666666666
1181.5,0.041748,0.0157336
1181.75,0.042742,0.0165808666666666
1182,0.0426473333333333,0.0145692
1182.25,0.0373459999999999,0.00681599999999989
1182.5,0.0347899999999999,0.00689362666666657
1182.75,0.0314766666666666,0.00405173333333329
1183,0.03763,0.00430070666666664
1183.25,0.0640893333333332,0.0032802
1183.5,0.0919686666666666,0.00237471333333325
1183.75,0.0852946666666666,0.00216313333333332
1184,0.106358,0.00523506666666661
1184.25,0.130924,0.00957079999999993
1184.5,0.133338,0.000962759999999893
1184.75,0.142,0.00354053333333329
1185,0.141384666666667,0.00695799999999996
1185.25,0.151182666666667,-0.000482799999999965
1185.5,0.155916,-0.00114546666666661
1185.75,0.172293333333333,0.00494912599999993
1186,0.167086666666667,0.00142946666666664
1186.25,0.174186666666667,0.0098406
1186.5,0.159513333333333,0.00206846666666664
1186.75,0.163773333333333,0.0041322
1187,0.152413333333333,0.00175133333333329
1187.25,0.15762,0.0026412
1187.5,0.147112,-0.000421266666666607
1187.75,0.146591333333333,0.00479013333333325
1188,0.124818,0.000378666666666607
1188.25,0.124155333333333,0.00269989333333332
1188.5,0.132438666666667,0.0032802
1188.75,0.111659333333333,0.00475699999999993
1189,0.104890666666667,0.00173239999999993
1189.25,0.094146,0.002556
1189.5,0.0759226666666666,0.00727986666666661
1189.75,0.06177,-0.000255599999999893
1190,0.0494633333333333,0.000899333333333286
1190.25,0.050694,0.000605866666666572
1190.5,0.0571786666666666,0.00198326666666664
1190.75,0.0528713333333333,0.00174659999999989
1191,0.049984,0.00129219999999996
1191.25,0.048564,0.00216644666666664
1191.5,0.0523506666666666,0.0026412
1191.75,0.0535813333333333,0.00242725333333332
1192,0.054244,0.00140721999999996
1192.25,0.049132,0.000556639999999929
1192.5,0.0521613333333332,0.00282106666666657
1192.75,0.043026,0.00275290666666657
1193,0.0333226666666666,0.00124013333333329
1193.25,0.02911,0.00129030666666661
1193.5,0.0288259999999999,0.00219153333333325
1193.75,0.0304353333333332,0.00358455333333325
1194,0.0312313672456575,0.00616096774193544
1194.25,0.0570264841373316,0.00678255193394173
1194.5,0.0926193574297189,0.018929848282017
1194.75,0.17909727388535,0.012778552866242
1195,0.0241873333333333,0.00203533333333332
1195.25,0.0261753333333332,0.00146733333333325
1195.5,0.0354445692608908,0.0163045018600097
1195.75,0.0370757684515195,0.0131480355041003
1196,0.043562063003663,0.0156747748962148
1196.25,0.0444364484304932,0.0142709363228699
1196.5,0.0430649717250324,0.0137646475226977
1196.75,0.167441888541667,0.0261553645833333
1197,0.0403437407407407,0.0161374962962962
1197.25,0.0404547227068464,0.0149360352101506
1197.5,0.0428526478646252,0.0140673598710717
1197.75,0.0385766666666666,0.0150046666666666
1198,0.031582933114035,0.0090977702850877
1198.25,0.0398073333333332,0.015478
1198.5,0.039159421446384,0.0154793220282626
1198.75,0.0431907420338043,0.0119894475588806
1199,0.0388606666666666,0.0144366666666666
1199.25,0.0382453333333333,0.0173239999999999
1199.5,0.0348551783601014,0.00875399391377852
1199.75,0.0418426666666666,0.0106594666666666
1200,0.0394286666666666,0.0155063999999999
1200.25,0.0402806666666666,0.0174565333333333
1200.5,0.038056,0.0143419999999999
1200.75,0.041748,0.0155253333333333
1201,0.0403279999999999,0.0086052
1201.25,0.0380086666666666,0.0162968666666666
1201.5,0.0404226666666666,0.0177973333333333
1201.75,0.039334,0.0165666666666666
1202,0.0392866666666666,0.0164246666666666
1202.25,0.036778,0.0112321999999999
1202.5,0.03976,0.0170163333333332
1202.75,0.040186,0.0172766666666666
1203,0.040044,0.0165193333333333
1203.25,0.0402555327942497,0.00981630222222213
1203.5,0.0431206666666666,0.01633
1203.75,0.0386713333333333,0.0153123333333332
1204,0.0381033333333332,0.0144982
1204.25,0.0389553333333333,0.0161406666666666
1204.5,0.0403279999999999,0.0176553333333332
1204.75,0.038908,0.0153833333333333
1205,0.0393813333333332,0.0160838666666666
1205.25,0.0392866666666666,0.0157856666666666
1205.5,0.039334,0.0169216666666666
1205.75,0.0393813333333332,0.0162258666666666
1206,0.0336066666666666,0.00680653333333332
1206.25,0.0323286666666666,0.00453926666666664
1206.5,0.0301513333333333,0.00594369399999996
1206.75,0.031098,0.00695799999999996
1207,0.0461026666666666,0.00737926666666657
1207.25,0.0830226666666666,0.00430733333333329
1207.5,0.116203333333333,0.00243293333333329
1207.75,0.133906,0.006603
1208,0.137172,0.00364939999999993
1208.25,0.143041333333333,0.0106367466666666
1208.5,0.139396666666667,0.00363046666666657
1208.75,0.15762,0.00266486666666664
1209,0.153123333333333,0.00134899999999993
1209.25,0.155726666666667,0.000354999999999964
1209.5,0.160933333333333,0.00290153333333329
1209.75,0.158093333333333,0.00381033333333325
1210,0.148674,0.00456766666666657
1210.25,0.147112,0.00591666666666661
1210.5,0.14839,0.00538653333333325
1210.75,0.1562,0.00540546666666661
1211,0.166613333333333,0.00525399999999996
1211.25,0.152886666666667,0.00328493333333329
1211.5,0.142946666666667,0.00196906666666657
1211.75,0.135468,0.0024282
1212,0.131444666666667,0.00515933333333329
1212.25,0.132864666666667,0.00814133333333329
1212.5,0.127942,0.00248026666666657
1212.75,0.116866,0.0025986
1213,0.113363333333333,0.00213946666666657
1213.25,0.101624666666667,0.00295359999999996
1213.5,0.071284,0.00116439999999996
1213.75,0.0710473333333333,0.00232406666666664
1214,0.0661246666666666,0.00337959999999996
1214.25,0.06816,0.00267433333333332
1214.5,0.0708106666666666,0.00454399999999993
1214.75,0.0637106666666666,0.00689930666666664
1215,0.0458186666666666,0.00316659999999996
1215.25,0.0464813333333333,0.00339379999999993
1215.5,0.0410853333333332,0.00333226666666657
1215.75,0.0381979999999999,0.00244713333333325
1216,0.0387186666666666,0.00301986666666661
1216.25,0.0382926666666666,0.00306246666666661
1216.5,0.038482,0.00353106666666661
1216.75,0.0390499999999999,0.00397126666666657
1217,0.0378666666666666,0.00374406666666661
1217.25,0.0285419999999999,0.00277373333333329
1217.5,0.0290153333333333,0.00270273333333325
1217.75,0.0292993333333333,0.002556
1218,0.029962,0.00419846666666664
1218.25,0.0290153333333333,0.00465286666666657
1218.5,0.0305299999999999,0.00512146666666657
1218.75,0.029394,0.00546699999999996
1219,0.0278793333333332,0.00496999999999993
1219.25,0.0406533003156106,0.00538881553775181
1219.5,0.034524900116959,0.014116115368421
1219.75,0.0387993184357542,0.0148400312849161
1220,0.043721747985348,0.0157322337484737
1220.25,0.039173988514357,0.0149259054182271
1220.5,0.0437359999999999,0.0135799333333333
1220.75,0.0426645454545454,0.0139750088888888
1221,0.0390675788939624,0.0131675713850837
1221.25,0.038421986143187,0.0119307875288683
1221.5,0.0464101344537814,0.0140984412528647
1221.75,0.113032,0.00459606666666661
1222,0.0820919603909465,0.0196584902263374
1222.25,0.0824797037037036,0.0223657777777777
1222.5,0.0682073333333333,0.0212195333333333
1222.75,0.0369673333333333,0.00923946666666661
1223,0.0369372785907859,0.0101873108943089
1223.25,0.0388133333333333,0.0127137333333332
1223.5,0.0390499999999999,0.0145786666666666
1223.75,0.0403753333333333,0.0147679999999999
1224,0.0364286639806607,0.0151115004029008
1224.25,0.0432626666666666,0.0167323333333333
1224.5,0.042742,0.0138828666666666
1224.75,0.0430605278008299,0.0153969716182572
1225,0.0403753333333333,0.00900279999999997
1225.25,0.0514941381031613,0.00983931231281197
1225.5,0.0424829165247019,0.0161966119250425
1225.75,0.0568003179401063,0.0120138120347047
1226,0.0351686666666666,0.0131634
1226.25,0.0441762361937127,0.0160692846219201
1226.5,0.0477661181792479,0.00797363121289219
1226.75,0.03621,0.012354
1227,0.0357366666666666,0.0142852
1227.25,0.037914,0.0143893333333333
1227.5,0.0379613333333333,0.014626
1227.75,0.0370146666666666,0.0127326666666666
1228,0.0372986666666666,0.0133953333333333
1228.25,0.0376634402730375,0.0119829583617747
1228.5,0.0383873333333333,0.0147679999999999
1228.75,0.0371093333333333,0.0132769999999999
1229,0.0355717357512953,0.0161906160046056
1229.25,0.0313346666666666,0.00736506666666661
1229.5,0.036636,0.012922
1229.75,0.0363993333333332,0.0123066666666666
1230,0.0394286666666666,0.0119563999999999
1230.25,0.0347899999999999,0.00612209333333329
1230.5,0.0304826666666666,0.00587832666666661
1230.75,0.029962,0.00346953333333325
1231,0.03337,0.00278793333333325
1231.25,0.0564213333333332,0.00167086666666657
1231.5,0.102902666666667,0.0064326
1231.75,0.130024666666667,0.0121173333333333
1232,0.138260666666667,0.00506466666666661
1232.25,0.157572666666667,0.00590246666666664
1232.5,0.156484,0.00435939999999996
1232.75,0.164246666666667,0.00289206666666661
1233,0.1633,0.00432626666666664
1233.25,0.144366666666667,0.00870933333333325
1233.5,0.137503333333333,0.00517353333333325
1233.75,0.137834666666667,0.00962286666666661
1234,0.138024,0.00431679999999996
1234.25,0.157004666666667,0.00550013333333329
1234.5,0.144982,0.00173713333333332
1234.75,0.148721333333333,2.84e-05
1235,0.145786666666667,-0.000430733333333286
1235.25,0.15123,-0.000170399999999893
1235.5,0.155963333333333,-0.000258913333333321
1235.75,0.165572,0.00143893333333332
1236,0.153454666666667,0.000733666666666572
1236.25,0.13277,-0.00173097999999996
1236.5,0.137882,-0.000960866666666643
1236.75,0.122025333333333,0.00357366666666661
1237,0.108914,0.00018933333333325
1237.25,0.0998733333333332,-0.000856733333333286
1237.5,0.0805613333333333,0.0028968
1237.75,0.0701006666666666,0.00354053333333329
1238,0.0574153333333333,-4.26e-05
1238.25,0.0513566666666666,0.000889866666666607
1238.5,0.0365413333333333,-0.000655093333333321
1238.75,0.034932,0.000208266666666607
1239,0.0352633333333333,0.000388133333333286
1239.25,0.0358786666666666,0.00125953999999993
1239.5,0.0346953333333332,-0.000818866666666572
1239.75,0.0369673333333333,0.000524453333333286
1240,0.0336539999999999,0.000979799999999893
1240.25,0.0334173333333333,0.00234536666666664
1240.5,0.0333226666666666,0.00228667333333332
1240.75,0.0332753333333333,0.00196433333333329
1241,0.032092,0.00070905333333325
1241.25,0.0328493333333333,0.00148153333333332
1241.5,0.034932,0.00386239999999993
1241.75,0.033654,0.00289206666666661
1242,0.0331806666666666,0.00247079999999989
1242.25,0.0329913333333332,0.00219153333333325
1242.5,0.0328966666666666,0.00245139333333325
1242.75,0.0343639999999999,0.00359733333333325
1243,0.0322813333333333,0.00391209999999996
1243.25,0.0340799999999999,0.00560426666666664
1243.5,0.0418426666666666,0.0140722
1243.75,0.0447773333333333,0.0147253999999999
1244,0.0432626666666666,0.0130119333333333
1244.25,0.0419373333333333,0.0117102666666666
1244.5,0.0434046666666666,0.0131208
1244.75,0.0429313333333333,0.0129977333333333
1245,0.0426473333333333,0.0127657999999999
1245.25,0.0419373333333333,0.0115729999999999
1245.5,0.0422213333333333,0.0118711999999999
1245.75,0.0425053333333333,0.0128083999999999
1246,0.0437833333333333,0.0138166
1246.25,0.0429786666666666,0.0127373999999999
1246.5,0.0434046666666666,0.0130213999999999
1246.75,0.043878,0.0142236666666666
1247,0.0448246666666666,0.0150661999999999
1247.25,0.0426946666666666,0.0127610666666666
1247.5,0.0434046666666666,0.0135941333333333
1247.75,0.0434993333333333,0.0139444
1248,0.0433099999999999,0.0146401999999999
1248.25,0.0434046666666666,0.0149952
1248.5,0.0427893333333332,0.0143893333333333
1248.75,0.0436413333333333,0.0154590666666666
1249,0.0440673333333333,0.0161501333333333
1249.25,0.0434993333333333,0.0149573333333333
1249.5,0.0426473333333333,0.0141195333333332
1249.75,0.0428366666666666,0.0144319333333333
1250,0.0434046666666666,0.0152271333333332
1250.25,0.043594,0.0154448666666666
1250.5,0.0434046666666666,0.0149857333333333
1250.75,0.043594,0.0151892666666666
1251,0.0428366666666666,0.0143136
1251.25,0.0427893333333332,0.0143562
1251.5,0.042316,0.0133195999999999
1251.75,0.0427893333333332,0.0136745999999999
1252,0.0428839999999999,0.0145644666666666
1252.25,0.0436413333333333,0.0153217999999999
1252.5,0.0427893333333332,0.013987
1252.75,0.0421266666666666,0.0132391333333333
1253,0.0438306666666666,0.0151419333333333
1253.25,0.0446826666666666,0.0162353333333333
1253.5,0.0432626666666666,0.0146023333333333
1253.75,0.0443513333333333,0.015691
1254,0.0446826666666666,0.0165004
1254.25,0.0344586666666666,0.00663660666666661
1254.5,0.0332753333333333,0.00310033333333332
1254.75,0.0318079999999999,0.00265066666666657
1255,0.032376,0.00364656
1255.25,0.0322339999999999,0.00301039999999993
1255.5,0.0326126666666666,0.00360537999999996
1255.75,0.031666,0.00183653333333329
1256,0.0327073333333333,0.00318553333333332
1256.25,0.0325653333333333,0.0037488
1256.5,0.0317133333333333,0.00242346666666661
1256.75,0.032518,0.00202586666666664
1257,0.0322813333333333,0.00251339999999989
1257.25,0.032376,0.00282769333333332
1257.5,0.0334173333333333,0.00383731333333332
1257.75,0.0337486666666666,0.00450613333333332
1258,0.0318553333333333,0.00173239999999993
1258.25,0.0321866666666666,0.00211059333333325
1258.5,0.0328966666666666,0.00198326666666664
1258.75,0.0329913333333332,0.00269326666666657
1259,0.0327073333333333,0.00205426666666657
1259.25,0.0334173333333333,0.00231317999999989
1259.5,0.0405173333333333,0.00834013333333332
1259.75,0.0493686666666666,0.0130356
1260,0.043026,0.00497946666666661
1260.25,0.0574153333333333,0.0090312
1260.5,0.046576,0.00686806666666657
1260.75,0.029536,0.00335119999999993
1261,0.0289206666666666,0.00302933333333329
1261.25,0.0266013333333332,-6.62666666666667e-05
1261.5,0.0267906666666666,0.000127799999999893
1261.75,0.0279266666666666,0.00139633333333332
1262,0.0279739999999999,0.0017466
1262.25,0.0283526666666666,0.00177925999999993
1262.5,0.0273586666666666,0.00145455333333325
1262.75,0.0277846666666666,0.0018744
1263,0.0286366666666666,0.00250866666666661
1263.25,0.027832,0.00154779999999996
1263.5,0.028116,0.00170873333333329
1263.75,0.0287313333333333,0.00252759999999996
1264,0.0299146666666666,0.00414639999999996
1264.25,0.028258,0.00224975333333329
1264.5,0.0273113333333333,0.00125433333333325
1264.75,0.0277373333333333,0.00159513333333325
1265,0.0274533333333332,0.00146354666666664
1265.25,0.0287786666666666,0.00203533333333332
1265.5,0.029536,0.00235246666666657
1265.75,0.0387984673366834,0.00972093467336676
1266,0.0254591917355371,0.00145413867768588
1266.25,0.0242411212121211,0.00254224624017956
1266.5,0.0342693333333332,0.0125291333333333
1266.75,0.0337088220120378,0.00938700991688153
1267,0.0375541369863013,0.00907876027397252
1267.25,0.0361153333333333,0.0108866666666666
1267.5,0.041748,0.0137503333333333
1267.75,0.0422271277159512,0.0166061738208797
1268,0.0417006666666666,0.0131823333333332
1268.25,0.0390822847277556,0.0137095172908366
1268.5,0.0394286666666666,0.00871879999999993
1268.75,0.043026,0.0154306666666666
1269,0.0417006666666666,0.0130876666666666
1269.25,0.0415586666666666,0.0128983333333333
1269.5,0.0425053333333333,0.013987
1269.75,0.041038,0.0128083999999999
1270,0.0423633333333332,0.0140911333333333
1270.25,0.042174,0.0141763333333333
1270.5,0.0418426666666666,0.0139917333333332
1270.75,0.0431206666666666,0.0145123999999999
1271,0.044304,0.0162448
1271.25,0.044304,0.016756
1271.5,0.0425526666666666,0.0148910666666666
1271.75,0.0425526666666666,0.0141384666666666
1272,0.0417006666666666,0.0136083333333333
1272.25,0.0417006666666666,0.0144603333333333
1272.5,0.0423633333333332,0.0152224
1272.75,0.0424106666666666,0.0150283333333333
1273,0.0418426666666666,0.0147348666666666
1273.25,0.0437359999999999,0.0164246666666666
1273.5,0.043026,0.0149573333333333
1273.75,0.0433099999999999,0.015762
1274,0.0368884444444444,0.0125174155955441
1274.25,0.0424579999999999,0.014839
1274.5,0.042174,0.0148957999999999
1274.75,0.04189,0.0139633333333333
1275,0.0424106666666666,0.0147679999999999
1275.25,0.0417006666666666,0.0142946666666666
1275.5,0.0413693333333333,0.0148721333333333
1275.75,0.0417006666666666,0.0144271999999999
1276,0.0425526666666666,0.0149573333333333
1276.25,0.0419373333333333,0.0145076666666666
1276.5,0.043594,0.0166613333333333
1276.75,0.0428366666666666,0.0160176
1277,0.042316,0.015265
1277.25,0.0425526666666666,0.0152839333333333
1277.5,0.0432153333333332,0.0156152666666666
1277.75,0.0439726666666666,0.0162826666666666
1278,0.0441146666666666,0.015904
1278.25,0.0469073333333333,0.0118002
1278.5,0.0710946666666666,0.00398546666666664
1278.75,0.0733193333333333,0.00670831666666657
1279,0.071142,0.00357366666666661
1279.25,0.0727039999999999,0.00290626666666657
1279.5,0.074692,0.00513093333333325
1279.75,0.147112,0.0116534666666666
1280,0.304353333333333,0.00315239999999989
1280.25,0.321393333333333,0.0114925333333333
1280.5,0.313346666666667,0.00815553333333325
1280.75,0.309086666666667,0.00157194
1281,0.33654,0.00910693333333332
1281.25,0.338433333333333,0.00313251999999996
1281.5,0.341746666666667,0.00222466666666657
1281.75,0.344113333333333,0.00701006666666664
1282,0.34506,0.0123019333333333
1282.25,0.344113333333333,0.00433242
1282.5,0.357366666666667,0.0105505999999999
1282.75,0.355946666666667,0.0104464666666666
1283,0.36636,0.0124392
1283.25,0.363046666666667,0.00966546666666661
1283.5,0.35642,0.00593275999999993
1283.75,0.360206666666667,0.0130876666666666
1284,0.329913333333333,0.00909746666666664
1284.25,0.235767333333333,0.00875666666666664
1284.5,0.237329333333333,0.00993053333333329
1284.75,0.26057,0.00638526666666661
1285,0.268900666666667,0.0050268
1285.25,0.251245333333333,0.00340799999999989
1285.5,0.265824,0.0157762
1285.75,0.375353333333333,0.0196102
1286,0.402806666666667,0.0101813999999999
1286.25,0.43026,0.0156294666666666
1286.5,0.42458,0.00887973333333325
1286.75,0.43452,0.0176032666666666
1287,0.425053333333333,0.0129646
1287.25,0.428366666666667,0.0131397333333332
1287.5,0.41748,0.0127374
1287.75,0.42174,0.00869986666666657
1288,0.414166666666667,0.0119043333333332
1288.25,0.40612,0.00316186666666657
1288.5,0.40612,0.00261279999999996
1288.75,0.410853333333333,0.00446211333333325
1289,0.40896,0.00354999999999996
1289.25,0.408486666666667,0.0124297333333333
1289.5,0.366833333333333,0.00563266666666657
1289.75,0.329913333333333,0.00330859999999993
1290,0.275953333333333,0.00797377333333332
1290.25,0.193451333333333,0.00205426666666657
1290.5,0.124865333333333,0.00446353333333332
1290.75,0.0781946666666666,0.00397599999999996
1291,0.0822653333333333,0.00804666666666661
1291.25,0.0354526666666666,0.005538
1291.5,0.0317601372110364,0.0110447303504847
1291.75,0.0345651493917274,0.00953414188807779
1292,0.033649039606396,0.0129640830012299
1292.25,0.0348243289020186,0.0131663294928606
1292.5,0.0400507075724372,0.0150379071828585
1292.75,0.0379044624219725,0.0145284685143571
1293,0.0323574149149149,0.0117576426426426
1293.25,0.0328307572327043,0.0125526571069182
1293.5,0.0517950265013372,0.010485220617554
1293.75,0.0393260471628592,0.0138040533529845
1294,0.039553837037037,0.0154589579753085
1294.25,0.0380300336648814,0.0151597874521805
1294.5,0.0413221799746514,0.0143895637008872
1294.75,0.0403365606631499,0.0150862497864857
1295,0.0413550406626506,0.0165325852409638
1295.25,0.040179176530096,0.0151375986342944
1295.5,0.0407317084607542,0.0153530877675841
1295.75,0.0302219453551912,0.0116997358313816
1296,0.0402028549262994,0.0172796777863976
1296.25,0.0454040015600623,0.0177915366614664
1296.5,0.0392227147335423,0.0152390668234064
1296.75,0.0350658055335968,0.0146076017391303
1297,0.0431856891000263,0.0183869200316706
1297.25,0.0406293631047314,0.0164034534821903
1297.5,0.0453596169074371,0.0175744791867308
1297.75,0.0405971184,0.0107058911999999
1298,0.0400421021117348,0.0177072975140336
1298.25,0.0345924298315957,0.0107841427425822
1298.5,0.046018993548387,0.0163877161290322
1298.75,0.0377107811993516,0.00788240388978927
1299,0.0394308817733989,0.0174615697865353
1299.25,0.038908,0.0165382666666666
1299.5,0.0399988495145631,0.0160991810679611
1299.75,0.0440673333333333,0.0164530666666666
1300,0.0403895875613748,0.0160565163666121
1300.25,0.044304,0.0172577333333333
1300.5,0.0393193510815308,0.0151640051580698
1300.75,0.0367616630098452,0.017310195443038
1301,0.034487696714406,0.0119238368997472
1301.25,0.0375967157263559,0.0157166598528209
1301.5,0.0450032844733985,0.0166227921281216
1301.75,0.035055400601586,0.0114166912770029
1302,0.0409433333333333,0.0127563333333332
1302.25,0.035784,0.00839693333333329
1302.5,0.0339853333333333,0.00587359333333332
1302.75,0.033796,0.00681126666666661
1303,0.0483746666666666,0.00574105999999993
1303.25,0.117102666666667,0.0405173333333333
1303.5,0.152602666666667,0.038908
1303.75,0.187913333333333,0.0390499999999999
1304,0.212053333333333,0.0385766666666666
1304.25,0.231933333333333,0.0360679999999999
1304.5,0.242346666666667,0.033228
1304.75,0.23288,0.0292519999999999
1305,0.250866666666667,0.0383873333333333
1305.25,0.24282,0.0321393333333332
1305.5,0.263173333333333,0.0388133333333333
1305.75,0.254653333333333,0.0298673333333333
1306,0.26412,0.0323286666666666
1306.25,0.27122,0.0369199999999999
1306.5,0.257966666666667,0.0289206666666666
1306.75,0.271693333333333,0.0352159999999999
1307,0.26838,0.037488
1307.25,0.26554,0.0352633333333333
1307.5,0.264593333333333,0.0322813333333333
1307.75,0.263173333333333,0.0363046666666666
1308,0.2627,0.039334
1308.25,0.24424,0.0354526666666666
1308.5,0.236193333333333,0.0382453333333333
1308.75,0.226726666666667,0.0353106666666666
1309,0.20022,0.0282106666666666
1309.25,0.184174,0.0253233333333332
1309.5,0.115919333333333,0.00498893333333329
1309.75,0.101056666666667,0.00591666666666661
1310,0.105411333333333,0.00451086666666661
1310.25,0.122735333333333,0.00471913333333332
1310.5,0.103802,0.00565633333333332
1310.75,0.0909273333333332,0.00503153333333329
1311,0.092016,0.00604446666666661
1311.25,0.092442,0.00716389999999993
1311.5,0.0801353333333333,0.00581726666666664
1311.75,0.0807979999999999,0.00506466666666661
1312,0.0781,0.007242
1312.25,0.0794253333333333,0.00912586666666657
1312.5,0.0726566666666666,0.00835433333333329
1312.75,0.0688226666666666,0.00818346
1313,0.0629533333333333,0.00712271999999989
1313.25,0.0579359999999999,0.00773899999999993
1313.5,0.0572733333333333,0.00734139999999996
1313.75,0.0517353333333332,0.0105364
1314,0.0474753333333333,0.0128888666666666
1314.25,0.0378666666666666,0.0054102
1314.5,0.039618,0.0060492
1314.75,0.0338906666666666,0.00488006666666664
1315,0.034932,0.00551906666666664
1315.25,0.040896,0.0129977333333333
1315.5,0.0452033333333333,0.0154212
1315.75,0.0470966666666666,0.0148105999999999
1316,0.0459133333333333,0.0152555333333333
1316.25,0.0474753333333333,0.0151561333333333
1316.5,0.0480433333333333,0.0161028
1316.75,0.046576,0.0154212
1317,0.0452388550458715,0.016122862385321
1317.25,0.181179011124845,0.0186629072929543
1317.5,0.0403753333333333,0.0137976666666666
1317.75,0.0894984490479179,0.00910121648880519
1318,0.053999144486692,0.0112250190114068
1318.25,0.0628246209573092,0.012007113410953
1318.5,0.04045699668215,0.0146957562043795
1318.75,0.0390310289758903,0.0135313844724618
1319,0.0437182137508509,0.0127011411844792
1319.25,0.0419376880108991,0.0134552061307901
1319.5,0.040078015819209,0.0143095116836157
1319.75,0.0405132201855623,0.0129924954967186
1320,0.0375688003650467,0.0122490437599817
1320.25,0.0380186625258799,0.0134940146767886
1320.5,0.0389824610027855,0.0146835515320334
1320.75,0.0377246666666666,0.0135373333333333
1321,0.0376507813013859,0.00841939581865154
1321.25,0.0394794755244754,0.015423881118881
1321.5,0.0371339896054807,0.0149250990314197
1321.75,0.0389224361677207,0.0146576198641368
1322,0.0492020384889522,0.0145899686386314
1322.25,0.0487864462055715,0.014194148126801
1322.5,0.0368373643185669,0.0146494982328733
1322.75,0.0566864755684567,0.0193208380745041
1323,0.0373797314079422,0.0122711239470517
1323.25,0.036463433430515,0.0113526309037901
1323.5,0.0395994244186046,0.0160339774709302
1323.75,0.0370018020679468,0.00806449532250118
1324,0.0498207611316113,0.0150694766543665
1324.25,0.0484464391691394,0.0137802151335311
1324.5,0.0392687701925481,0.0158780359089772
1324.75,0.0412737329286798,0.0162153585230146
1325,0.0374598347107437,0.00855616679188574
1325.25,0.0497548516032811,0.0145765417847377
1325.5,0.0385623242846661,0.0147607211543164
1325.75,0.0330599393063584,0.0103842117052022
1326,0.0452506666666666,0.0126758666666666
1326.25,0.0409906666666666,0.00756859999999993
1326.5,0.0370146666666666,0.00711419999999989
1326.75,0.0386713333333333,0.00754966666666657
1327,0.0421266666666666,0.00782419999999993
1327.25,0.103612666666667,0.0226253333333333
1327.5,0.186493333333333,0.0442093333333333
1327.75,0.207793333333333,0.0390973333333333
1328,0.23998,0.0376773333333333
1328.25,0.273586666666667,0.0447299999999999
1328.5,0.308613333333333,0.0447299999999999
1328.75,0.351686666666667,0.0445879999999999
1329,0.351213333333333,0.0451559999999999
1329.25,0.339853333333333,0.0354053333333333
1329.5,0.344113333333333,0.0378666666666666
1329.75,0.34932,0.0395233333333333
1330,0.339853333333333,0.0393813333333332
1330.25,0.31808,0.0379613333333333
1330.5,0.318553333333333,0.0412273333333333
1330.75,0.326126666666667,0.0421266666666666
1331,0.3266,0.0393813333333332
1331.25,0.304353333333333,0.033228
1331.5,0.307193333333333,0.038908
1331.75,0.304826666666667,0.0389553333333333
1332,0.290153333333333,0.0437359999999999
1332.25,0.25986,0.0402806666666666
1332.5,0.254653333333333,0.0420793333333333
1332.75,0.254653333333333,0.041748
1333,0.248026666666667,0.0425526666666666
1333.25,0.207793333333333,0.0280213333333333
1333.5,0.149478666666667,0.0157194
1333.75,0.098974,0.00862886666666664
1334,0.0829279999999999,0.00524926666666657
1334.25,0.0794253333333333,0.007668
1334.5,0.0765853333333333,0.00612966666666661
1334.75,0.0749286666666666,0.00547646666666664
1335,0.0686333333333333,0.00568473333333325
1335.25,0.0140047858585858,0.00270238430976429
1335.5,0.0122116198125836,0.00279965261044173
1335.75,0.0110319852398523,0.00211874348708482
1336,0.011536302294197,0.00194507422402149
1336.25,0.00958089715964736,0.00156751681358143
1336.5,0.0110991740997687,0.00234668252395103
1336.75,0.0340238098159508,0.00495911042944784
1337,0.0340283567015847,0.00453412140746704
1337.25,0.0365597748917749,0.00449973616161608
1337.5,0.0369149734513274,0.00471755131091442
1337.75,0.157813665243034,-0.000246583851942135
1338,0.225531973333333,0.0331664666666666
1338.25,0.137975760648388,0.0100573832384893
1338.5,0.197920563968668,0.034271755613577
1338.75,0.0283808545001779,0.00213093706865877
1339,0.271631289640592,0.0296625140944327
1339.25,0.270915005961506,0.00899908976324303
1339.5,0.256334899557371,0.0357257882192713
1339.75,0.126048666666667,0.00530133333333325
1340,0.333345377258236,0.0189794091392135
1340.25,0.222232292787944,0.0167266523143164
1340.5,0.304798960612691,0.0193275619985412
1340.75,0.126878324917673,0.0183079462129528
1341,0.125526717832957,0.00316900406320537
1341.25,0.137317134125637,0.00980026621392185
1341.5,0.065015656392694,0.00572518820395731
1341.75,0.0902511506116208,0.0111041991590213
1342,0.10486346170254,0.0171987470234632
1342.25,0.0654796318057187,0.0105429298864081
1342.5,0.0630854616755793,0.011736169221628
1342.75,0.0516847674796748,0.0142895985365853
1343,0.0360955330033002,0.0145327041254125
1343.25,0.0351286695598264,0.0114026528208307
1343.5,0.0331552453285111,0.0114237416515973
1343.75,0.0316806261151662,0.00972770712084343
1344,0.0379700334190231,0.0168049881748071
1344.25,0.0302711773049645,0.00930627834793482
1344.5,0.0296726031152648,0.00902215092834885
1344.75,0.0301618485607008,0.0100268394868585
1345,0.0301998409669211,0.00968361412213737
1345.25,0.0410702940013183,0.0203636237310481
1345.5,0.0393552874779541,0.0183200755291005
1345.75,0.0392560079312623,0.0177714923992068
1346,0.0407944907161803,0.0193714742705569
1346.25,0.0305370204350692,0.00909161786420566
1346.5,0.0310854844267726,0.0106169607687209
1346.75,0.0409033869167224,0.0181055548113418
1347,0.0308493172151331,0.00992588646518911
1347.25,0.0318458924438393,0.0111125906966189
1347.5,0.0395812971611721,0.0176211499542124
1347.75,0.0402175992613111,0.0182652908587257
1348,0.0392230563961485,0.0170063067400274
1348.25,0.0389245322245322,0.0169153522753522
1348.5,0.0319141463979615,0.0111483552003705
1348.75,0.0394481646783625,0.0171494678830409
1349,0.0390178133333333,0.0165458997894736
1349.25,0.0327631919332406,0.0106168699582753
1349.5,0.0432328809849521,0.0211262717738257
1349.75,0.0324455577100646,0.0111023873499538
1350,0.0401092,0.01139142
1350.25,0.0470016426447037,0.0107944040265385
1350.5,0.0484860739713361,0.0110070055940822
1350.75,0.070716,0.0166992
1351,0.0787151348112642,0.019010510205712
1351.25,0.178646561385634,0.0972631278655119
1351.5,0.103846887537994,-0.00599494650455919
1351.75,0.249632735632184,0.0492646421455938
1352,0.379132757565454,0.0790097463447806
1352.25,0.274757627636808,0.0449214460409661
1352.5,0.477053527361778,0.0662390477536026
1352.75,0.350200797465012,0.0443996165830472
1353,0.349173972902466,0.0448937965160313
1353.25,0.333495532879819,0.0347429886621315
1353.5,0.550418412400188,0.0798812362611554
1353.75,0.347640576923077,0.0393333173076923
1354,0.518291300204221,0.0525257581120944
1354.25,0.520240430107527,0.052488129032258
1354.5,0.263173333333333,0.0356893333333333
1354.75,0.318988966606498,0.0412046705776172
1355,0.321742949747249,0.0559034112399643
1355.25,0.253737138769671,0.0340260530917183
1355.5,0.276488851459737,0.0518837340391402
1355.75,0.23856,0.0392866666666666
1356,0.35897181913775,0.0585590633341422
1356.25,0.26591772,0.0330470209999999
1356.5,0.285415358310284,0.0650246457128488
1356.75,0.185903988080457,0.00632824686698116
1357,0.1692929150765,0.0037578150593089
1357.25,0.205227983539095,0.027675390946502
1357.5,0.150865939675174,0.0158652877030161
1357.75,0.236277257683215,0.00407080094562641
1358,0.049416,0.00392866666666657
1358.25,0.31437123079992,0.0458477861559944
1358.5,0.0258987978276462,0.00430071277794847
1358.75,0.434209375,0.0411726041666666
1359,0.3559283392,0.0541238566399999
1359.25,0.297891721731545,0.0400808354596009
1359.5,0.303970810337275,0.0412599877354357
1359.75,0.317683948751642,0.0201946018396846
1360,0.363049463777632,0.0308070693806083
1360.25,0.159616327160494,0.0141293506172839
1360.5,0.140280281883809,0.00345283568236499
1360.75,0.289228810916179,0.0388299069200779
1361,0.173031837321826,0.0369166018046292
1361.25,0.289198881578947,0.0524615263157895
1361.5,0.0323735411255411,0.00170186897546893
1361.75,0.0315385999105945,0.00119742965280875
1362,0.256040409718914,0.0291405107193902
1362.25,0.22636646,0.0283194859999999
1362.5,0.2640544467074,0.0265471554650373
1362.75,0.284473333333333,0.0720413333333333
1363,0.040559893557423,0.0134852169467787
1363.25,0.283053333333333,0.00973173333333325
1363.5,0.0419152842621801,0.0146987345601122
1363.75,0.040194693877551,0.0177702857142856
1364,0.11746409047619,0.0135677410989011
1364.25,0.26881328821207,0.0138111138183868
1364.5,0.0962286666666666,0.00565159999999993
1364.75,0.108312596113941,0.00570324781890202
1365,0.269340680765357,0.0503591202416918
1365.25,0.174283747651007,0.017442555704698
1365.5,0.121067565795507,0.00669695048143047
1365.75,0.191412923005993,0.0499193503918856
1366,0.111328,0.0253233333333332
1366.25,0.0443974581560283,0.0132146609929077
1366.5,0.0461026666666666,0.0141810666666666
1366.75,0.0390973333333333,0.0157099333333333
1367,0.0404280225324516,0.015793377026696
1367.25,0.0400439999999999,0.0148437333333332
1367.5,0.056940932330827,0.0105059358395989
1367.75,0.0390921696969697,0.00927959959595953
1368,0.0464236358164032,0.0128456042136945
1368.25,0.0396354198089492,0.0169656623931624
1368.5,0.0323499578686492,0.00987946964064433
1368.75,0.036352,0.00757333333333332
1369,0.0407985788667687,0.0182499936702398
1369.25,0.0417642347560975,0.0128137033536585
1369.5,0.0399515907692307,0.0166181616923076
1369.75,0.0399660413476263,0.00999387519142413
1370,0.0405173333333333,0.0117623333333333
1370.25,0.0457123794631221,0.0138179285900442
1370.5,0.0361153333333333,0.0096702
1370.75,0.0382877368833202,0.0081984150352388
1371,0.0461026666666666,0.0152224
1371.25,0.0457069405888538,0.0145923291272345
1371.5,0.0463289449321628,0.0150782241021548
1371.75,0.0397126291303198,0.0156300597409463
1372,0.0346659540229885,0.0107431531870428
1372.25,0.0471542040388145,0.016605658012064
1372.5,0.034951725335438,0.00851800505130224
1372.75,0.0398703819334389,0.016293412308505
1373,0.0407389992057187,0.0171766989674344
1373.25,0.039192,0.0155679333333332
1373.5,0.0380675491866769,0.0148667290472502
1373.75,0.0366369800613496,0.0143671657975459
1374,0.0259313508500773,0.00255710615146826
1374.25,0.0517396900676026,0.0106618001040041
1374.5,0.0457929649681528,0.0115025878980891
1374.75,0.0314034083268683,0.0062178748487199
1375,0.0349318715513342,0.00309640665762088
1375.25,0.0953986339754817,0.0223022066549912
1375.5,0.111352995148995,0.0166554437283436
1375.75,0.212560152963671,0.0173654053537284
1376,0.205513822655918,0.0358465354263894
1376.25,0.231757626262626,0.0360406757575758
1376.5,0.242346666666667,0.033228
1376.75,0.354729399509804,0.0507843161764706
1377,0.403176048041178,0.0475019845581927
1377.25,0.0310033333333333,0.00487533333333325
1377.5,0.410963128451808,0.0511336611437733
1377.75,0.324895058043118,0.047140703150912
1378,0.321725437010247,0.0492775337983294
1378.25,0.419522877463582,0.055857555612682
1378.5,0.0277846666666666,0.00236666666666664
1378.75,0.333570465136274,0.0475243148482503
1379,0.0273113333333333,0.00496999999999993
1379.25,0.265945714285714,0.0353172116119174
1379.5,0.0284473333333333,0.00426
1379.75,0.31303382234761,0.0274200579635804
1380,0.396512711500472,0.060256699304303
1380.25,0.336999327921795,0.0712499284280352
1380.5,0.295265636105188,0.0398608608742004
1380.75,0.269544803815695,0.0421134148668106
1381,0.249682234962235,0.0427557360997361
1381.25,0.0280686666666666,0.00478066666666657
1381.5,0.329794584309133,0.0590233225995316
1381.75,0.320451619332337,0.0599292356751369
1382,0.280723740133576,0.0310123861566484
1382.25,0.0251813333333333,0.002982
1382.5,0.0259386666666666,0.00430733333333329
1382.75,0.0232879999999999,0.00269799999999996
1383,0.0222466666666666,0.00175133333333329
1383.25,0.0767298494892641,0.00224586750052112
1383.5,0.0788094421009098,0.00494085417700573
1383.75,0.43392208161974,0.0344766506379837
1384,0.0718072801635991,0.00183297530943918
1384.25,0.347793456334563,0.0374692000447277
1384.5,0.140183369771972,0.00345045030365527
1384.75,0.308035924204505,0.0656953159337385
1385,0.310843726661688,0.0549078155339806
1385.25,0.0246133333333333,0.00369199999999993
1385.5,0.268267424496644,0.0208652441275167
1385.75,0.0452033333333333,0.00189049333333332
1386,0.031130711111111,0.000917835555555492
1386.25,0.226253333333333,0.0283053333333332
1386.5,0.18716624742268,0.0270773505154639
1386.75,0.202695657894737,0.0179591187799043
1387,0.20732,0.0043878
1387.25,0.302933333333333,0.0234773333333333
1387.5,0.0288733333333333,0.00536286666666661
1387.75,0.164743552747693,0.00542695748094658
1388,0.23841219330855,0.0133728426683188
1388.25,0.231167567909033,0.0171602918509159
1388.5,0.191226666666667,0.0462446666666666
1388.75,0.282765907894737,0.0162886425
1389,0.229078462566845,0.0140956768270944
1389.25,0.0582039444820582,0.00719406418415703
1389.5,0.120901606143971,0.00668777028885829
1389.75,0.0551521525936264,0.00781873998604319
1390,0.0447773333333333,0.0136367333333333
1390.25,0.0567190883190882,0.0124025739791073
1390.5,0.0459370680076628,0.014130128927203
1390.75,0.0413900438276113,0.00957115266617966
1391,0.0377155817774458,0.014627785163057
1391.25,0.0400140941000747,0.0148326476474981
1391.5,0.056643479699248,0.0104510540852129
1391.75,0.0388873454545455,0.00923097893939388
1392,0.037204,0.009798
1392.25,0.0399345550527903,0.0170937051282051
1392.5,0.036230072180451,0.00894873323308271
1392.75,0.0362987188362177,0.00782037842989715
1393,0.039435045917101,0.00974777661950849
1393.25,0.0357512334823646,0.00799561932439143
1393.5,0.0405950067314883,0.0099758557965594
1393.75,0.0368332222222221,0.00882670010010001
1394,0.0407704933232552,0.0168237406903502
1394.25,0.0441619999999999,0.00960393333333325
1394.5,0.0374596643990929,0.00914261758629373
1394.75,0.0360479137670196,0.00886750257186072
1395,0.0568984663608562,0.0142033328746176
1395.25,0.035412989669942,0.0116801565129755
1395.5,0.0580273267577137,0.0142107738998482
1395.75,0.0422394525621512,0.0172853912734652
1396,0.0386713333333333,0.0117386666666666
1396.25,0.0348108812958744,0.0082202869147051
1396.5,0.036721893211289,0.00736328309178733
1396.75,0.0408324556318332,0.0187961930333079
1397,0.037488,0.0085626
1397.25,0.0403451799850634,0.0117630085138163
1397.5,0.0382820748349229,0.0146534484715089
1397.75,0.0330119219653178,0.01036912933526
1398,0.0451192195594287,0.0126390449770031
1398.25,0.0453680685131194,0.014527283090379
1398.5,0.0429615898203592,0.013682486526946
1398.75,0.0306947368421052,0.00214105263157894
1399,0.125541209302326,0.073910449612403
1399.25,0.0755110044792833,0.00326102284434487
1399.5,0.179914,0.0213378666666666
1399.75,0.341921769063181,0.0858824249818445
1400,0.423294019490055,0.100881133360032
1400.25,0.246307102102102,0.0111365312312312
1400.5,0.242849113107579,0.0332968901174844
1400.75,0.231387657801987,0.0290645472604934
1401,0.219355146650201,0.0251641185551096
1401.25,0.024282,0.00231933333333325
1401.5,0.024708,0.00246133333333332
1401.75,0.331524598092,0.0325376495702276
1402,0.232221889483066,0.0295987736185383
1402.25,0.0243293333333333,0.00227199999999996
1402.5,0.30826822476936,0.0190729143975398
1402.75,0.320675297113752,0.0324000818713449
1403,0.343363404096834,0.0352374322160149
1403.25,0.307107930682977,0.0291019071448429
1403.5,0.300490291618385,0.0897661172267284
1403.75,0.339193228109733,0.0587903346486283
1404,0.309944777682567,0.048455488907931
1404.25,0.0246606666666666,0.00265066666666657
1404.5,0.214763252623083,0.0485346029055689
1404.75,0.324386151968264,0.0625635591496287
1405,0.0261753333333332,0.00520666666666657
1405.25,0.213151224707135,0.0204151506330612
1405.5,0.0249919999999999,0.00397599999999996
1405.75,0.375575801880546,0.0215153976956694
1406,0.363981006944444,0.0215563395833333
1406.25,0.311713094245204,0.0199202668890742
1406.5,0.0596609929390997,0.00203443512797881
1406.75,0.190978535178777,0.00720896698385231
1407,0.179237339130435,0.00234569182608687
1407.25,0.298463777089783,0.028046120005897
1407.5,0.17947309915518,0.00767140951534015
1407.75,0.209025163934426,0.000530857559198479
1408,0.209408040949279,0.0275262605863192
1408.25,0.180596772662553,0.00829986742604011
1408.5,0.240926666666667,0.0149762666666666
1408.75,0.221496405561207,0.0114447714479484
1409,0.138303923444976,0.00543133014354064
1409.25,0.129764996884735,0.00677982994319221
1409.5,0.0599713333333333,0.0022365
1409.75,0.188029472599918,0.0106471096827358
1410,0.167071922017377,0.00461212629794447
1410.25,0.161251383399209,0.00378419055335967
1410.5,0.143530857931034,0.0174097614712644
1410.75,0.0291859877416313,0.00408080952380949
1411,0.0277806104815863,0.00495240084985826
1411.25,0.0268302027796764,0.0042413449077238
1411.5,0.0958355256495669,0.00500506009327111
1411.75,0.0407066666666666,0.0192646666666666
1412,0.0415113333333332,0.0186114666666666
1412.25,0.0412813758563666,0.0155773429718875
1412.5,0.0402665321680018,0.0158023557174071
1412.75,0.0493646175024582,0.00503084916420844
1413,0.0427426701440635,0.0146729277198211
1413.25,0.042615291760581,0.0130636443776608
1413.5,0.0380989116896375,0.0118729034201122
1413.75,0.0434725394839718,0.0168343498045348
1414,0.042316,0.012496
1414.25,0.0654665418979645,0.0125580175522072
1414.5,0.0481472421607378,0.0158535909354414
1414.75,0.04189,0.0166613333333333
1415,0.0492266666666666,0.0138024
1415.25,0.0457770010787486,0.0182348220064724
1415.5,0.0455238693440428,0.016281533708166
1415.75,0.0459974941239316,0.0103127234508547
1416,0.0377208937198067,0.0149317801932366
1416.25,0.0415319737704917,0.0155413025136612
1416.5,0.0376135227148329,0.0158175758620689
1416.75,0.0410109523809524,0.015114787998899
1417,0.0441393976560371,0.0161765440174434
1417.25,0.035978256,0.0127217232
1417.5,0.0362066163319946,0.0131805198393573
1417.75,0.0360459187516814,0.0130359782082323
1418,0.0349793333333333,0.0115493333333333
1418.25,0.0353782912252105,0.0120476140722629
1418.5,0.0421270493128536,0.00841112950687143
1418.75,0.0383214184168012,0.0154140426494345
1419,0.0373459999999999,0.0166613333333333
1419.25,0.055614622113556,0.010895539255637
1419.5,0.0382113306122448,0.0153510693877551
1419.75,0.0526952656376929,0.0103643466016788
1420,0.0498419999999999,0.0126143333333333
1420.25,0.0485087392953929,0.0120561271002709
1420.5,0.0395565779940524,0.0155472072452014
1420.75,0.0404556647619047,0.0161538427210884
1421,0.0396146106995884,0.0155672671604937
1421.25,0.0396144490244573,0.0159213256389118
1421.5,0.04061888053467,0.0166414035087719
1421.75,0.034612853820598,0.0112515225359911
1422,0.0291816716750139,0.00536734318308286
1422.25,0.0465694349315067,0.00174754423515975
1422.5,0.0457979321533923,0.00911212743362824
1422.75,0.0416533333333333,0.00982166666666664
1423,0.0267476363636363,0.00390324436363628
1423.25,0.0265545126353791,0.00320271131768944
1423.5,0.0265776666666666,0.00804449017857142
1423.75,0.0327727124999999,-0.000141873214285623
1424,0.0292304658421672,0.00476593981154298
1424.25,0.0270985387731481,0.00377494427083332
1424.5,0.0335485738980121,0.00857142437337943
1424.75,0.0260333333333333,0.00624799999999993
1425,0.0281160399437411,0.0041690445063291
1425.25,0.0242346666666666,0.00449666666666664
1425.5,0.0914432705432705,0.00707608135408131
1425.75,0.0334498412180532,0.00154793976073945
1426,0.0750565789043336,0.00193435039520296
1426.25,0.0247553333333333,0.00492266666666664
1426.5,0.0272659656699889,0.00442776600221479
1426.75,0.0272639999999999,0.00397741999999993
1427,0.0629923137254901,0.00497751764705874
1427.25,0.0198681864879955,-0.00132137699609157
1427.5,0.0400111770491803,0.00456392267759554
1427.75,0.0277955369325811,0.00482759646521615
1428,0.0285438089171974,0.00541798354458598
1428.25,0.0260806666666666,0.00624799999999993
1428.5,0.0188828888888888,-0.0020543444444444
1428.75,0.0398073333333332,0.00100819999999993
1429,0.148216178050652,0.0206668303914044
1429.25,0.138531601809955,0.0117240597285068
1429.5,0.0278387139479905,0.00447135508274226
1429.75,0.373619599692071,0.0195196217090068
1430,0.0270273333333333,0.00620066666666664
1430.25,0.028289154734411,0.0044662574595842
1430.5,0.0388790290394639,0.00913799076693964
1430.75,0.0291255739614995,0.00498888297872333
1431,0.0427847515243902,0.00389048324186983
1431.25,0.0296306666666666,0.00237423999999996
1431.5,0.0294886666666666,0.0068586
1431.75,0.0261753333333332,0.00544333333333332
1432,0.0257493333333332,0.00506466666666661
1432.25,0.0327016958801498,0.00417441388764043
1432.5,0.21331185577408,0.00200068547655062
1432.75,0.025276,0.00459133333333332
1433,0.0428366666666666,0.00413693333333329
1433.25,0.111800430025445,0.00646190330788797
1433.5,0.026784319284802,0.00484962099616852
1433.75,0.0221085897237283,0.00425092197263096
1434,0.0381806357685257,0.013799031264729
1434.25,0.024424,0.00454399999999993
1434.5,0.025276,0.00549397999999993
1434.75,0.0337951818930041,0.00808789925925918
1435,0.036636,0.00840166666666657
1435.25,0.0400401213960546,0.0147047931208902
1435.5,0.0415110815602836,0.00962582679837888
1435.75,0.0445106031273269,0.00570262695457924
1436,0.0420006349685534,0.00946199406289304
1436.25,0.0375449512937595,0.0119344407914764
1436.5,0.0351957194871794,0.0106771402051281
1436.75,0.0389553333333333,0.0133432666666666
1437,0.0370110684430512,0.0143800966562173
1437.25,0.0373818439382037,0.0135916792877716
1437.5,0.0362573333333333,0.0116028199999999
1437.75,0.0397801340551688,0.0144291255478216
1438,0.0456865555555556,0.015096837037037
1438.25,0.0426547930666666,0.0155531047466666
1438.5,0.0326739616306954,0.0121944741806554
1438.75,0.0378847781350482,0.0144382038585209
1439,0.042174,0.0141668666666666
1439.25,0.0449190718232044,0.0146411638516179
1439.5,0.0422548423280423,0.0140975796825397
1439.75,0.0518588066825776,0.0120988066825775
1440,0.0342148077433041,0.0123943613630336
1440.25,0.0360937271494439,0.0137699714673175
1440.5,0.0387134901652242,0.0144695765538945
1440.75,0.0368080457203615,0.0135464904837852
1441,0.0372637174959871,0.0141943473515248
1441.25,0.036152064,0.0127831807999999
1441.5,0.0368825515394912,0.0134265847389557
1441.75,0.0359583578154425,0.0130043118644067
1442,0.0368130021574972,0.013699729557713
1442.25,0.0351771149144254,0.0119791061124694
1442.5,0.0370830113821137,0.0142812055284552
1442.75,0.0345801542654674,0.0111065557372581
1443,0.0524755772887802,0.0118317131214344
1443.25,0.0340978675496689,0.0111601655629139
1443.5,0.0433573333333333,0.00875193333333325
1443.75,0.0392718431372548,0.0074185411764705
1444,0.0525008410087718,0.0116673786184211
1444.25,0.0409166344980587,0.00828763349972262
1444.5,0.0346006666666666,0.0120274
1444.75,0.0503517799999999,0.00805059533333329
1445,0.0370334273079048,0.0138792793808734
1445.25,0.0416533333333333,0.0176979333333332
1445.5,0.0421147834877843,0.0177270550968828
1445.75,0.0379309564233163,0.0136835925297113
1446,0.0404550150753769,0.0154378974874372
1446.25,0.037533544920235,0.0130310455079764
1446.5,0.149018821459982,0.0260071064204045
1446.75,0.04134734006734,0.00974951484542392
1447,0.0369576979362101,0.0139476369606004
1447.25,0.0382093546566321,0.00846469614299143
1447.5,0.0293713916904535,0.00700724287979699
1447.75,0.0259733543599258,0.00512052790352496
1448,0.0325883975757575,0.00317394957575753
1448.25,0.0225700754147813,0.00306745701357461
1448.5,0.0238819337511191,0.00277125013428826
1448.75,0.0261268455284553,0.00357971096657626
1449,0.042089019958296,0.00168828990169786
1449.25,0.0262939206917113,0.00504635569469288
1449.5,0.0199448924731182,0.00027197580645159
1449.75,0.0922551047957371,-0.00548531119005321
1450,0.0322339999999999,-0.00157619999999989
1450.25,0.0325743531468531,0.00956458543123533
1450.5,0.0576046666666666,0.031098
1450.75,0.0217353344968004,0.00176906722513079
1451,0.0560911337325349,0.00839233361847723
1451.25,0.0384249072164948,0.00590971305841918
1451.5,0.0424427738927738,0.00197130506992999
1451.75,0.0237953516295025,0.00033246998284725
1452,0.0192974018691589,-0.000379310110450249
1452.25,0.0573667586012408,0.00902355939086291
1452.5,0.235752394241418,0.00986454972314505
1452.75,0.0311664983221476,0.00464896325503352
1453,0.0292142774957698,0.00306008798646353
1453.25,0.0184140414937758,0.00162893443983398
1453.5,0.0398367473426001,0.000992374488961465
1453.75,0.0355680537021968,0.00162644304312441
1454,0.0436055155953349,0.00396577692432869
1454.25,0.0226908630283574,-0.000729518352059875
1454.5,0.0209379639639639,0.000165798357180619
1454.75,0.0230601607717041,0.000527363344051343
1455,0.0285697064172512,0.00161501480904127
1455.25,0.0427701382488479,0.00386900921658981
1455.5,0.0422967094339622,0.00182130093081754
1455.75,0.044112213414634,0.00205435541666664
1456,0.0306967424242424,0.00262575212121207
1456.25,0.190568993883792,0.00277345107033632
1456.5,0.0377968006182379,0.00648821483771243
1456.75,0.0358435378729915,0.00527499760265232
1457,0.0346415302435192,0.0052171380047132
1457.25,0.0201302596380802,0.000254024704956699
1457.5,0.0343497777777777,0.008822074074074
1457.75,0.0423968203497614,0.0140898766295707
1458,0.0382805581395349,0.00628423448275861
1458.25,0.0356360403551251,0.00727745224643525
1458.5,0.0345435227085053,0.00571787448389757
1458.75,0.0339379999999999,0.0113884
1459,0.0255908490878938,0.00193583913764504
1459.25,0.0381033333333332,0.0138639333333332
1459.5,0.0387013343677269,0.0135525725368502
1459.75,0.0356500238465525,0.0138807539657854
1460,0.04196544101346,0.0139695769860121
1460.25,0.0441382381335478,0.00976161464199517
1460.5,0.0651729435073627,0.0101684926372155
1460.75,0.0393172116359754,0.0109058232132372
1461,0.0309585193548387,0.0102594541935483
1461.25,0.0376393840867036,0.0146647562780861
1461.5,0.0403431360978202,0.0147278459330143
1461.75,0.0383564753483386,0.0161749871382636
1462,0.0371865113788487,0.0147040676840695
1462.25,0.0423232351836953,0.0165592030034861
1462.5,0.0385286389568051,0.0158527318663406
1462.75,0.039222315042315,0.0162323677313677
1463,0.0441950557377048,0.0162048537704918
1463.25,0.0443403147540983,0.0167697344262295
1463.5,0.0382453333333333,0.0156010666666666
1463.75,0.0450389603429796,0.0095672233654876
1464,0.0374785104669887,0.0148358330112721
1464.25,0.0358896430702467,0.0136921121779223
1464.5,0.0341026143896523,0.012509048234977
1464.75,0.0338664010884353,0.0122432747755102
1465,0.0370248475120385,0.0141033579454253
1465.25,0.036036192,0.0127422090666666
1465.5,0.0362653933065595,0.0132019167871486
1465.75,0.0360459187516814,0.0130359782082323
1466,0.0369024989212513,0.0137330352211434
1466.25,0.0355507280630263,0.0121063351806574
1466.5,0.0371737528455285,0.0143161513821138
1466.75,0.0428718652423993,0.00780220575184874
1467,0.0526476283618581,0.0118705056234718
1467.25,0.0554787557728877,0.0108689214887258
1467.5,0.0382734628571428,0.0153760304761904
1467.75,0.0527381770917952,0.0103727866233414
1468,0.0394759999999999,0.0148768666666666
1468.25,0.0532532859504132,0.0110290109090908
1468.5,0.0542753598014888,0.0101130074441687
1468.75,0.040063119868637,0.016302680350301
1469,0.0358612426265999,0.0118479481914301
1469.25,0.04402,0.0098406
1469.5,0.0422565841055882,0.0177867421510811
1469.75,0.034990026578073,0.0113741292358803
1470,0.0406593333333332,0.0155158666666666
1470.25,0.0378193333333333,0.0131302666666666
1470.5,0.0304826666666666,0.00637106666666664
1470.75,0.0292046666666666,0.00563739999999996
1471,0.0304353333333332,0.00547173333333325
1471.25,0.029962,0.004686
1471.5,0.0472630967741935,0.00818723374689824
1471.75,0.0348846666666666,0.00597819999999996
1472,0.0510253333333333,0.00975066666666661
1472.25,0.0516406666666666,0.00714733333333332
1472.5,0.0466233333333332,0.00565633333333332
1472.75,0.0463866666666666,0.0118049333333333
1473,0.038482,0.00899333333333329
1473.25,0.0451559999999999,0.0101293333333333
1473.5,0.0471439999999999,0.0103896666666666
1473.75,0.0395706666666666,0.00540546666666661
1474,0.0545753333333333,0.0147727333333333
1474.25,0.0438306666666666,0.002556
1474.5,0.0479013333333332,0.00618883333333332
1474.75,0.0408013333333333,0.00193119999999996
1475,0.0399019999999999,0.00273113333333329
1475.25,0.0364939999999999,0.00427278
1475.5,0.0399966666666666,0.00540073333333332
1475.75,0.0402806666666666,0.0065178
1476,0.0344113333333333,0.00432011333333329
1476.25,0.0328493333333333,0.00402806666666664
1476.5,0.0322813333333333,0.00410853333333325
1476.75,0.0307666666666666,0.00242346666666661
1477,0.0324706666666666,0.00346953333333325
1477.25,0.0324706666666666,0.00350124666666661
1477.5,0.0330859999999999,0.00428366666666664
1477.75,0.032518,0.00379281999999996
1478,0.0327546666666666,0.00389695333333332
1478.25,0.034648,0.00608706666666661
1478.5,0.0340326666666666,0.00556639999999993
1478.75,0.0330386666666666,0.00436886666666664
1479,0.0341273333333333,0.00523269999999996
1479.25,0.0333226666666666,0.00428366666666664
1479.5,0.0337013333333333,0.00525399999999996
1479.75,0.0347899999999999,0.00482799999999996
1480,0.0340326666666666,0.00525399999999996
1480.25,0.0333226666666666,0.00435466666666657
1480.5,0.024000078628189,0.00197953404433284
1480.75,0.0311453333333333,0.00170399999999989
1481,0.0453738481174217,0.00730396830461603
1481.25,0.0196220239043824,-0.0013744895971668
1481.5,0.0249919999999999,0.000539599999999929
1481.75,0.0262027385095938,0.00217580466309677
1482,0.0266999642090193,0.00215048174659983
1482.25,0.0373824331239823,0.0139633003023958
1482.5,0.04746992286115,0.0057577946236559
1482.75,0.0354922436974789,0.0149321949579831
1483,0.039425390772128,0.013276381591337
1483.25,0.0252109995331465,0.00150556494397756
1483.5,0.0311595429997731,0.00742926471522574
1483.75,0.0391222663886958,0.0150319417187862
1484,0.0356683108045976,0.00948625287356312
1484.25,0.0389685380522785,0.012834461253759
1484.5,0.0407230958712385,0.0141622691392582
1484.75,0.0383939619985924,0.0124898876378136
1485,0.039504017033357,0.0136085180979417
1485.25,0.0509552024482109,0.0112196245762711
1485.5,0.0327090764872521,0.00940633745042482
1485.75,0.0331579186073864,0.0120792929663608
1486,0.0397875035868005,0.0144849167862267
1486.25,0.0411973706705969,0.0152392125767624
1486.5,0.0523623179487179,0.0112681421245421
1486.75,0.0329180875912408,0.0118514547445255
1487,0.0352159999999999,0.0107825333333333
1487.25,0.0325127562776957,0.0110505784342688
1487.5,0.0448465372023809,0.00933241820436498
1487.75,0.0423617485119047,0.00848645461309515
1488,0.0541966666666666,0.0115114666666666
1488.25,0.0500486425884122,0.0130679960872836
1488.5,0.0435990262286733,0.00990585057295637
1488.75,0.0351806079027355,0.0124247841945288
1489,0.0442904246122553,0.0113686651411136
1489.25,0.035358,0.0117576
1489.5,0.0481174742798354,0.0108086543209876
1489.75,0.0497473333333333,0.0129977333333333
1490,0.0389990483619345,0.0144040280811232
1490.25,0.0482852797711908,0.0108772959958398
1490.5,0.0396340268350433,0.0154941613259668
1490.75,0.0428366666666666,0.016614
1491,0.0364539835325365,0.0123811327490039
1491.25,0.0368542295698924,0.0120241095698924
1491.5,0.0472765485164394,0.0112980529270248
1491.75,0.0494235398230087,0.0116133380530973
1492,0.0450139999999999,0.00986899999999993
1492.25,0.0396025014749262,0.0153957093054438
1492.5,0.0398666421136909,0.00863698799039227
1492.75,0.048419811841038,0.0122619130575831
1493,0.0410807710843373,0.00734731951807222
1493.25,0.0370964451647757,0.0125797117233927
1493.5,0.0372253344103392,0.0130689703823371
1493.75,0.0363459820700896,0.0131955843520782
1494,0.0369487556621369,0.0130238480149213
1494.25,0.0349218960043787,0.0115918012041597
1494.5,0.149803131046614,0.0261439859278803
1494.75,0.0487445601647542,0.0101092803765813
1495,0.0343300407440212,0.0123095007971656
1495.25,0.029962,0.004686
1495.5,0.0342090836831793,0.0106156386230058
1495.75,0.221172180659462,0.0185592308118592
1496,0.0354940495238095,0.00586895543945574
1496.25,0.0320368450995603,-0.00298225337470902
1496.5,0.0487370658591975,0.00924681927832446
1496.75,0.0463866666666666,0.0118049333333333
1497,0.038225928988554,0.00609918028498006
1497.25,0.0404096207302709,0.00663665182567726
1497.5,0.0465141536406145,0.0102508601647739
1497.75,0.0423256455240666,0.00505529901034632
1498,0.0502836416721963,0.00889850962176501
1498.25,0.0433961260189468,0.00253065961665564
1498.5,0.0550793203317642,0.00771393911678992
1498.75,0.220078263650902,0.0101643904957733
1499,0.0344573784601069,0.00815892891370081
1499.25,0.0255428121041519,0.00389025638282898
1499.5,0.0246023765432098,0.00267520987654321
1499.75,0.0263230767085076,0.00495548312412823
1500,0.0457035217592592,0.00951647842592586
1500.25,0.0338234052894924,0.00541366118656178
1500.5,0.0257228966461327,0.0031529054072553
1500.75,0.0465909560185184,0.00983376624999996
1501,0.0455346666666666,0.00914953333333332
1501.25,0.032927585499316,0.00609089671682624
1501.5,0.0469736129326046,0.0103599992714025
1501.75,0.0320535140186915,0.00454130787716956
1502,0.0323716283499446,0.00568470439867105
1502.25,0.0333881764962866,0.00716612708606374
1502.5,0.0449847130774235,0.0094084746909564
1502.75,0.0246917766367137,0.00335203851091132
1503,0.0313096785109983,0.00521183549069368
1503.25,0.0473654175257732,0.00999300601374562
1503.5,0.0496667550456766,0.0106496078181431
1503.75,0.0462456737588652,0.00935722931442078
1504,0.0457665515771525,0.00815305166240401
1504.25,0.0312638019047619,-0.00262174675132275
1504.5,0.0303152638352638,-0.00333467902187901
1504.75,0.0297370309978768,-0.00322492974097658
1505,0.0447902616464581,0.00721002659008718
1505.25,0.0363053562913907,0.00720419602648998
1505.5,0.0250925714285714,0.000541771428571391
1505.75,0.0437438732673267,0.00628286732673261
1506,0.0355,0.00392866666666657
1506.25,0.0346030399257195,0.0106636792014855
1506.5,0.0349074,0.00702404999999994
1506.75,0.0324730974797907,0.00919049928673315
1507,0.0415462212643678,0.00916474664750954
1507.25,0.0402765593655236,0.0148379797993934
1507.5,0.0265292172907997,0.00192658319463703
1507.75,0.0338011519274376,0.0115882947845804
1508,0.039177891025641,0.013200008562271
1508.25,0.0391303451306962,0.0128877531343974
1508.5,0.0403279999999999,0.0140248666666666
1508.75,0.0380971710063335,0.0123933389631714
1509,0.039363931866572,0.0135602609415661
1509.25,0.0506677259887005,0.0111563262711864
1509.5,0.0326858456090651,0.00939965681303115
1509.75,0.0330874697718183,0.0120536287461774
1510,0.0441146666666666,0.0086052
1510.25,0.043595513859275,0.00939452622601279
1510.5,0.0401065427473583,0.0149680822286262
1510.75,0.0404589089161259,0.0155691175198269
1511,0.0525212860246198,0.0136801833454018
1511.25,0.0509983250849102,0.0129315493449781
1511.5,0.0315757428432799,0.0104468180494905
1511.75,0.0355786558345642,0.0112001608567208
1512,0.0372315381199112,0.00980525240562542
1512.25,0.0361325073746312,0.0088049215339232
1512.5,0.0366295454545454,0.00985452932551316
1512.75,0.0347942519178421,0.0118840857708487
1513,0.0449333086053412,0.0150455636498516
1513.25,0.0365534864864865,0.0096578656156156
1513.5,0.0415586666666666,0.0191131999999999
1513.75,0.054843720029784,0.0124494772896499
1514,0.038463543200601,0.0127138115702479
1514.25,0.0395880544217687,0.0156649505668934
1514.5,0.0402121813614669,0.00941449299171054
1514.75,0.039256768138001,0.0154378423135464
1515,0.0368631342592592,0.00895247546296288
1515.25,0.0333226666666666,0.0111422666666666
1515.5,0.039492977470558,0.0156931376344086
1515.75,0.0364272041858091,0.00878705640632973
1516,0.0349115216833461,0.00777337952270969
1516.25,0.0369293138611324,0.0141719783756084
1516.5,0.038393467791411,0.0108852328732105
1516.75,0.0408324556318332,0.0187961930333079
1517,0.0387956602907421,0.0152103620504972
1517.25,0.0395464521604938,0.0171605904320987
1517.5,0.0380969904466821,0.0148782269042086
1517.75,0.0391840744186046,0.0150269023255813
1518,0.0258713245749613,0.00255118692426582
1518.25,0.0514183255330213,0.0105955777431097
1518.5,0.0449247484224965,0.0130120307270233
1518.75,0.0293231927252986,0.00360973713355043
1519,0.0568473333333332,0.019809
1519.25,0.0875846147501213,0.00448151586608439
1519.5,0.146350780619112,0.0049619253028263
1519.75,0.0724673333333333,0.00847266666666661
1520,0.167460734597156,0.0203980420221168
1520.25,0.0593086666666666,0.004686
1520.5,0.254038706467662,0.0163876174840085
1520.75,0.060066,0.00620066666666664
1521,0.0558533333333333,0.00586933333333332
1521.25,0.256666885348329,-0.000681919400187348
1521.5,0.191727455529776,0.0110408569218871
1521.75,0.228251900369004,0.00859022712177112
1522,0.204843521725919,0.0141156672743846
1522.25,0.21148380439659,0.00219562960969034
1522.5,0.274736721979621,0.0191374826200873
1522.75,0.0672133333333333,0.00700533333333325
1523,0.205779481894948,0.013029539544869
1523.25,0.190553264604811,0.000680999257044594
1523.5,0.170401435551811,-0.00694491255265374
1523.75,0.223508483816014,0.0132873899488926
1524,0.170499334452371,0.00853192966848502
1524.25,0.189969048040082,0.0174217845564397
1524.5,0.20448,0.00116203333333332
1524.75,0.0432626666666666,0.00445879999999993
1525,0.0434519999999999,0.00412746666666661
1525.25,0.215998032875236,0.0589042670439234
1525.5,0.0603742456676859,0.000936841743119169
1525.75,0.313236060713025,0.0261187772679138
1526,0.165935514991182,0.00805695446649026
1526.25,0.338047042908476,0.0452775299091101
1526.5,0.398895072010019,0.0269715529117094
1526.75,0.0425825839309843,0.00123565533728292
1527,0.34910602143951,0.0430469484430832
1527.25,0.378689717202654,0.0382462466564573
1527.5,0.0794746046319271,0.00498255566583946
1527.75,0.375473716057302,0.0250000153944836
1528,0.0719002044989775,0.00183534732536855
1528.25,0.452331705170517,0.0303133289328932
1528.5,0.32092,0.03834
1528.75,0.30814558455488,0.0657187033726611
1529,0.309339870600414,0.0608670284679089
1529.25,0.306519121951219,0.040331463414634
1529.5,0.0569569060773481,0.00730083977900549
1529.75,0.280603421500387,0.0455980559938127
1530,0.225644626666667,0.0331830333333333
1530.25,0.0467653333333333,0.00593559999999996
1530.5,0.043878,0.00582531333333325
1530.75,0.0437833333333333,0.00576661999999993
1531,0.168702352706211,0.020554975034951
1531.25,0.0279098230800161,0.00344851881785276
1531.5,0.264753401895543,0.0279909231699939
1531.75,0.254489786715417,0.00750673784277869
1532,0.226174684520187,0.0119225694867112
1532.25,0.305203228330245,0.0295250949145563
1532.5,0.297540935745477,0.0314570305676856
1532.75,0.287607583488903,0.0315516872018253
1533,0.08236,0.0046008
1533.25,0.0383193565591398,0.0136109595698924
1533.5,0.0590522981099656,0.0106435862113402
1533.75,0.0975037141000649,0.0151866278102663
1534,0.0409573224115334,0.0150082368283092
1534.25,0.0861273328927076,0.0119604488301387
1534.5,0.063715859881031,0.018537672967614
1534.75,0.0451719810169491,0.0167126779661017
1535,0.0376643063905588,0.011708891249165
1535.25,0.0402256384335154,0.0149132654826958
1535.5,0.0400542430507695,0.0148500748908798
1535.75,0.0406790314550803,0.0130456707852454
1536,0.0358540922374429,0.0117968477625571
1536.25,0.037914,0.0134568666666666
1536.5,0.0551433333333332,0.0170116
1536.75,0.0551666694599627,0.01809204283054
1537,0.0354801333333332,0.0120148633333333
1537.25,0.0396457048951048,0.0154888237762238
1537.5,0.0380124441360166,0.0136835378209576
1537.75,0.0389224361677207,0.0146576198641368
1538,0.0400247542134831,0.015905695224719
1538.25,0.0399482941454202,0.0158890658640226
1538.5,0.0400630680901541,0.0159065570106761
1538.75,0.0377550085470085,0.0127375483380816
1539,0.0382926666666666,0.0139538666666666
1539.25,0.0385093698435277,0.0117801725462304
1539.5,0.0371361077441077,0.012462385137085
1539.75,0.0386050318627451,0.0142293884313725
1540,0.0382906177549523,0.0134349710931768
1540.25,0.0398904110127826,0.0156820359882006
1540.5,0.035022439238653,0.0112224491947291
1540.75,0.0388986373626373,0.0145300641758241
1541,0.0350612043956043,0.0109424887912087
1541.25,0.039355465116279,0.0158405747093023
1541.5,0.0382453333333333,0.0140201333333333
1541.75,0.0353384682765151,0.0110569086647727
1542,0.0634266666666666,0.0171346666666666
1542.25,0.0428582738944365,0.0138653580599144
1542.5,0.039334,0.00719466666666661
1542.75,0.0487533333333333,0.0112653333333333
1543,0.0576748306942753,0.0114780969549329
1543.25,0.17892,0.0974119999999999
1543.5,0.210424937428896,0.0374349721274174
1543.75,0.210633333333333,0.0358313333333333
1544,0.246133333333333,0.0438306666666666
1544.25,0.27264,0.0351686666666666
1544.5,0.30672,0.0373459999999999
1544.75,0.332753333333333,0.0371093333333333
1545,0.33654,0.0299146666666666
1545.25,0.358786666666667,0.0374406666666666
1545.5,0.371566666666667,0.0436413333333333
1545.75,0.379613333333333,0.0478066666666666
1546,0.428366666666667,0.060208
1546.25,0.430733333333333,0.0331806666666666
1546.5,0.5041,0.102192666666667
1546.75,0.347922060423826,0.0392539623424971
1547,0.452506666666667,0.0572733333333333
1547.25,0.427968633976777,0.0544290799497078
1547.5,0.41651940230926,0.0635252983171081
1547.75,0.410853333333333,0.0656513333333333
1548,0.421266666666667,0.062338
1548.25,0.344113333333333,0.0645153333333332
1548.5,0.34506,0.070716
1548.75,0.364466666666667,0.0843953333333333
1549,0.315713333333333,0.0544333333333333
1549.25,0.529823928035982,0.0866423538230884
1549.5,0.151703333333333,0.018744
1549.75,0.148295333333333,0.0296779999999999
1550,0.111328,0.00291099999999996
1550.25,0.508574319165182,0.0280543787223212
1550.5,0.539959723581423,0.0571722060262683
1550.75,0.0579833333333333,0.00205899999999996
1551,0.0471913333333333,0.00373933333333332
1551.25,0.040044,0.0052398
1551.5,0.0399966666666666,0.00514986666666661
1551.75,0.0330859999999999,0.00312778666666657
1552,0.0328493333333333,0.00253233333333325
1552.25,0.0352159999999999,0.00473333333333329
1552.5,0.0354526666666666,0.00525399999999996
1552.75,0.0343166666666666,0.00371566666666657
1553,0.0328966666666666,0.00374737999999993
1553.25,0.0293466666666666,0.00449666666666664
1553.5,0.029962,0.00541966666666657
1553.75,0.028116,0.00380559999999996
1554,0.0284473333333333,0.00407066666666664
1554.25,0.0293466666666666,0.00586933333333332
1554.5,0.028116,0.00501733333333332
1554.75,0.02769,0.0054954
1555,0.430133479342957,0.0483014873071179
1555.25,0.0362573333333333,0.0168506666666666
1555.5,0.0389553333333333,0.0161406666666666
1555.75,0.0404699999999999,0.017892
1556,0.0393813333333332,0.0163773333333333
1556.25,0.268359977439368,0.0137878235758601
1556.5,0.265066666666667,0.019312
1556.75,0.211440914956012,0.0212722662756598
1557,0.038056,0.0150283333333333
1557.25,0.0383873333333333,0.0157667333333333
1557.5,0.040186,0.0168364666666666
1557.75,0.0399966666666666,0.015762
1558,0.0400913333333333,0.0164719999999999
1558.25,0.0418426666666666,0.01917
1558.5,0.0408486666666666,0.0177499999999999
1558.75,0.0412746666666666,0.0173429333333333
1559,0.0411326666666666,0.0179535333333333
1559.25,0.0373705792630677,0.0139712850899743
1559.5,0.0368740261096605,0.0128513336814621
1559.75,0.0419373333333333,0.0191510666666666
1560,0.040186,0.0181759999999999
1560.25,0.0405646666666666,0.0186871999999999
1560.5,0.0392393333333333,0.0185073333333333
1560.75,0.0396653333333333,0.018318
1561,0.0399966666666666,0.0184836666666666
1561.25,0.0408013333333333,0.0202302666666666
1561.5,0.0393813333333332,0.0183322
1561.75,0.039334,0.0178068
1562,0.0408486666666666,0.0193972
1562.25,0.0406593333333332,0.0195676
1562.5,0.0409433333333333,0.0199604666666666
1562.75,0.0408486666666666,0.0180813333333332
1563,0.0399019999999999,0.0176742666666666
1563.25,0.0383873333333333,0.0164104666666666
1563.5,0.0388606666666666,0.0173003333333333
1563.75,0.0392393333333333,0.017821
1564,0.038482,0.0166849999999999
1564.25,0.03834,0.0166613333333333
1564.5,0.0397126666666666,0.0170636666666666
1564.75,0.0382926666666666,0.0166471333333333
1565,0.0377719999999999,0.0160176
1565.25,0.0405173333333333,0.0173524
1565.5,0.041748,0.0204006666666666
1565.75,0.0321215341643583,0.0109915113111727
1566,0.0391898666666666,0.0111303199999999
1566.25,0.0469385531914893,0.010779914893617
1566.5,0.0707078580204777,0.0137976892832764
1566.75,0.0488581718303669,0.007788096242584
1567,0.0405646666666666,0.00725146666666657
1567.25,0.140864,0.0434046666666666
1567.5,0.154590666666667,0.0381506666666666
1567.75,0.224833333333333,0.04047
1568,0.25276,0.0378666666666666
1568.25,0.276426666666667,0.0414166666666666
1568.5,0.310506666666667,0.050268
1568.75,0.320446666666667,0.0518773333333333
1569,0.339853333333333,0.0615333333333332
1569.25,0.337486666666667,0.049416
1569.5,0.354053333333333,0.053818
1569.75,0.353106666666667,0.0488953333333333
1570,0.33228,0.0649886666666666
1570.25,0.32234,0.053676
1570.5,0.324706666666667,0.060208
1570.75,0.322813333333333,0.0511673333333333
1571,0.331806666666667,0.057652
1571.25,0.33654,0.0617226666666666
1571.5,0.31666,0.0532973333333333
1571.75,0.2982,0.0533446666666666
1572,0.294886666666667,0.061486
1572.25,0.3266,0.076822
1572.5,0.29536,0.0637106666666666
1572.75,0.275006666666667,0.0543859999999999
1573,0.2556,0.0484219999999999
1573.25,0.355917549754458,0.0537198221762729
1573.5,0.466725789983276,0.0259186809259748
1573.75,0.463082184978274,0.0393761328367473
1574,0.0890978772748056,0.00238484682213075
1574.25,0.552748090258668,0.0306820033021463
1574.5,0.477931390303716,0.0512474946236559
1574.75,0.393677401709402,0.0425228102564102
1575,0.3763,0.0420319999999999
1575.25,0.501656247619048,0.0259509733333333
1575.5,0.468641237899677,0.0529050178938104
1575.75,0.352845342831701,0.0461485809834767
1576,0.352234245550162,0.0303140703883494
1576.25,0.319652990712074,0.0553844842105262
1576.5,0.0724912693766937,0.00833531533875329
1576.75,0.294140095302927,0.0462287814840027
1577,0.269898467153285,0.0445569223844282
1577.25,0.25746498120057,0.0428006005445351
1577.5,0.28126302532512,0.06279801779603
1577.75,0.297900662020906,0.0570660026132403
1578,0.215764756623537,0.0468517757239679
1578.25,0.106132556465863,0.0207145722088353
1578.5,0.244855214105793,0.0579395768261965
1578.75,0.307193333333333,0.0316186666666666
1579,0.0405173333333333,0.0134710666666666
1579.25,0.0411799999999999,0.0163015999999999
1579.5,0.0419373333333333,0.0147064666666666
1579.75,0.0442093333333333,0.0166282
1580,0.0451086666666666,0.0169831999999999
1580.25,0.0433099999999999,0.0167418
1580.5,0.0446353333333333,0.0172861333333333
1580.75,0.044446,0.0160412666666666
1581,0.0451559999999999,0.0160933333333333
1581.25,0.0417006666666666,0.0152744666666666
1581.5,0.041322,0.0149668
1581.75,0.0445406666666666,0.0162589999999999
1582,0.0453926666666666,0.0178494
1582.25,0.043168,0.0164672666666666
1582.5,0.0419846666666666,0.0156010666666666
1582.75,0.0436886666666666,0.015975
1583,0.0459606666666666,0.0185167999999999
1583.25,0.0466233333333332,0.0197048666666666
1583.5,0.0454873333333333,0.0180481999999999
1583.75,0.0461973333333333,0.0183037999999999
1584,0.0462446666666666,0.0196764666666666
1584.25,0.0449666666666666,0.018531
1584.5,0.0443986666666666,0.0178351999999999
1584.75,0.0444933333333332,0.0179393333333333
1585,0.044872,0.0186256666666666
1585.25,0.0442093333333333,0.0184552666666666
1585.5,0.0436886666666666,0.0185688666666666
1585.75,0.0463393333333333,0.0203959333333333
1586,0.0452506666666666,0.0189901333333333
1586.25,0.0442566666666666,0.0182801333333333
1586.5,0.0460553333333333,0.017679
1586.75,0.0416121931464174,0.0166834517133956
1587,0.0463393333333333,0.0181759999999999
1587.25,0.042742,0.0172056666666666
1587.5,0.0446826666666666,0.0192362666666666
1587.75,0.0469073333333333,0.0193687999999999
1588,0.0442566666666666,0.0176600666666666
1588.25,0.0466706666666666,0.0188434
1588.5,0.0444933333333332,0.0181570666666666
1588.75,0.0438306666666666,0.0177642
1589,0.0445879999999999,0.0168553999999999
1589.25,0.0447299999999999,0.0170778666666666
1589.5,0.0433573333333333,0.0171583333333333
1589.75,0.045582,0.018531
1590,0.044872,0.0188528666666666
1590.25,0.0388606666666666,0.0134852666666666
1590.5,0.0347426666666666,0.00766326666666661
1590.75,0.0347426666666666,0.00718046666666664
1591,0.0356419999999999,0.0084774
1591.25,0.034932,0.00698166666666661
1591.5,0.032944,0.00653436666666661
1591.75,0.0353106666666666,0.00684439999999993
1592,0.0348373333333333,0.00682073333333329
1592.25,0.0344586666666666,0.00708579999999996
1592.5,0.0343639999999999,0.00626314666666657
1592.75,0.0356893333333333,0.00816026666666664
1593,0.0352633333333333,0.00863359999999993
1593.25,0.0344113333333333,0.00710946666666661
1593.5,0.0340326666666666,0.00721833333333325
1593.75,0.0356419999999999,0.00876139999999993
1594,0.036778,0.00896019999999997
1594.25,0.0372513333333332,0.0102523999999999
1594.5,0.0321393333333332,0.00625131333333325
1594.75,0.033228,0.00704319999999996
1595,0.0282279792477301,0.00259926671854732
1595.25,0.0383873333333333,0.00572733333333325
1595.5,0.0355416824989302,0.00481808369704747
1595.75,0.0394253897435896,0.00501090085470083
1596,0.0498139483537766,0.00953458954163969
1596.25,0.0384916230410843,0.00466884692926716
1596.5,0.0396653333333333,0.00700533333333325
1596.75,0.032092,0.00502206666666661
1597,0.031666,0.00637248666666661
1597.25,0.0327546666666666,0.00591666666666661
1597.5,0.030814,0.00525399999999996
1597.75,0.0304826666666666,0.00508833333333325
1598,0.029536,0.0045156
1598.25,0.0330859999999999,0.00782893333333332
1598.5,0.0296779999999999,0.00608233333333332
1598.75,0.0314293333333333,0.00508407333333325
1599,0.0314293333333333,0.00523175333333329
1599.25,0.0301986666666666,0.00639946666666657
1599.5,0.0311926666666666,0.00638053333333332
1599.75,0.0313819999999999,0.00565869999999996
1600,0.0305773333333333,0.00496999999999993
1600.25,0.0310033333333333,0.00655424666666664
1600.5,0.0339853333333333,0.00728933333333329
1600.75,0.0305299999999999,0.00501449333333329
1601,0.0292046666666666,0.00476646666666661
1601.25,0.0308613333333332,0.00518773333333332
1601.5,0.0320446666666666,0.00568094666666664
1601.75,0.031524,0.00531458666666664
1602,0.0287786666666666,0.00412746666666661
1602.25,0.0274533333333332,0.0049842
1602.5,0.0312873333333333,0.00648939999999996
1602.75,0.032376,0.00752599999999993
1603,0.037914,0.0131681333333333
1603.25,0.0420319999999999,0.0164246666666666
1603.5,0.0436413333333333,0.017466
1603.75,0.0435466666666666,0.0173287333333333
1604,0.0390499999999999,0.0151466666666666
1604.25,0.0442315267108167,0.00837883695364233
1604.5,0.0406593333333332,0.0169926666666666
1604.75,0.0443986666666666,0.0172293333333332
1605,0.0426946666666666,0.016827
1605.25,0.0398546666666666,0.0157146666666666
1605.5,0.0350976347708895,0.0110787270889487
1605.75,0.0454399999999999,0.0175133333333333
1606,0.0351678048999774,0.0114460362328613
1606.25,0.0357161469923111,0.0119703784260515
1606.5,0.0341408153740562,0.0102758100205902
1606.75,0.043878,0.0164246666666666
1607,0.0406593333333332,0.017182
1607.25,0.0359193884642112,0.0120018649988418
1607.5,0.0365358820224718,0.0117185101123595
1607.75,0.0371471125325752,0.0128330826344468
1608,0.0481951447245565,0.00963902894491121
1608.25,0.0459504116678428,0.01893640649259
1608.5,0.0385766666666666,0.0153833333333333
1608.75,0.0433573333333333,0.017182
1609,0.0443513333333333,0.0181523333333333
1609.25,0.0451086666666666,0.0183795333333332
1609.5,0.0439665451118963,0.018686972532391
1609.75,0.0465389284517826,0.0204837837281646
1610,0.0457365363874969,0.0191940359818658
1610.25,0.0399019999999999,0.0170873333333333
1610.5,0.0378193333333333,0.0149573333333333
1610.75,0.0408486666666666,0.0163773333333333
1611,0.0443986666666666,0.0185073333333333
1611.25,0.0402806666666666,0.0184836666666666
1611.5,0.0434852468265162,0.0187207672778561
1611.75,0.045262616175783,0.0186896695652173
1612,0.042209757066106,0.0168432731137584
1612.25,0.0448629999999999,0.0181135499999999
1612.5,0.0424879999999999,0.01733872
1612.75,0.0450613333333333,0.0187913333333333
1613,0.0429637228571428,0.0162413818571428
1613.25,0.0432819064748201,0.016524986091127
1613.5,0.0418066418693371,0.0165446590367191
1613.75,0.0432494456289979,0.0175827185501066
1614,0.0427916291012838,0.017978803661436
1614.25,0.0384875583456425,0.0133557921713441
1614.5,0.0340326666666666,0.00951399999999996
1614.75,0.0330386666666666,0.00909538399999993
1615,0.227470588888889,0.0165615388888888
1615.25,0.0406947549668874,0.014192476821192
1615.5,0.0447299999999999,0.0190279999999999
1615.75,0.0364939999999999,0.00912586666666657
1616,0.0308613333333332,0.00784786666666657
1616.25,0.0298673333333333,0.00926786666666664
1616.5,0.0351686666666666,0.0111138666666666
1616.75,0.0357366666666666,0.01207
1617,0.0349793333333333,0.00975066666666661
1617.25,0.0355946666666666,0.0105553333333333
1617.5,0.0200996905766525,-0.00272409924050627
1617.75,0.0373933333333333,0.0126853333333333
1618,0.0299146666666666,0.00774846666666661
1618.25,0.0326599999999999,0.00958973333333329
1618.5,0.035358,0.01207
1618.75,0.0327073333333333,0.0108393333333333
1619,0.0302459999999999,0.00770018666666664
1619.25,0.0295833333333332,0.00814133333333329
1619.5,0.0344586666666666,0.00975066666666661
1619.75,0.02556,0.00503626666666657
1620,0.0636372771436932,-0.000496635130231105
1620.25,0.0945231719298245,0.001188614736842
1620.5,0.0829444601353339,-0.00551389467490428
1620.75,0.0226975657546337,0.00169399023242119
1621,0.0268398473547267,0.00228044856895055
1621.25,0.0172766666666666,9.46666666666667e-05
1621.5,0.0234727945205479,-0.000109065509893431
1621.75,0.017892,-0.000648466666666572
1622,0.0268853333333333,0.00520666666666657
1622.25,0.0250370712353471,0.00399739603246162
1622.5,0.0292993333333333,0.00795199999999993
1622.75,0.0222607514277127,0.00112718635407273
1623,0.0263173333333333,0.00210159999999996
1623.25,0.045311025179856,0.000396884892086227
1623.5,0.0338557102473498,0.00501197279151943
1623.75,0.0329913333333332,0.00542439999999996
1624,0.031940650723354,0.0021257542545024
1624.25,0.0208599753086419,-0.000432439670781867
1624.5,0.0593984253075571,0.00138848548330397
1624.75,0.0299237217391304,0.00327375015420281
1625,0.022834066893424,-0.00100479369047613
1625.25,0.0267369391107335,0.00214609132257147
1625.5,0.0352283251342946,0.00725428498727729
1625.75,0.0311246935622318,0.00641443456366233
1626,0.0332566893039049,0.00654850157328796
1626.25,0.0309030837606837,0.00694610598290594
1626.5,0.0331802621082621,0.00846002421652413
1626.75,0.0322517086247085,0.0041893972027971
1627,0.0253155372549019,0.00387497117647049
1627.25,0.039743488372093,0.00914903608660782
1627.5,0.0835424713644761,0.00897591406703611
1627.75,0.0407725217391304,0.0149024042160737
1628,0.0381679464988198,0.0141226131654864
1628.25,0.0441736905336551,0.00976945529632603
1628.5,0.0401411156022635,0.0100495133387227
1628.75,0.0393488935148118,0.0109146111449159
1629,0.041646439381611,0.00942624654190394
1629.25,0.0409385541195476,0.010600582929456
1629.5,0.0399493333333333,0.0148531999999999
1629.75,0.0434638815539255,0.0149829789731051
1630,0.0525281274834436,0.00944272571743925
1630.25,0.0377246666666666,0.0125244
1630.5,0.0315972539682539,0.0112461590585659
1630.75,0.0391901392301392,0.0162190515970516
1631,0.0441950557377048,0.0162048537704918
1631.25,0.037914,0.0130356
1631.5,0.0378185869986168,0.0128070723098202
1631.75,0.0315185384615385,0.0108495598662207
1632,0.0388306099999999,0.01408143
1632.25,0.0419145168476747,0.017630559454191
1632.5,0.041429156302521,0.0144150763025209
1632.75,0.0430605278008299,0.0153969716182572
1633,0.0304326950819671,0.0129811511475409
1633.25,0.0381190588235294,0.0101162117647058
1633.5,0.0428126479338842,0.0152807490909091
1633.75,0.04320370554177,0.0193279735318444
1634,0.0382446268656716,0.00900401276948588
1634.25,0.0441016771452846,0.01604216346644
1634.5,0.0381361527418892,0.0170688892334194
1634.75,0.0361175489361702,0.0123224578723404
1635,0.04402,0.0171488666666666
1635.25,0.0352296704249783,0.0113228065915004
1635.5,0.0436599373913042,0.0152101015652173
1635.75,0.0406827517482516,0.0173834893939393
1636,0.0361626666666666,0.00825019999999993
1636.25,0.0369640387665197,0.0145354119236417
1636.5,0.037488,0.0158093333333333
1636.75,0.0328429541778975,0.0106549757412398
1637,0.0363694964285714,0.00835976821428569
1637.25,0.0419943706356312,0.0158992200537153
1637.5,0.0418998892857142,0.0125179466071428
1637.75,0.0431295601068565,0.0184482910062333
1638,0.0410495447154471,0.0129911404761904
1638.25,0.046434,0.016188
1638.5,0.040186,0.00795199999999993
1638.75,0.0748440736123478,0.0250113042445829
1639,0.0275048213166143,0.00347969071055372
1639.25,0.16898,0.0367306666666666
1639.5,0.253233333333333,0.0429786666666666
1639.75,0.374406666666667,0.082644
1640,0.35784,0.0433099999999999
1640.25,0.37346,0.0339379999999999
1640.5,0.37488,0.0287313333333333
1640.75,0.39476,0.0486586666666666
1641,0.403753333333333,0.0451559999999999
1641.25,0.392866666666667,0.0426
1641.5,0.378193333333333,0.0522086666666666
1641.75,0.348846666666667,0.0348846666666666
1642,0.308613333333333,0.0347899999999999
1642.25,0.376340624794475,0.0619233936205195
1642.5,0.351317845333333,0.0459967914666666
1642.75,0.397781960905988,0.0359560918399006
1643,0.247231629334151,0.0323958686713715
1643.25,0.28668757311761,0.0289521387678905
1643.5,0.239506666666667,0.039618
1643.75,0.23856,0.0362573333333333
1644,0.221993333333333,0.0395706666666666
1644.25,0.21584,0.0453453333333333
1644.5,0.204953333333333,0.0360206666666666
1644.75,0.215366666666667,0.0508833333333332
1645,0.214893333333333,0.0445879999999999
1645.25,0.2556,0.0419846666666666
1645.5,0.3053,0.056232
1645.75,0.317133333333333,0.0385293333333332
1646,0.412273333333333,0.0308613333333332
1646.25,0.42458,0.0496526666666666
1646.5,0.39476,0.0312873333333333
1646.75,0.405173333333333,0.049416
1647,0.3976,0.0331333333333333
1647.25,0.47783609526447,0.0525667536231883
1647.5,0.490715367545076,0.0541446328247803
1647.75,0.421266666666667,0.0335119999999999
1648,0.409433333333333,0.0311453333333333
1648.25,0.42742,0.062622
1648.5,0.341273333333333,0.0324233333333333
1648.75,0.137620515231208,0.00512573475783474
1649,0.279266666666667,0.019738
1649.25,0.0578894276527331,0.00773277893890673
1649.5,0.212053333333333,0.036636
1649.75,0.211854781523096,0.04355318164794
1650,0.199746666666667,0.0377246666666666
1650.25,0.196433333333333,0.0358313333333333
1650.5,0.221046666666667,0.02343
1650.75,0.257493333333333,0.02698
1651,0.4473,0.0261753333333332
1651.25,0.454873333333333,0.00430733333333329
1651.5,0.411413982977245,0.0363706965433385
1651.75,0.121713505494505,0.00406343142857135
1652,0.0748743749287749,0.00800184159544157
1652.25,0.324349368932039,0.0187781213592232
1652.5,0.272166666666667,0.00802299999999996
1652.75,0.324233333333333,0.00407066666666664
1653,0.281633333333333,0.003834
1653.25,0.0584805416384562,0.00722825186188217
1653.5,0.213473333333333,0.0207036
1653.75,0.193593333333333,0.0236666666666666
1654,0.149620666666667,0.0251813333333333
1654.25,0.0994473333333332,0.0117528666666666
1654.5,0.0669293333333333,0.013845
1654.75,0.0559953333333333,0.0145786666666666
1655,0.0369673333333333,0.0101956
1655.25,0.0426946666666666,0.0127610666666666
1655.5,0.0365240362139918,0.0110898532784636
1655.75,0.0441619999999999,0.0168080666666666
1656,0.0424106666666666,0.0148721333333333
1656.25,0.0424692507074136,0.0159330629881154
1656.5,0.0352222426265999,0.00729940845854191
1656.75,0.0432508430566967,0.0171297972062448
1657,0.0384023414634146,0.0168306558265582
1657.25,0.0372378701439825,0.0100372127139364
1657.5,0.0410990065466448,0.0153991214402618
1657.75,0.0460207215496367,0.0191101399515738
1658,0.0420056351791531,0.00778953257328981
1658.25,0.0374365098039215,0.015288556862745
1658.5,0.0414586016528925,0.0154341873278236
1658.75,0.0415461582774048,0.0178075266778523
1659,0.0425053333333333,0.0160318
1659.25,0.0433099999999999,0.00825019999999993
1659.5,0.0379613333333333,0.014626
1659.75,0.0421861488888889,0.0185392044444444
1660,0.03976,0.0157667333333333
1660.25,0.0412203885245901,0.00948116153005455
1660.5,0.0403978711622806,0.0155746285087718
1660.75,0.0426584847457626,0.0158905220338982
1661,0.0355106683937823,0.0161628209556707
1661.25,0.0329238022549869,0.0113780646660884
1661.5,0.0370922703639514,0.0133012409012131
1661.75,0.035926,0.0117718
1662,0.045724,0.0159702666666666
1662.25,0.0432626666666666,0.0106357999999999
1662.5,0.037488,0.00807506666666664
1662.75,0.0454399999999999,0.0166944666666666
1663,0.0568473333333332,0.019809
1663.25,0.0552379999999999,0.0139775333333333
1663.5,0.0960866666666666,0.0166518666666666
1663.75,0.104086,0.0144271999999999
1664,0.0934833333333333,0.00421266666666661
1664.25,0.142852,0.0224359999999999
1664.5,0.126427333333333,0.00740766666666661
1664.75,0.186351333333333,0.0175606666666666
1665,0.20448,0.0159371333333333
1665.25,0.195013333333333,0.00695799999999996
1665.5,0.196386,0.0125054666666666
1665.75,0.21158,0.0131065999999999
1666,0.1988,0.00725619999999996
1666.25,0.195486666666667,0.00385766666666664
1666.5,0.207793333333333,0.0033228
1666.75,0.212053333333333,0.00631710666666661
1667,0.176837333333333,0.00759699999999996
1667.25,0.143846,0.00977433333333325
1667.5,0.130356,0.00456766666666657
1667.75,0.108109333333333,0.00869560666666657
1668,0.0789993333333333,0.00875287999999993
1668.25,0.0714733333333333,0.0077958
1668.5,0.0686333333333333,0.00807979999999993
1668.75,0.089034,0.0189144
1669,0.0964653333333333,0.0112085333333333
1669.25,0.147064666666667,0.0188244666666666
1669.5,0.221046666666667,0.0204101333333333
1669.75,0.212479333333333,0.0158471999999999
1670,0.208550666666667,0.00487059999999996
1670.25,0.21726,0.0027264
1670.5,0.214893333333333,0.00674026666666657
1670.75,0.207793333333333,0.00692486666666664
1671,0.202586666666667,0.0136793333333333
1671.25,0.21726,0.0144603333333333
1671.5,0.199746666666667,0.0136556666666666
1671.75,0.179535333333333,0.0110381333333333
1672,0.166092666666667,0.00558059999999989
1672.25,0.159986666666667,0.0141621333333333
1672.5,0.140958666666667,0.00346953333333325
1672.75,0.098832,0.00331333333333332
1673,0.0850579999999999,0.00227199999999996
1673.25,0.0682073333333333,0.00256215333333325
1673.5,0.0730353333333332,0.00399493333333332
1673.75,0.069154,0.00217733333333329
1674,0.0711893333333333,0.00288733333333332
1674.25,0.0723253333333333,0.00701006666666664
1674.5,0.0926786666666666,0.0147774666666666
1674.75,0.158046,0.0133527333333333
1675,0.30104,0.0250393333333333
1675.25,0.304826666666667,0.0157241333333333
1675.5,0.292046666666667,0.0116298
1675.75,0.290153333333333,0.0119848
1676,0.276426666666667,0.0141905333333333
1676.25,0.252286666666667,0.0187156
1676.5,0.2201,0.0115493333333333
1676.75,0.185073333333333,0.00965599999999993
1677,0.184126666666667,0.00964179999999996
1677.25,0.187913333333333,0.0189049333333333
1677.5,0.163773333333333,0.0116203333333333
1677.75,0.0860046666666666,0.0120368666666666
1678,0.144151189533239,0.0378995723715228
1678.25,0.0493457234352256,0.00706767278020377
1678.5,0.050299040553907,0.0160684025717112
1678.75,0.048437837906504,0.0148017682926829
1679,0.0431592074303405,0.0156398712074303
1679.25,0.0464218678908441,0.0135818201479214
1679.5,0.0399656855151045,0.0159295182029434
1679.75,0.0401229511041009,0.00985309779179803
1680,0.0459290730923694,0.0151736751807228
1680.25,0.0434172105684547,0.0146190193755004
1680.5,0.0309850756482223,0.0132922172681101
1680.75,0.037880778229082,0.0160104365556457
1681,0.0383088292682926,0.0167896720867208
1681.25,0.0419973487221764,0.0154510516075845
1681.5,0.0428479719008264,0.0152933569696969
1681.75,0.0404997631999999,0.0106802176
1682,0.0401386666666666,0.0177499999999999
1682.25,0.040186,0.0151939999999999
1682.5,0.0459083709677419,0.0163483225806452
1682.75,0.0423042720647773,0.017864979757085
1683,0.0367608728070175,0.0101187144736841
1683.25,0.0414767405555556,0.0173568572222222
1683.5,0.0369673333333333,0.00906906666666661
1683.75,0.0363762098360655,0.00590757245901637
1684,0.045733184079602,0.0183835052515202
1684.25,0.0412203885245901,0.00948116153005455
1684.5,0.0373296199170124,0.00937504033195017
1684.75,0.0347426666666666,0.0117907333333333
1685,0.0419124632768361,0.0185497969491525
1685.25,0.0314934572072072,0.00740238963963964
1685.5,0.0410032514817951,0.0136157279141969
1685.75,0.0361456314317672,0.0112842587248322
1686,0.0279969107289106,0.00580687194103192
1686.25,0.0350266666666666,0.0047712
1686.5,0.0457929649681528,0.0115025878980891
1686.75,0.0293470521172638,0.00361267426710092
1687,0.0711893333333333,0.0157998666666666
1687.25,0.0921106666666666,0.0168317333333333
1687.5,0.192646666666667,0.0154732666666666
1687.75,0.258913333333333,0.00833066666666664
1688,0.280686666666667,0.0303406666666666
1688.25,0.2769,-0.000748813333333321
1688.5,0.209462693682956,0.0166432800953516
1688.75,0.208284184554651,0.0133688287688132
1689,0.307193333333333,0.03195
1689.25,0.285893333333333,0.00225637999999993
1689.5,0.2982,0.0127231999999999
1689.75,0.268853333333333,0.00411799999999993
1690,0.287786666666667,0.0271645999999999
1690.25,0.28258,0.0107730666666666
1690.5,0.296306666666667,0.0175417333333333
1690.75,0.285893333333333,0.0133006666666666
1691,0.293466666666667,0.0217969999999999
1691.25,0.284,0.0203391333333332
1691.5,0.2485,0.0169453333333333
1691.75,0.24282,0.0254179999999999
1692,0.21442,0.0236666666666666
1692.25,0.208266666666667,0.0287786666666666
1692.5,0.231933333333333,0.0305299999999999
1692.75,0.231933333333333,0.0310506666666666
1693,0.244713333333333,0.0293466666666666
1693.25,0.31808,0.0327546666666666
1693.5,0.39334,0.02982
1693.75,0.44304,0.0261753333333332
1694,0.478066666666667,0.0257966666666666
1694.25,0.499366666666667,0.0220857333333332
1694.5,0.469546666666667,0.0167228666666666
1694.75,0.45724,0.0260333333333333
1695,0.449666666666667,0.0242346666666666
1695.25,0.429786666666667,0.0306246666666666
1695.5,0.4331,0.0245659999999999
1695.75,0.41606,0.0134237333333333
1696,0.405173333333333,0.0259386666666666
1696.25,0.392866666666667,0.0213473333333333
1696.5,0.36636,0.0275953333333333
1696.75,0.336066666666667,0.0266013333333332
1697,0.3266,0.0339379999999999
1697.25,0.27264,0.0180103333333333
1697.5,0.26838,0.020874
1697.75,0.259386666666667,0.0213
1698,0.25702,0.0292519999999999
1698.25,0.257966666666667,0.0295833333333332
1698.5,0.264593333333333,0.0266013333333332
1698.75,0.307193333333333,0.0316186666666666
1699,0.412746666666667,0.0290153333333333
1699.25,0.419373333333333,0.0321866666666666
1699.5,0.39618,0.021442
1699.75,0.34364,0.0133148666666666
1700,0.29536,0.02059
1700.25,0.28258,0.0139775333333333
1700.5,0.273113333333333,0.0272639999999999
1700.75,0.249446666666667,0.0207793333333333
1701,0.251813333333333,0.021868
1701.25,0.233874,0.0118191333333332
1701.5,0.203249333333333,0.0241399999999999
1701.75,0.168080666666667,0.0212526666666666
1702,0.0971600231958762,0.00839625322164938
1702.25,0.110334,0.0162589999999999
1702.5,0.0648890209919261,0.00810994265282582
1702.75,0.0532270226537217,0.0135375631067961
1703,0.0378380042643923,0.0083804524520255
1703.25,0.0369537054945055,0.00823986989010985
1703.5,0.0382435221976944,0.00898366465538379
1703.75,0.0390043878787878,0.00925876217171717
1704,0.0465286666666666,0.0128746666666666
1704.25,0.0348443717472118,0.00798124460966538
1704.5,0.0408812038442084,0.0175576499747091
1704.75,0.0412745218056618,0.0192140015302218
1705,0.0382819530658592,0.00708452440070646
1705.25,0.0462785125448028,0.014891041218638
1705.5,0.0401056061538461,0.0166822255384615
1705.75,0.0412273333333333,0.0182375333333333
1706,0.0363252860447185,0.0099636411205345
1706.25,0.0457123794631221,0.0138179285900442
1706.5,0.0351485591731266,0.00911872997416019
1706.75,0.0382877368833202,0.0081984150352388
1707,0.0462478719160104,0.0152703445669291
1707.25,0.0391418712423517,0.0156615044958765
1707.5,0.0375826666666666,0.00893653333333332
1707.75,0.0397757652656621,0.0156549088025376
1708,0.040843125203252,0.00954434336043355
1708.25,0.0404182689486552,0.0158651149144254
1708.5,0.0407314621710526,0.0157032381578947
1708.75,0.0400398840579709,0.0154824032813781
1709,0.0456766666666666,0.0162353333333333
1709.25,0.0378817930085329,0.0176465624002201
1709.5,0.036515684729064,0.0128795632183908
1709.75,0.0364290470748299,0.01231671292517
1710,0.0282106666666666,0.00312399999999996
1710.25,0.0438227152667722,0.0141471156893819
1710.5,0.0396278518518518,0.00783031111111104
1710.75,0.0407539999999999,0.00574153333333332
1711,0.0611546666666666,0.0144556
1711.25,0.0832593333333332,0.0209686666666666
1711.5,0.173382,0.00978379999999993
1711.75,0.246133333333333,0.0137455999999999
1712,0.244713333333333,0.0011928
1712.25,0.28826,0.0237518666666666
1712.5,0.306246666666667,0.0219011333333333
1712.75,0.327546666666667,0.0197474666666666
1713,0.323286666666667,0.0119895333333333
1713.25,0.313346666666667,-0.001278
1713.5,0.411326666666667,0.0726093333333332
1713.75,0.33654,0.0119422
1714,0.338433333333333,0.0158992666666666
1714.25,0.312873333333333,0.0216313333333333
1714.5,0.296306666666667,0.0174328666666666
1714.75,0.293466666666667,0.0181759999999999
1715,0.262226666666666,0.0196386
1715.25,0.253706666666667,0.0189475333333333
1715.5,0.25418,0.0283053333333332
1715.75,0.22294,0.0181192
1716,0.213,0.0266013333333332
1716.25,0.198326666666667,0.0181239333333333
1716.5,0.204953333333333,0.0291573333333332
1716.75,0.192646666666667,0.0220668
1717,0.258913333333333,0.0314766666666666
1717.25,0.371093333333333,0.0322813333333333
1717.5,0.44872,0.0230986666666666
1717.75,0.496053333333333,0.0273113333333333
1718,0.559953333333333,0.0420319999999999
1718.25,0.554273333333333,0.0307666666666666
1718.5,0.537706666666667,0.0126096
1718.75,0.532973333333333,0.0216313333333333
1719,0.532973333333333,0.0276426666666666
1719.25,0.505993333333333,0.0261753333333332
1719.5,0.431206666666667,0.0279739999999999
1719.75,0.411326666666667,0.0254653333333333
1720,0.3976,0.0345533333333333
1720.25,0.420793333333333,0.0610126666666666
1720.5,0.386713333333333,0.0552853333333333
1720.75,0.361153333333333,0.0431206666666666
1721,0.307193333333333,0.0604446666666666
1721.25,0.285893333333333,0.0652253333333333
1721.5,0.229566666666667,0.044872
1721.75,0.21584,0.0482326666666666
1722,0.26838,0.110996666666667
1722.25,0.21016,0.0629533333333333
1722.5,0.196906666666667,0.0535339999999999
1722.75,0.253706666666667,0.0499366666666666
1723,0.336066666666667,0.0439726666666666
1723.25,0.31098,0.0167228666666666
1723.5,0.319026666666667,0.00733193333333329
1723.75,0.301986666666667,0.0113708866666666
1724,0.25276,0.0112558666666666
1724.25,0.248026666666667,0.00969386666666664
1724.5,0.267906666666667,0.02769
1724.75,0.250393333333333,0.0276426666666666
1725,0.207036,0.0200077999999999
1725.25,0.174518,0.017466
1725.5,0.175796,0.0174517999999999
1725.75,0.173760666666667,0.0229093333333333
1726,0.109008666666667,0.0182138666666666
1726.25,0.106831333333333,0.0210065333333333
1726.5,0.0724673333333333,0.0213283999999999
1726.75,0.0507413333333333,0.0162589999999999
1727,0.0497071497038233,0.0166951701669359
1727.25,0.0361153333333333,0.00910882666666657
1727.5,0.038355582023711,0.00974402042459323
1727.75,0.0418776814504881,0.0130417711576011
1728,0.040612,0.0171867333333332
1728.25,0.0415339814345991,0.0143519819409283
1728.5,0.0416181828410689,0.0142116635724332
1728.75,0.0372986666666666,0.0160744
1729,0.0465286666666666,0.0185783333333333
1729.25,0.039192,0.0101577333333333
1729.5,0.0393813333333332,0.0128036666666666
1729.75,0.0463866666666666,0.0184126666666666
1730,0.042115924057971,0.0151977372753623
1730.25,0.04402,0.0191936666666666
1730.5,0.0443986666666666,0.0196906666666666
1730.75,0.0357516727802037,0.0143623099272197
1731,0.0396906108202443,0.0159565705642815
1731.25,0.045582,0.0174186666666666
1731.5,0.0467653333333333,0.018673
1731.75,0.0360361096374889,0.00777944886531093
1732,0.0395233333333333,0.0157336
1732.25,0.0368987312775329,0.0145097309838473
1732.5,0.0461026666666666,0.0184363333333333
1732.75,0.04828,0.0209213333333333
1733,0.0413693333333333,0.0192173333333333
1733.25,0.0437833333333333,0.017182
1733.5,0.046434,0.0200125333333333
1733.75,0.043168,0.0184647333333332
1734,0.0423633333333332,0.0176647999999999
1734.25,0.0425053333333333,0.0121741333333333
1734.5,0.0352159999999999,0.00591477333333325
1734.75,0.0364466666666666,0.00855786666666661
1735,0.0524453333333333,0.0199273333333333
1735.25,0.0674026666666667,0.0145123999999999
1735.5,0.138497333333333,0.00937673333333328
1735.75,0.190138,0.0150188666666666
1736,0.22294,0.0112653333333333
1736.25,0.235246666666667,0.0106878666666666
1736.5,0.24708,0.0151513999999999
1736.75,0.241873333333333,0.0134805333333332
1737,0.23004,0.0125480666666666
1737.25,0.242346666666667,0.0104464666666666
1737.5,0.230513333333333,0.00460553333333329
1737.75,0.22862,0.00179109333333325
1738,0.253233333333333,0.0130166666666666
1738.25,0.240926666666667,0.0129787999999999
1738.5,0.22294,0.00350408666666664
1738.75,0.223413333333333,0.0188386666666666
1739,0.175606666666667,0.00303879999999996
1739.25,0.175086,0.0092868
1739.5,0.160838666666667,0.0130971333333332
1739.75,0.164767333333333,0.00246133333333332
1740,0.133101333333333,0.00248499999999996
1740.25,0.124155333333333,0.00327546666666661
1740.5,0.140438,0.0159371333333333
1740.75,0.137976666666667,0.0147396
1741,0.146544,0.0169027333333333
1741.25,0.216786666666667,0.0591193333333333
1741.5,0.253706666666667,0.0635686666666666
1741.75,0.261753333333333,0.0552379999999999
1742,0.323286666666667,0.0497473333333333
1742.25,0.334173333333333,0.0404226666666666
1742.5,0.36068,0.0398073333333332
1742.75,0.37204,0.0259386666666666
1743,0.369673333333333,0.043026
1743.25,0.371093333333333,0.0402806666666666
1743.5,0.379613333333333,0.041322
1743.75,0.372986666666667,0.0432626666666666
1744,0.336066666666667,0.0449666666666666
1744.25,0.348846666666667,0.0540546666666666
1744.5,0.0669712251968503,0.00475798393700787
1744.75,0.252118783948115,0.00889802967166596
1745,0.261753333333333,0.0324233333333333
1745.25,0.209686666666667,0.0334646666666666
1745.5,0.19596,0.0266013333333332
1745.75,0.193593333333333,0.0262226666666666
1746,0.209213333333333,0.0927733333333333
1746.25,0.1704,0.0331806666666666
1746.5,0.169453333333333,0.0331806666666666
1746.75,0.19738,0.0524453333333333
1747,0.2343,0.008094
1747.25,0.385238282608696,0.0203233332608696
1747.5,0.110074834080717,0.0182170080717488
1747.75,0.284473333333333,0.0199415333333333
1748,0.127253754208754,0.0188981321548821
1748.25,0.222911896820102,0.0225283299977763
1748.5,0.0371055570839065,0.0122377436038514
1748.75,0.0471827120245688,0.0145487939995274
1749,0.0370777777777778,0.0115059193205944
1749.25,0.0690232715133531,0.00922207833827884
1749.5,0.14160561509434,0.00743677041509431
1749.75,0.038787448489543,0.0127168094500387
1750,0.0966546666666666,0.0154921999999999
1750.25,0.068302,0.0250393333333333
1750.5,0.044872,0.0203533333333333
1750.75,0.0432516182479708,0.0173385457598656
1751,0.0399019999999999,0.0177973333333333
1751.25,0.0406593333333332,0.0184174
1751.5,0.0415113333333332,0.0197474666666666
1751.75,0.0402333333333333,0.0179251333333333
1752,0.0390499999999999,0.0178777999999999
1752.25,0.0395233333333333,0.0193735333333333
1752.5,0.0399019999999999,0.0198894666666666
1752.75,0.03976,0.0192173333333333
1753,0.038908,0.0182990666666666
1753.25,0.0396653333333333,0.0193356666666666
1753.5,0.0409906666666666,0.021229
1753.75,0.0378193333333333,0.0165619333333333
1754,0.0388133333333333,0.0175985333333333
1754.25,0.0381506666666666,0.0169122
1754.5,0.0394759999999999,0.0185925333333333
1754.75,0.0402333333333333,0.0195155333333333
1755,0.0388133333333333,0.0176979333333332
1755.25,0.03834,0.0168506666666666
1755.5,0.0388606666666666,0.0180008666666666
1755.75,0.041038,0.0206278666666666
1756,0.040612,0.0189475333333333
1756.25,0.0388606666666666,0.0179629999999999
1756.5,0.0363046666666666,0.0184505333333333
1756.75,0.0512588444444444,0.0174043855238095
1757,0.038908,0.0182185999999999
1757.25,0.0381979999999999,0.0173997333333333
1757.5,0.0387659999999999,0.0178020666666666
1757.75,0.0394759999999999,0.0183653333333333
1758,0.0403753333333333,0.0202302666666666
1758.25,0.0355946666666666,0.0179393333333333
1758.5,0.0399728367816091,0.0136294631198686
1758.75,0.0284946666666666,0.007668
1759,0.0270195247793617,0.00362212790224027
1759.25,0.0741934746093749,0.00887106171874993
1759.5,0.0224168801313629,0.00125534528735626
1759.75,0.0306687926078028,0.0035398092402464
1760,0.0259386666666666,0.00292046666666664
1760.25,0.0239782209414024,0.00411712153698366
1760.5,0.0367540602564103,-0.00285655756410248
1760.75,0.0297726666666666,0.00601606666666657
1761,0.0294697068160597,0.00557236638655459
1761.25,0.0465201119266054,0.00576600770642195
1761.5,0.0294638968044561,0.00783045282908229
1761.75,0.024549397697077,0.000333681133746591
1762,0.0979385404589371,-0.00663958043478255
1762.25,0.0199701178603807,0.000903410093683807
1762.5,0.0576046666666666,0.031098
1762.75,0.0227347268856448,0.00212159142335761
1763,0.0204116686903728,0.000975382769586585
1763.25,0.176208613215859,0.00799228546255498
1763.5,0.0312949033391915,0.0054623831282952
1763.75,0.0219703501157407,0.00118084751157403
1764,0.0273586666666666,0.00525399999999996
1764.25,0.0210533617777778,0.00053581754074064
1764.5,0.0611010793363498,0.00181341496229253
1764.75,0.028116,0.00672133333333332
1765,0.0275953333333333,0.00624799999999993
1765.25,0.19338852647689,0.0163098757269665
1765.5,0.0535875184513006,0.00597886318209306
1765.75,0.04965113696522,0.00487035961834409
1766,0.0268853333333333,0.00520666666666657
1766.25,0.027832,0.00615333333333325
1766.5,0.0485961623931624,0.00630513809523803
1766.75,0.02911,0.00790466666666664
1767,0.0261825138041267,0.00232317117117108
1767.25,0.0281633333333333,0.00672133333333332
1767.5,0.0421659622641509,0.00181567094339617
1767.75,0.0441801829268292,0.00205752083333329
1768,0.193278235803412,0.00337612141583898
1768.25,0.191009107033639,0.0027798562691131
1768.5,0.211697080181543,0.00198554024205742
1768.75,0.0386166436420722,0.00638750329670321
1769,0.0525657046806309,0.00312846159813808
1769.25,0.111120275318066,0.00642259134860041
1769.5,0.0403411935887803,0.00716755401953417
1769.75,0.0392995625479661,0.0135770744435917
1770,0.0384203885833988,0.0138856813825609
1770.25,0.108182064122946,0.00853745839957596
1770.5,0.0248026666666666,0.00336066666666661
1770.75,0.0261753333333332,0.00444933333333325
1771,0.0340250024987506,0.0121659440279859
1771.25,0.0367306666666666,0.0155726666666666
1771.5,0.0344906175386883,0.0100193818717759
1771.75,0.0376467141444114,0.0154764549950544
1772,0.0380375925925925,0.0130076250634196
1772.25,0.0376012088752869,0.0143026485080337
1772.5,0.032088560294892,0.0109072749868352
1772.75,0.0411971379310344,0.00899320721003126
1773,0.0376992719576719,0.0138057659259259
1773.25,0.0374112553024351,0.0136023729772191
1773.5,0.0338346455696202,0.0116282833860759
1773.75,0.038325617363344,0.0161619742765273
1774,0.0422939421239421,0.014068052033852
1774.25,0.0385279546925566,0.0153684784789644
1774.5,0.0361153333333333,0.0114357333333332
1774.75,0.0383264941107184,0.00853700153121317
1775,0.0502704890077243,0.0141447819964349
1775.25,0.0335119999999999,0.0109747066666666
1775.5,0.035358,0.0127142066666666
1775.75,0.0356075368864799,0.00969515411622995
1776,0.0355633363068688,0.0105409728813559
1776.25,0.0433808706739526,0.00816357741347898
1776.5,0.040528285799701,0.0177340807174887
1776.75,0.0411698571428571,0.0117767584448463
1777,0.0423548933823529,0.00893527169117643
1777.25,0.033482542320714,0.00902661045860256
1777.5,0.0338433333333333,0.0101293333333333
1777.75,0.0352187122612446,0.0113459312384472
1778,0.0399493333333333,0.0145834
1778.25,0.0376882359550562,0.0134519471910112
1778.5,0.0392025923845193,0.0112273576404494
1778.75,0.0392393333333333,0.00702426666666661
1779,0.0319327919420837,0.00806847843877864
1779.25,0.0499847240280432,0.0160719383046526
1779.5,0.0372038641148324,0.0131520173524721
1779.75,0.0413536612440191,0.013809846507177
1780,0.0389753346080306,0.0139035648183556
1780.25,0.040302256509161,0.0126935493410479
1780.5,0.0380246439688715,0.00708748981841758
1780.75,0.0514544888888888,0.0174708144761904
1781,0.0380430989974937,0.00589998433583954
1781.25,0.0338433333333333,0.0124410933333333
1781.5,0.0560142752962625,0.0182622528106958
1781.75,0.180860666666667,0.0516406666666666
1782,0.0321665552592592,0.0116733466666666
1782.25,0.186966666666667,0.010153
1782.5,0.175228,0.003834
1782.75,0.166613333333333,0.00662666666666664
1783,0.204006666666667,0.0248973333333332
1783.25,0.181144666666667,0.00785733333333325
1783.5,0.0247510945273631,0.00362032355721383
1783.75,0.0186493333333333,0.000757333333333321
1784,0.0302717025089605,0.00653454480286729
1784.25,0.193782666666667,0.0142473333333333
1784.5,0.180529333333333,0.0207793333333333
1784.75,0.19809,0.00538653333333325
1785,0.213189333333333,0.019809
1785.25,0.216218666666667,0.0399019999999999
1785.5,0.0263630628439038,0.00483638922675927
1785.75,0.0266332068289952,0.00349384382871532
1786,0.0358313333333333,0.00652253333333329
1786.25,0.198326666666667,0.0116283799999999
1786.5,0.172293333333333,0.00476173333333332
1786.75,0.208456,0.00449666666666664
1787,0.20661,0.026412
1787.25,0.176364,0.00799933333333332
1787.5,0.0424796806526806,0.00197301924825171
1787.75,0.183085333333333,0.0229471999999999
1788,0.143372666666667,0.00922053333333325
1788.25,0.135846666666667,0.01065
1788.5,0.130545333333333,0.0136319999999999
1788.75,0.153123333333333,0.0250866666666666
1789,0.167134,0.00549066666666661
1789.25,0.0433099999999999,0.00419846666666664
1789.5,0.026683504,0.00241924150399993
1789.75,0.229566666666667,0.00274533333333325
1790,0.239033333333333,0.00227199999999996
1790.25,0.230513333333333,0.0107209999999999
1790.5,0.222466666666667,0.00790466666666664
1790.75,0.218112,0.00404226666666661
1791,0.21442,0.00250866666666661
1791.25,0.238086666666667,0.0302459999999999
1791.5,0.236666666666667,0.02485
1791.75,0.210018,0.0109150666666666
1792,0.194019333333333,0.00338906666666664
1792.25,0.191889333333333,0.00279266666666664
1792.5,0.213473333333333,0.00200219999999989
1792.75,0.0253709511645379,0.0046085810167793
1793,0.210254666666667,-0.000378666666666607
1793.25,0.0421106890213611,0.00201316567312464
1793.5,0.0400688224392687,0.00711916093163026
1793.75,0.101096507356672,0.00330544084221198
1794,0.0343425465057817,0.00426321266968317
1794.25,0.0311690716086737,0.0103770778618255
1794.5,0.0398073333333332,0.0129646
1794.75,0.072846,0.00577466666666664
1795,0.0390149892802449,0.00655954321592649
1795.25,0.0412070578179989,0.00982593237807942
1795.5,0.034212058953574,0.00993846175386877
1795.75,0.0375353333333333,0.0154306666666666
1796,0.0420955874213836,0.00948338515723266
1796.25,0.0407547031535053,0.00800386312223087
1796.5,0.0396325441751367,0.0140041310398749
1796.75,0.0400285111464967,0.0154571635350317
1797,0.0394314417836498,0.00826114803192951
1797.25,0.0381346008298754,0.00936022519502074
1797.5,0.0445778458542014,0.00851289999999996
1797.75,0.0309053355155483,0.0101505597381341
1798,0.0366182452169227,0.0140362044731877
1798.25,0.0409030065789473,0.00909112960526309
1798.5,0.0417732758430071,0.013968529795467
1798.75,0.0430482558074446,0.014488029890848
1799,0.0378193333333333,0.015762
1799.25,0.0370968916528468,0.0147586236042011
1799.5,0.0433030721940214,0.0149540576424139
1799.75,0.04047,0.0195013333333333
1800,0.0334079949195596,0.00996096934801008
1800.25,0.0394759999999999,0.0194539999999999
1800.5,0.0368409891179839,0.00892270785223361
1800.75,0.0370146666666666,0.00482799999999996
1801,0.032376,0.0119199533333333
1801.25,0.0355159033303861,0.0113925181255525
1801.5,0.0408486666666666,0.0175133333333333
1801.75,0.0365103923228902,0.00847495117132371
1802,0.0352285282269503,0.013185805787234
1802.25,0.030654730264993,0.0132868508786611
1802.5,0.0349675,0.013372706081081
1802.75,0.0399835365296803,0.0163013446917807
1803,0.04189,0.0151419333333333
1803.25,0.0390973333333333,0.0140863999999999
1803.5,0.035784,0.00826913333333329
1803.75,0.0320761675332177,0.0136502442518775
1804,0.0362578315789473,0.00827191105263153
1804.25,0.0434046666666666,0.0156673333333333
1804.5,0.0402445734388742,0.0111574283201407
1804.75,0.0353888265039232,0.00854164045335656
1805,0.0381840443277923,0.0115215379410907
1805.25,0.0361791977600943,0.00993386884762736
1805.5,0.0405054068241469,0.0174812808398949
1805.75,0.0315985970063327,0.00725772872769142
1806,0.0617122911356555,0.0217127088643443
1806.25,0.0457800337268127,0.0152946930860033
1806.5,0.0389553333333333,0.0139396666666666
1806.75,0.0425053333333333,0.00909273333333325
1807,0.05254,0.00662666666666664
1807.25,0.0922053333333333,0.025986
1807.5,0.109493629310345,0.00307832435344822
1807.75,0.231933333333333,0.000757333333333321
1808,0.127210439677468,0.0125507995131599
1808.25,0.206823930131004,0.004819566812227
1808.5,0.306751191652938,0.0219372142778692
1808.75,0.2414089057913,0.0130190068054444
1809,0.240334136916187,0.0110667695457453
1809.25,0.172143700075358,0.0117607817131373
1809.5,0.204696944444444,0.0491177013888889
1809.75,0.182442448782839,0.0330854181730537
1810,0.198728231046931,0.0072535804332129
1810.25,0.193262067330488,0.0038137671882408
1810.5,0.265726917168853,0.0444445905707196
1810.75,0.263360778727445,-0.00663138651471976
1811,0.2627,0.0285419999999999
1811.25,0.276395793453858,0.0304035372799243
1811.5,0.275219911873288,0.0316502898654281
1811.75,0.206193260869565,0.0194424239130434
1812,0.186155222967934,0.0209525359184687
1812.25,0.217377928851753,0.0215491786302064
1812.5,0.225345737725609,0.0296088370566705
1812.75,0.241873333333333,0.0694853333333333
1813,0.236666666666667,0.0369673333333333
1813.25,0.1394399209468,0.0195622254395035
1813.5,0.224544540084388,0.011036935021097
1813.75,0.319693153961136,0.0597873913303437
1814,0.453158167795335,0.0608621188863807
1814.25,0.554120809025867,0.0307582003302146
1814.5,0.534732625368731,0.0125398566371681
1814.75,0.48367455364686,0.0576816183234769
1815,0.471356043206367,0.0597145923820352
1815.25,0.34471493006993,0.0330490104895105
1815.5,0.47002,0.0530606666666666
1815.75,0.354524559216385,0.0463682054021964
1816,0.420163917238635,0.0579666232965283
1816.25,0.411326666666667,0.0630953333333333
1816.5,0.0726330384823848,0.00835161647696474
1816.75,0.0686559681660899,0.00816363847058822
1817,0.267433333333333,0.02698
1817.25,0.300566666666667,0.0869986666666667
1817.5,0.250866666666667,0.0260806666666666
1817.75,0.263155017871018,0.0310400083916083
1818,0.225306666666667,0.0331333333333333
1818.25,0.0378471376998453,0.00540740979886533
1818.5,0.0483018693574084,0.00761206974685779
1818.75,0.257966666666667,0.0311453333333333
1819,0.432626666666667,0.0571313333333333
1819.25,0.438306666666667,0.0343166666666666
1819.5,0.44162,0.0539599999999999
1819.75,0.380086666666667,0.0239033333333333
1820,0.3337,0.0189996
1820.25,0.31382,0.0119989999999999
1820.5,0.313346666666667,0.0132533333333333
1820.75,0.28968,0.0133716666666666
1821,0.272072,0.01704
1821.25,0.163892016420361,0.00575567504105085
1821.5,0.06801445,0.00778736874999996
1821.75,0.22862,0.0161122666666666
1822,0.164483333333333,0.0207509333333333
1822.25,0.0981693333333332,0.0172104
1822.5,0.0795673333333333,0.0206420666666666
1822.75,0.0447299999999999,0.0149952
1823,0.0418426666666666,0.0161501333333333
1823.25,0.0443986666666666,0.018531
1823.5,0.0545709692671394,0.0120368778565799
1823.75,0.0429313333333333,0.0198799999999999
1824,0.0387028246471227,0.0109713270358306
1824.25,0.0356351768259198,0.0072499316474464
1824.5,0.0411326666666666,0.0185736
1824.75,0.0392393333333333,0.015478
1825,0.0376932556203164,0.0119890091590341
1825.25,0.0387834136008919,0.0134746285395763
1825.5,0.0403279999999999,0.0166992
1825.75,0.0427054455445543,0.0155969777227722
1826,0.0407279802793754,0.01580566179129
1826.25,0.0436413333333333,0.0177263333333333
1826.5,0.0424106666666666,0.0174376
1826.75,0.038766,0.0164246666666666
1827,0.039334,0.0174186666666666
1827.25,0.0471439999999999,0.0100393999999999
1827.5,0.041322,0.0164246666666666
1827.75,0.0387659999999999,0.016188
1828,0.0396597647058823,0.0157269852661064
1828.25,0.0408013333333333,0.0167181333333332
1828.5,0.042765033444816,0.0172950301003344
1828.75,0.0397550299999999,0.0157084305
1829,0.043604474099099,0.0101160488175675
1829.25,0.0364611318619128,0.00841593095642331
1829.5,0.0411422455546147,0.0136618829240756
1829.75,0.0395706666666666,0.0173713333333333
1830,0.0426,0.0157288666666666
1830.25,0.0429786666666666,0.0150709333333333
1830.5,0.041038,0.0109198
1830.75,0.0355473333333333,0.00646099999999993
1831,0.045298,0.0120179333333333
1831.25,0.139728,0.0262699999999999
1831.5,0.1775,0.0355946666666666
1831.75,0.21016,0.036778
1832,0.22578,0.0270273333333333
1832.25,0.314973637515843,0.0326796972257428
1832.5,0.288733333333333,0.0254179999999999
1832.75,0.245613163418291,0.00932473230884547
1833,0.331806666666667,0.0236666666666666
1833.25,0.306550893458813,0.0266401700941094
1833.5,0.350142198124929,0.0429419676945668
1833.75,0.275938064516129,0.0277854301075269
1834,0.243042842855623,0.0605708334929248
1834.25,0.364466666666667,0.030814
1834.5,0.3763,0.0377246666666666
1834.75,0.39476,0.03621
1835,0.37346,0.0459133333333333
1835.25,0.334173333333333,0.0327073333333333
1835.5,0.289206666666667,0.0480906666666666
1835.75,0.291573333333333,0.0313346666666666
1836,0.298673333333333,0.02982
1836.25,0.296306666666667,0.0861466666666666
1836.5,0.234773333333333,0.031098
1836.75,0.2556,0.0459606666666666
1837,0.258913333333333,0.0437833333333333
1837.25,0.323286666666667,0.0574153333333333
1837.5,0.0968621144264988,0.00435690699881368
1837.75,0.426946666666667,0.0434046666666666
1838,0.470966666666667,0.0433099999999999
1838.25,0.493213333333333,0.037204
1838.5,0.491793333333333,0.0315713333333333
1838.75,0.500786666666667,0.0301513333333333
1839,0.49132,0.0230513333333333
1839.25,0.534393333333333,0.04047
1839.5,0.5538,0.0560426666666666
1839.75,0.537706666666667,0.0593086666666666
1840,0.461026666666667,0.0419373333333333
1840.25,0.436413333333333,0.0335593333333333
1840.5,0.43026,0.0412273333333333
1840.75,0.406593333333333,0.0379613333333333
1841,0.380086666666667,0.0500313333333332
1841.25,0.369102489270386,0.0675589377682403
1841.5,0.266013333333333,0.0316186666666666
1841.75,0.22294,0.0313346666666666
1842,0.22152,0.0428366666666666
1842.25,0.2201,0.0527766666666666
1842.5,0.202586666666667,0.0365413333333333
1842.75,0.26412,0.0442093333333333
1843,0.43452,0.0461973333333333
1843.25,0.419373333333333,0.0232879999999999
1843.5,0.402806666666667,0.0195723333333333
1843.75,0.3834,0.0204763999999999
1844,0.153850576539388,0.0342343633298933
1844.25,0.292046666666667,0.007668
1844.5,0.319026666666667,0.0318553333333333
1844.75,0.312873333333333,0.0322339999999999
1845,0.283053333333333,0.0136462
1845.25,0.27832,0.0284946666666666
1845.5,0.24424,0.0126900666666666
1845.75,0.207793333333333,0.0185404666666666
1846,0.168790666666667,0.0347426666666666
1846.25,0.100441333333333,0.0212100666666666
1846.5,0.0872353333333333,0.0192031333333333
1846.75,0.0884659999999999,0.0248973333333332
1847,0.04828,0.0165145999999999
1847.25,0.0402956622773043,0.0141745917893106
1847.5,0.0440472130479102,0.0147312406727828
1847.75,0.0390406795366795,0.00824663629343622
1848,0.0419806327860307,0.0163483634089132
1848.25,0.0514835379746835,0.0119515356012658
1848.5,0.0396492422557585,0.0169676127084987
1848.75,0.0369132219570405,0.00952721718377083
1849,0.0493686666666666,0.00969386666666664
1849.25,0.0405609639784946,0.0152847311290322
1849.5,0.0403608671556642,0.0167128097799511
1849.75,0.041497358004827,0.0174942629123088
1850,0.0409632078882498,0.0158969486168172
1850.25,0.0372821960784313,0.015225537254902
1850.5,0.0462160492206727,0.017078200601586
1850.75,0.0410935721059971,0.0121017248200836
1851,0.0399019999999999,0.0171062666666666
1851.25,0.0471045819397993,0.0100310058528428
1851.5,0.0459421893687707,0.0163618674418604
1851.75,0.0387333961312026,0.016174385197645
1852,0.0437833333333333,0.0179251333333333
1852.25,0.0374712798634812,0.0119218208191126
1852.5,0.0363023724489795,0.0167180729591836
1852.75,0.0390555614636934,0.0137335109205259
1853,0.0370309077181208,0.0146799409395972
1853.25,0.0315923177777777,0.00816765461111105
1853.5,0.0400647108130762,0.0134711698239731
1853.75,0.048099615055603,0.00956283147989732
1854,0.0436886666666666,0.0168459333333333
1854.25,0.0417006666666666,0.0141526666666666
1854.5,0.0365413333333333,0.00812239999999993
1854.75,0.048564,0.0188434
1855,0.0556166666666666,0.0110476
1855.25,0.106216,0.0287313333333333
1855.5,0.206846666666667,0.0524453333333333
1855.75,0.24708,0.0518299999999999
1856,0.298673333333333,0.0513093333333332
1856.25,0.31524,0.0327073333333333
1856.5,0.348373333333333,0.0514513333333333
1856.75,0.23188689044633,0.0404497990901266
1857,0.40328,0.0925366666666666
1857.25,0.436413333333333,0.090454
1857.5,0.415586666666667,0.0539599999999999
1857.75,0.397126666666667,0.0608233333333333
1858,0.41038,0.0572733333333333
1858.25,0.395233333333333,0.0390499999999999
1858.5,0.399966666666667,0.043168
1858.75,0.415113333333333,0.045298
1859,0.382453333333333,0.0381506666666666
1859.25,0.345533333333333,0.0596873333333333
1859.5,0.29394,0.0405646666666666
1859.75,0.252286666666667,0.0352633333333333
1860,0.229566666666667,0.0353106666666666
1860.25,0.213,0.041748
1860.5,0.224216295025729,0.0559832686106346
1860.75,0.226253333333333,0.051546
1861,0.235246666666667,0.0558533333333333
1861.25,0.277846666666667,0.0536286666666666
1861.5,0.361153333333333,0.0492266666666666
1861.75,0.464813333333333,0.0395233333333333
1862,0.484693333333333,0.0351213333333333
1862.25,0.508833333333333,0.0280686666666666
1862.5,0.505993333333333,0.0302933333333333
1862.75,0.507886666666667,0.0301986666666666
1863,0.506466666666667,0.0355
1863.25,0.497473333333333,0.0374406666666666
1863.5,0.443513333333333,0.0335119999999999
1863.75,0.442093333333333,0.034932
1864,0.428366666666667,0.0340326666666666
1864.25,0.426473333333333,0.0328019999999999
1864.5,0.432626666666667,0.035926
1864.75,0.402333333333333,0.0360679999999999
1865,0.323286666666667,0.0487533333333333
1865.25,0.259386666666667,0.0314293333333333
1865.5,0.22436,0.0294886666666666
1865.75,0.28684,0.0294413333333333
1866,0.0967349520035227,0.0117352151475121
1866.25,0.273586666666667,0.0498893333333333
1866.5,0.273113333333333,0.0419373333333333
1866.75,0.306246666666667,0.0531553333333333
1867,0.431206666666667,0.0484219999999999
1867.25,0.4331,0.0500786666666666
1867.5,0.411326666666667,0.035358
1867.75,0.337486666666667,0.0239033333333333
1868,0.351213333333333,0.0702426666666666
1868.25,0.334173333333333,0.0701479999999999
1868.5,0.265066666666667,0.019312
1868.75,0.254653333333333,0.0113173999999999
1869,0.268853333333333,0.050268
1869.25,0.232406666666667,0.0107541333333333
1869.5,0.20732,0.0112416666666666
1869.75,0.205048,0.0558059999999999
1870,0.169548,0.0134899999999999
1870.25,0.0569976271959844,0.0168911640428929
1870.5,0.059214,0.0141526666666666
1870.75,0.0639946666666666,0.0278793333333332
1871,0.0403145852534561,0.0161258341013825
1871.25,0.0402956622773043,0.0141745917893106
1871.5,0.037488,0.0149431333333333
1871.75,0.0384688002094788,0.0144659702016234
1872,0.0533866703412073,0.0110705100787401
1872.25,0.0376700682170542,0.00957408031007748
1872.5,0.0307870879443998,0.0132072829724672
1872.75,0.0484943854584335,0.00920779470729748
1873,0.0383088292682926,0.0167896720867208
1873.25,0.0381506666666666,0.0101245999999999
1873.5,0.0405503010577705,0.00816216924328719
1873.75,0.0408916723809524,0.0151380114285714
1874,0.0420056351791531,0.00778953257328981
1874.25,0.0372821960784313,0.015225537254902
1874.5,0.046178073831009,0.0170641675690456
1874.75,0.038766,0.0164246666666666
1875,0.0386088138888889,0.00885870944444441
1875.25,0.0340135369294605,0.00507360697095427
1875.5,0.0341163481228668,0.00771634300341289
1875.75,0.0320209589832466,0.0136267498555748
1876,0.0385766666666666,0.0163773333333333
1876.25,0.0375993868031854,0.0119625791808873
1876.5,0.0372198310810811,0.0155011869369369
1876.75,0.0390889708404803,0.0137452590051457
1877,0.0355717357512953,0.0161906160046056
1877.25,0.044106133786848,0.0186472242630385
1877.5,0.0361955661555934,0.00880317751277682
1877.75,0.0316186666666666,0.00449666666666664
1878,0.0417953333333333,0.0177121333333333
1878.25,0.0399019999999999,0.0142852
1878.5,0.0364466666666666,0.007668
1878.75,0.032944,0.00839693333333329
1879,0.0622906666666666,0.0140769333333332
1879.25,0.0995419999999999,0.0179819333333333
1879.5,0.155632,0.0189948666666666
1879.75,0.196433333333333,0.0170257999999999
1880,0.236193333333333,0.0120037333333333
1880.25,0.313346666666667,0.0573206666666666
1880.5,0.3266,0.0365413333333333
1880.75,0.34648,0.0560426666666666
1881,0.297253333333333,0.0208929333333332
1881.25,0.29394,0.0202776
1881.5,0.30814,0.0302933333333333
1881.75,0.327073333333333,0.0236193333333332
1882,0.33228,0.0273113333333333
1882.25,0.332753333333333,0.0253706666666666
1882.5,0.341746666666667,0.0253706666666666
1882.75,0.340326666666667,0.0355473333333333
1883,0.322813333333333,0.0232879999999999
1883.25,0.287313333333333,0.0290153333333333
1883.5,0.257493333333333,0.0399493333333333
1883.75,0.23288,0.0278793333333332
1884,0.216786666666667,0.0226253333333333
1884.25,0.208266666666667,0.0229093333333333
1884.5,0.221046666666667,0.0307193333333333
1884.75,0.237613333333333,0.0267433333333333
1885,0.257493333333333,0.0301513333333333
1885.25,0.320446666666667,0.0329913333333332
1885.5,0.40896,0.0356893333333333
1885.75,0.490846666666667,0.0338433333333333
1886,0.532973333333333,0.0322813333333333
1886.25,0.540546666666667,0.0354526666666666
1886.5,0.54954,0.035926
1886.75,0.542913333333333,0.0332753333333333
1887,0.551906666666667,0.038908
1887.25,0.541493333333333,0.0423633333333332
1887.5,0.524926666666667,0.0369199999999999
1887.75,0.513566666666667,0.0428366666666666
1888,0.505046666666667,0.0407539999999999
1888.25,0.504573333333333,0.0344586666666666
1888.5,0.503153333333333,0.0419846666666666
1888.75,0.446826666666667,0.0433099999999999
1889,0.342693333333333,0.0430733333333333
1889.25,0.275006666666667,0.045724
1889.5,0.248026666666667,0.03976
1889.75,0.222466666666667,0.0431206666666666
1890,0.215366666666667,0.0467653333333333
1890.25,0.221046666666667,0.0490846666666666
1890.5,0.229093333333333,0.0479013333333332
1890.75,0.280213333333333,0.0471913333333333
1891,0.35926,0.0481853333333333
1891.25,0.391446666666667,0.0375826666666666
1891.5,0.354526666666667,0.0182896
1891.75,0.32518,0.0152791999999999
1892,0.28684,0.0143751333333332
1892.25,0.288733333333333,0.0186919333333333
1892.5,0.285893333333333,0.0230039999999999
1892.75,0.291573333333333,0.02556
1893,0.265066666666667,0.0222277333333333
1893.25,0.263173333333333,0.0216265999999999
1893.5,0.237613333333333,0.0221188666666666
1893.75,0.203107333333333,0.0154732666666666
1894,0.175748666666667,0.025134
1894.25,0.120416,0.0219768666666666
1894.5,0.0852,0.0230229333333332
1894.75,0.0535813333333333,0.0180434666666666
1895,0.0427893333333332,0.0160933333333333
1895.25,0.0432018572549019,0.016072796235294
1895.5,0.044872,0.0194066666666666
1895.75,0.0428240931492012,0.0165659130246412
1896,0.0434519999999999,0.0091164
1896.25,0.0403279999999999,0.0169642666666666
1896.5,0.0425011002710026,0.0161646642818428
1896.75,0.0432863527800602,0.0171438610791563
1897,0.0433573333333333,0.01846
1897.25,0.0447999164658634,0.0171449469344042
1897.5,0.0380086666666666,0.0161264666666666
1897.75,0.043168,0.019312
1898,0.0426946666666666,0.018744
1898.25,0.0407066666666666,0.0176695333333333
1898.5,0.0413561504132231,0.0153960468319559
1898.75,0.0386239999999999,0.0169926666666666
1899,0.0390026666666666,0.0174186666666666
1899.25,0.038908,0.0178446666666666
1899.5,0.0426,0.0195391999999999
1899.75,0.0415586666666666,0.0177405333333332
1900,0.0438306666666666,0.019596
1900.25,0.0396653333333333,0.0186019999999999
1900.5,0.0347860773480662,0.00847763535911598
1900.75,0.0425053333333333,0.018744
1901,0.0413693333333333,0.018957
1901.25,0.0352159999999999,0.0105837333333332
1901.5,0.0404019558535903,0.0135845635093601
1901.75,0.0428839999999999,0.0192315333333332
1902,0.0437359999999999,0.0178825333333333
1902.25,0.0419373333333333,0.0146449333333333
1902.5,0.031098,0.00392203999999993
1902.75,0.0346953333333332,0.00827386666666657
1903,0.0422213333333333,0.0106263333333332
1903.25,0.052114,0.0134473999999999
1903.5,0.154590666666667,0.0284946666666666
1903.75,0.20732,0.0378193333333333
1904,0.230986666666667,0.0381979999999999
1904.25,0.261753333333333,0.0390973333333333
1904.5,0.297726666666667,0.0342693333333332
1904.75,0.298673333333333,0.0337013333333333
1905,0.297253333333333,0.0387186666666666
1905.25,0.30104,0.042316
1905.5,0.335593333333333,0.0476173333333333
1905.75,0.33654,0.0479013333333332
1906,0.354053333333333,0.0479013333333332
1906.25,0.371093333333333,0.06106
1906.5,0.347426666666667,0.0454873333333333
1906.75,0.37914,0.0570366666666666
1907,0.345533333333333,0.0545753333333333
1907.25,0.307193333333333,0.0543859999999999
1907.5,0.280213333333333,0.04686
1907.75,0.263173333333333,0.045298
1908,0.25418,0.0695326666666666
1908.25,0.22578,0.0523033333333333
1908.5,0.224833333333333,0.0561373333333333
1908.75,0.240453333333333,0.0665033333333333
1909,0.257966666666667,0.0708106666666666
1909.25,0.272166666666667,0.0643733333333333
1909.5,0.356893333333333,0.0740766666666666
1909.75,0.402333333333333,0.0671659999999999
1910,0.453926666666667,0.0609653333333333
1910.25,0.46008,0.0612019999999999
1910.5,0.478066666666667,0.051262
1910.75,0.48422,0.0577466666666666
1911,0.47002,0.0595453333333333
1911.25,0.46008,0.0636633333333333
1911.5,0.42884,0.054954
1911.75,0.43594,0.0590719999999999
1912,0.422686666666667,0.0583146666666666
1912.25,0.411326666666667,0.0630953333333333
1912.5,0.37346,0.0598293333333332
1912.75,0.341746666666667,0.0602553333333332
1913,0.310033333333333,0.0547646666666666
1913.25,0.290153333333333,0.0526346666666666
1913.5,0.227673333333333,0.051262
1913.75,0.212053333333333,0.043594
1914,0.211106666666667,0.0476646666666666
1914.25,0.205426666666667,0.0521613333333332
1914.5,0.209213333333333,0.0563266666666666
1914.75,0.246133333333333,0.0629533333333333
1915,0.37346,0.0614386666666666
1915.25,0.382926666666667,0.0504573333333332
1915.5,0.385293333333333,0.0409906666666666
1915.75,0.353106666666667,0.0281633333333333
1916,0.278793333333333,0.0140627333333333
1916.25,0.275006666666667,0.0106642
1916.5,0.297726666666667,0.0314766666666666
1916.75,0.287786666666667,0.0315713333333333
1917,0.2556,0.0301986666666666
1917.25,0.235246666666667,0.0219910666666666
1917.5,0.21868,0.0257161999999999
1917.75,0.189428,0.0120321333333333
1918,0.143846,0.0378193333333333
1918.25,0.0962286666666666,0.0268853333333333
1918.5,0.0566106666666666,0.0180055999999999
1918.75,0.0493213333333333,0.0176695333333333
1919,0.0497473333333333,0.0167086666666666
1919.25,0.0496999999999999,0.017821
1919.5,0.03976,0.0133953333333333
1919.75,0.0376755398132893,0.00939515980230635
1920,0.038669085,0.014022855
1920.25,0.0444933333333332,0.0166613333333333
1920.5,0.0425526666666666,0.015975
1920.75,0.0454399999999999,0.0187913333333333
1921,0.0376928213689482,0.0160822704507512
1921.25,0.0360847789058093,0.0141312345177664
1921.5,0.0469546666666666,0.0168506666666666
1921.75,0.0345589305912596,0.0133089652099399
1922,0.043294502538071,0.015188485786802
1922.25,0.0477593333333333,0.0175133333333333
1922.5,0.0424579999999999,0.0157146666666666
1922.75,0.04899,0.0189806666666666
1923,0.0467179999999999,0.0180055999999999
1923.25,0.0424579999999999,0.0156436666666666
1923.5,0.045724,0.016543
1923.75,0.0458659999999999,0.018318
1924,0.0399493333333333,0.0173713333333333
1924.25,0.0436886666666666,0.0168743333333333
1924.5,0.039349665480427,0.0161219017793593
1924.75,0.0455346666666666,0.0162637333333333
1925,0.0431206666666666,0.0164956666666666
1925.25,0.0470966666666666,0.0168648666666666
1925.5,0.047002,0.0166755333333332
1925.75,0.0395706666666666,0.0172766666666666
1926,0.0453453333333333,0.0163441999999999
1926.25,0.045298,0.014058
1926.5,0.03435722671156,0.0116852851851851
1926.75,0.034245910652921,0.0115096449026345
1927,0.0321778920800695,0.0070120399187699
1927.25,0.0265305896510228,0.00319982599217804
1927.5,0.0317262463901689,0.00865175680491548
1927.75,0.0259733543599258,0.00512052790352496
1928,0.019596,0.00146733333333325
1928.25,0.029394,0.00520666666666657
1928.5,0.0390973333333333,0.00281633333333329
1928.75,0.0492266666666666,-1.3137639124731e-19
1929,0.0509306666666666,0.00531553333333332
1929.25,0.0481853333333333,0.00209828666666664
1929.5,0.0458659999999999,0.00197379999999996
1929.75,0.0501733333333333,0.00283999999999993
1930,0.0439764406358668,0.00975800298062584
1930.25,0.0440757703927492,0.00904638670694862
1930.5,0.0293825309129176,-0.001165588003157
1930.75,0.044051004213135,0.00940435558859968
1931,0.0264931428571428,0.000122784619302217
1931.25,0.363046666666667,0.00966546666666661
1931.5,0.0263657365549493,0.000628208885424741
1931.75,0.0269117724334108,0.00110201106801137
1932,0.0195904709287029,-0.00118020641936332
1932.25,0.032466911233307,-0.000363894056035557
1932.5,0.0268500396196513,0.00391777099841513
1932.75,0.0280710862619808,0.00579852236421719
1933,0.167407765765766,0.00549966038766032
1933.25,0.0230707896019496,-0.000165128350934097
1933.5,0.0400977579721995,0.000998876533115248
1933.75,0.0355969004610794,0.0016277621372389
1934,0.0196434468425259,-0.00188879296562743
1934.25,0.0449076976929196,0.00377025702466181
1934.5,0.0402041457313757,0.00755724154431752
1934.75,0.0206170144453529,-0.000660499318615417
1935,0.0360861736165748,0.00521977550485176
1935.25,0.0366665095846645,0.00610010223642167
1935.5,0.0280968652482269,0.00144712951445714
1935.75,0.0264967217321572,0.0023742582197273
1936,0.0187290883054893,0.000804026518164856
1936.25,0.0336290029031406,0.00569216125626812
1936.5,0.0257840318725099,0.00183353115537841
1936.75,0.0254580047885076,0.00159348252194729
1937,0.0345331060487038,0.0052008089342759
1937.25,0.0233637792137857,0.00118710700053847
1937.5,0.0297301561216105,0.00236793070391673
1937.75,0.0232123286923287,0.000161065137865062
1938,0.0387035246710526,0.0139008969298245
1938.25,0.0356360403551251,0.00727745224643525
1938.5,0.0346578106248279,0.00573679218276904
1938.75,0.0338778106995884,0.00810767407407403
1939,0.0390448172537008,0.00656455815722306
1939.25,0.0356184624577812,0.00556389867498047
1939.5,0.0385213281613653,0.0134895373157486
1939.75,0.0418573244929797,0.0142740570982838
1940,0.0409250815999999,0.00927194112
1940.25,0.0472901615995618,0.00805120942207612
1940.5,0.041390075782537,0.00892280900604053
1940.75,0.0463295442011354,0.00757000118951066
1941,0.0393128760330578,0.00752412622589521
1941.25,0.0519246666666666,0.00903593333333329
1941.5,0.0398510972677595,0.0148166757377049
1941.75,0.0385137770437654,0.0135058767960363
1942,0.0423980289380289,0.014102673983074
1942.25,0.0537570583333333,0.0101715388888888
1942.5,0.0384360902255638,0.00974805680868835
1942.75,0.0419846666666666,0.0143751333333332
1943,0.0489477672413793,0.0106171727011494
1943.25,0.0424440215602836,0.00985324504964538
1943.5,0.0423497807986405,0.0118314995185499
1943.75,0.0492035494411006,0.0100433681857265
1944,0.036729683116883,0.00869143272727262
1944.25,0.0398672421602787,0.0145281337979094
1944.5,0.0425897657657657,0.0150082734088927
1944.75,0.0400879259901705,0.0177403321769297
1945,0.039192,0.0140390666666666
1945.25,0.0382453333333333,0.0138497333333333
1945.5,0.0392518997050147,0.0170580243657816
1945.75,0.0385935320799761,0.0155896931065353
1946,0.0390134417344173,0.0169105709123757
1946.25,0.048141805480277,0.0108910194519723
1946.5,0.0415586666666666,0.0143419999999999
1946.75,0.0420515003024802,0.0107786633393829
1947,0.0407172515779982,0.0101627611662157
1947.25,0.0338466869955156,0.0124482166816143
1947.5,0.0317606666666666,0.0108204
1947.75,0.0451324423963134,0.0115586560368663
1948,0.0314076752767527,0.0104597933579335
1948.25,0.0475984087009803,0.00914402996323521
1948.5,0.0354203488301428,0.00872976821634755
1948.75,0.0352913715498937,0.00818439417652411
1949,0.0320326802218114,0.0108287467652495
1949.25,0.0385649098184056,0.0161460949215143
1949.5,0.0559114968094803,0.0182287440899423
1949.75,0.0347577350119903,0.0128029856115107
1950,0.0387149342891277,0.0139183751493428
1950.25,0.034552135021097,0.00665460831223623
1950.5,0.0289610990654205,0.00191658222803728
1950.75,0.0252790232867598,0.00573402235528939
1951,0.0271298085539714,0.00363691209775963
1951.25,0.022791457443201,0.00229947837232957
1951.5,0.0385902726045884,0.00329609403508763
1951.75,0.0212216649949849,0.00115840855901028
1952,0.0245406049983771,0.00454542875689711
1952.25,0.0348665842696629,0.00173057314606739
1952.5,0.0212231046931408,0.000754599277978279
1952.75,0.0390909832303618,0.00445853596940274
1953,0.0422772535001489,0.00169584039320821
1953.25,0.0290153333333333,0.00737453333333329
1953.5,0.0264087923544744,0.00484477845351858
1953.75,0.0244630321818718,0.000332507233539903
1954,0.0274548085485306,0.00584659394479067
1954.25,0.0912196612806702,-0.00422401137043683
1954.5,0.057706441696113,0.0311529434628975
1954.75,0.0302727190812721,0.00833992091872782
1955,0.0287037222222222,0.00698992288194437
1955.25,0.0386571821305841,0.00594543671248563
1955.5,0.0388934604781997,0.00600645780028122
1955.75,0.0334872325581395,0.00345659529346616
1956,0.143132108501118,0.00920506263982095
1956.25,0.236352848233995,0.0087784133554083
1956.5,0.0291817759562841,0.00743370096994534
1956.75,0.0189136016971625,-0.00235707197029959
1957,0.027759242759347,0.00440689821484991
1957.25,0.0230895922014621,-0.000165262929867304
1957.5,0.0268335317333333,0.00243284366506657
1957.75,0.0270403112176925,0.00133063042899011
1958,0.0284781772939346,0.00494784755832036
1958.25,0.0282458660508083,0.0044594230946882
1958.5,0.0283023610675039,0.00510106206174775
1958.75,0.0290153333333333,0.00496999999999993
1959,0.0279052505112474,0.00415267965235167
1959.25,0.0281059260377358,0.00513075578867915
1959.5,0.032444560137457,0.00398729046391744
1959.75,0.131489911764706,0.00292025850441168
1960,0.020101853215513,-0.000690557781050554
1960.25,0.402332654232425,0.00313238010521276
1960.5,0.0296862558139534,0.00734068793604644
1960.75,0.0274333236151603,0.00342159763848386
1961,0.108860094534712,0.00848994298375179
1961.25,0.0190225974472262,-0.00328602325478644
1961.5,0.0369199999999999,0.003834
1961.75,0.0373459999999999,0.00448578
1962,0.0382453333333333,0.00577939999999993
1962.25,0.0385766666666666,0.00680179999999993
1962.5,0.0387659999999999,0.00586933333333332
1962.75,0.035189914074074,0.0146766536790123
1963,0.0343442117018693,0.00930234794853114
1963.25,0.0431990337886412,0.0142007350107835
1963.5,0.0376973299516908,0.0147005397101448
1963.75,0.0412072191684284,0.00714321042988009
1964,0.0339977343173431,0.0130984258302583
1964.25,0.0347984948301329,0.0131565621861151
1964.5,0.0374958888888889,0.0145148434611602
1964.75,0.0410074657738095,0.0139765930059524
1965,0.0395439024509804,0.0145151042647058
1965.25,0.0373698579475875,0.0142740604947342
1965.5,0.0397727463439233,0.0143636974281391
1965.75,0.0380847215094339,0.0148880944905659
1966,0.0319026666666666,0.0111848666666666
1966.25,0.0425186837606837,0.0157333287078934
1966.5,0.0399732939958592,0.0172629297101448
1966.75,0.0382276798756798,0.0154852894068894
1967,0.0388645283605283,0.0138221718725718
1967.25,0.040961968503937,0.0154486496062992
1967.5,0.0343313354632587,0.0122795067092652
1967.75,0.0385829976396538,0.0137278211382113
1968,0.0532606593175852,0.0110443798425196
1968.25,0.0369722819898908,0.0150883027400904
1968.5,0.0390022082324454,0.0176079312348668
1968.75,0.0350658055335968,0.0146076017391303
1969,0.0455161284109149,0.0182302319957196
1969.25,0.0449440835341365,0.0172001197322623
1969.5,0.0388029259259259,0.0156390407407407
1969.75,0.0374819669551534,0.00915597230527135
1970,0.0369157411207577,0.0104665319652723
1970.25,0.0394918406374501,0.0161278055776892
1970.5,0.0388506603325415,0.0159250170493534
1970.75,0.0424063740890687,0.0179080971659918
1971,0.0391918469415251,0.0175031549447588
1971.25,0.0433099999999999,0.00825019999999993
1971.5,0.0387659999999999,0.0160980666666666
1971.75,0.0441035431388661,0.0164665860312243
1972,0.045733184079602,0.0183835052515202
1972.25,0.0442304663900414,0.017229089792531
1972.5,0.042765033444816,0.0172950301003344
1972.75,0.0427308485875705,0.0159174779661016
1973,0.0377401288888888,0.015470608111111
1973.25,0.0316450155555555,0.00818127872222217
1973.5,0.0363051330049261,0.0128052988505747
1973.75,0.0316710588235294,0.00450411764705876
1974,0.0437246540362438,0.0168598097199341
1974.25,0.0503626666666666,0.014839
1974.5,0.0412273333333333,0.00563266666666657
1974.75,0.04047,0.00554983333333332
1975,0.0451559999999999,0.003834
1975.25,0.0961339999999999,0.0184221333333333
1975.5,0.137361333333333,0.0125196666666666
1975.75,0.324706666666667,0.0565633333333333
1976,0.39334,0.0654146666666666
1976.25,0.41464,0.0684439999999999
1976.5,0.42884,0.0568946666666666
1976.75,0.464813333333333,0.052966
1977,0.493213333333333,0.0632373333333333
1977.25,0.508833333333333,0.0705739999999999
1977.5,0.49274,0.0664086666666666
1977.75,0.503153333333333,0.0607286666666666
1978,0.51262,0.0750233333333333
1978.25,0.500313333333333,0.0642786666666666
1978.5,0.50268,0.0666453333333333
1978.75,0.496526666666667,0.0599239999999999
1979,0.475226666666667,0.0719466666666666
1979.25,0.428366666666667,0.0539599999999999
1979.5,0.4047,0.0577466666666666
1979.75,0.409433333333333,0.0601606666666666
1980,0.397126666666667,0.0603499999999999
1980.25,0.304156860123028,0.0427234287242578
1980.5,0.276667458242556,0.0377658126361655
1980.75,0.269181241900648,0.042056612311015
1981,0.38056,0.0650833333333333
1981.25,0.443986666666667,0.0727039999999999
1981.5,0.49842,0.07668
1981.75,0.520666666666667,0.0526346666666666
1982,0.679233333333333,0.0635686666666666
1982.25,0.625401972717733,0.064974968310598
1982.5,0.660773333333333,0.0608706666666666
1982.75,0.676866666666667,0.0551433333333332
1983,0.608289646302251,0.0669118610932476
1983.25,0.600243075898801,0.0699048520491196
1983.5,0.461789117117117,0.0646204900900901
1983.75,0.470688009869689,0.0651204620248284
1984,0.451930241998439,0.0644176736924277
1984.25,0.478232829514058,0.0814013326832439
1984.5,0.454228720162519,0.0820428618588115
1984.75,0.443395063381539,0.0616343635065167
1985,0.513093333333333,0.111754
1985.25,0.41322,0.0531079999999999
1985.5,0.413693333333333,0.05893
1985.75,0.419373333333333,0.0730826666666666
1986,0.37914,0.0782893333333333
1986.25,0.371093333333333,0.0790466666666666
1986.5,0.3479,0.0774846666666666
1986.75,0.343166666666667,0.0815553333333332
1987,0.454873333333333,0.070006
1987.25,0.373577224453369,0.0670785146511973
1987.5,0.516406666666667,0.0701479999999999
1987.75,0.170732790422886,0.0148299351368158
1988,0.167522524035421,0.019162953889943
1988.25,0.240213162224416,0.013180805396512
1988.5,0.145506646434494,0.00957961907131008
1988.75,0.0982097195521102,0.00437853636520234
1989,0.10897053291536,0.0175397450365725
1989.25,0.0835906666666666,0.00515601999999996
1989.5,0.0993645840160203,0.0131180132532313
1989.75,0.22578,0.0342693333333332
1990,0.159939333333333,0.0225779999999999
1990.25,0.0856733333333333,0.0166566
1990.5,0.067734,0.0163631333333333
1990.75,0.0388227246184472,0.0134591689449236
1991,0.0427765450292397,0.0171862450526316
1991.25,0.0368940730337078,0.0127852153089887
1991.5,0.0509994442054957,0.0105638329749104
1991.75,0.0386595952206779,0.00989818946598387
1992,0.0328738068181818,0.00961795011837118
1992.25,0.0463199232613908,0.0105968640767386
1992.5,0.0347426666666666,0.0113268666666666
1992.75,0.040896,0.0167086666666666
1993,0.0423012625152625,0.00936299452991447
1993.25,0.0353150012210012,0.0122630749206349
1993.5,0.0411799999999999,0.0171346666666666
1993.75,0.04189,0.0182706666666666
1994,0.0366425924834193,0.0132870875460574
1994.25,0.0374799306273062,0.0120191000738007
1994.5,0.0412616318480642,0.0164951999026053
1994.75,0.038349187207872,0.0147044720295202
1995,0.0390026666666666,0.0155016666666666
1995.25,0.0389656842105263,0.0155767929824561
1995.5,0.0386918208955223,0.00877805850746264
1995.75,0.0410210751730958,0.0185873786350148
1996,0.0553081863477827,0.0175419526656701
1996.25,0.0416059999999999,0.0163110666666666
1996.5,0.0484557592867756,0.01316712055473
1996.75,0.0369673333333333,0.00858626666666664
1997,0.0374498187311178,0.00718183232628393
1997.25,0.0493151916480238,0.0144477358190405
1997.5,0.0382820748349229,0.0146534484715089
1997.75,0.0341793407025301,0.0110519461557357
1998,0.0434519999999999,0.0163489333333333
1998.25,0.0452033333333333,0.0144745333333333
1998.5,0.0398073333333332,0.00978853333333332
1998.75,0.0335119999999999,0.00644727333333325
1999,0.0549066666666666,0.0191321333333333
1999.25,0.0811293333333332,0.0151229999999999
1999.5,0.179914,0.0213378666666666
1999.75,0.24566,0.0226726666666666
2000,0.302933333333333,0.0254653333333333
2000.25,0.378666666666667,0.0151608666666666
2000.5,0.447773333333333,0.0248026666666666
2000.75,0.4899,0.0241873333333333
2001,0.402714219807454,0.0474475722047469
2001.25,0.507969684111268,0.0704542138613861
2001.5,0.490373333333333,0.0374406666666666
2001.75,0.496053333333333,0.034222
2002,0.462446666666667,0.032376
2002.25,0.453453333333333,0.0331806666666666
2002.5,0.448246666666667,0.0275479999999999
2002.75,0.45156,0.0301513333333333
2003,0.426473333333333,0.0412273333333333
2003.25,0.395706666666667,0.0381033333333332
2003.5,0.334646666666667,0.0405646666666666
2003.75,0.309195708162335,0.047528869858641
2004,0.310033333333333,0.0484693333333333
2004.25,0.27264,0.069438
2004.5,0.2698,0.0549066666666666
2004.75,0.267906666666667,0.0439726666666666
2005,0.287313333333333,0.0405646666666666
2005.25,0.30814,0.0420319999999999
2005.5,0.334646666666667,0.0321393333333332
2005.75,0.39192,0.0336066666666666
2006,0.42458,0.05254
2006.25,0.43452,0.0423633333333332
2006.5,0.438306666666667,0.0443986666666666
2006.75,0.42742,0.0405646666666666
2007,0.445406666666667,0.0481853333333333
2007.25,0.44446,0.0348373333333333
2007.5,0.432626666666667,0.0454873333333333
2007.75,0.428366666666667,0.0351686666666666
2008,0.430733333333333,0.0429313333333333
2008.25,0.40186,0.0339379999999999
2008.5,0.372986666666667,0.0471439999999999
2008.75,0.385766666666667,0.0690593333333333
2009,0.308613333333333,0.052966
2009.25,0.30388,0.0716626666666667
2009.5,0.271693333333333,0.060634
2009.75,0.248973333333333,0.0428839999999999
2010,0.249446666666667,0.046008
2010.25,0.257493333333333,0.0575573333333333
2010.5,0.2698,0.0547173333333332
2010.75,0.306246666666667,0.0579833333333333
2011,0.421266666666667,0.0550486666666666
2011.25,0.48706,0.0574153333333333
2011.5,0.446826666666667,0.034222
2011.75,0.343988342625443,0.0133283637438756
2012,0.33654,0.00577466666666664
2012.25,0.361153333333333,0.0198658
2012.5,0.36636,0.0206704666666666
2012.75,0.351213333333333,0.0212716
2013,0.324233333333333,0.0330859999999999
2013.25,0.309086666666667,0.0213
2013.5,0.259386666666667,0.0169500666666666
2013.75,0.204006666666667,0.0225306666666666
2014,0.1491,0.0221993333333333
2014.25,0.117812666666667,0.0120132
2014.5,0.0637106666666666,0.015691
2014.75,0.054244,0.0249919999999999
2015,0.0412746666666666,0.0177310666666666
2015.25,0.0419846666666666,0.0182990666666666
2015.5,0.0404226666666666,0.0169926666666666
2015.75,0.0412746666666666,0.0179724666666666
2016,0.0400913333333333,0.0173713333333333
2016.25,0.0396653333333333,0.0169784666666666
2016.5,0.0409433333333333,0.0175843333333333
2016.75,0.0411799999999999,0.01917
2017,0.040612,0.0181665333333332
2017.25,0.0409433333333333,0.0185073333333333
2017.5,0.0415586666666666,0.0191131999999999
2017.75,0.0418426666666666,0.0180103333333333
2018,0.0415113333333332,0.0194066666666666
2018.25,0.0419373333333333,0.0197285333333333
2018.5,0.0421266666666666,0.018886
2018.75,0.040186,0.017821
2019,0.0407066666666666,0.0187156
2019.25,0.0407066666666666,0.0187203333333332
2019.5,0.0404226666666666,0.0180813333333332
2019.75,0.0409906666666666,0.0185736
2020,0.0404226666666666,0.0185878
2020.25,0.0409906666666666,0.0185688666666666
2020.5,0.0402333333333333,0.0179156666666666
2020.75,0.0408013333333333,0.0187818666666666
2021,0.0403279999999999,0.0185357333333333
2021.25,0.039334,0.0170683999999999
2021.5,0.0411326666666666,0.0189191333333333
2021.75,0.0405646666666666,0.0181618
2022,0.0425526666666666,0.0164057333333333
2022.25,0.0438306666666666,0.0162258666666666
2022.5,0.040612,0.0120558
2022.75,0.0313819999999999,0.00707633333333329
2023,0.0341035521769177,0.00560813969131531
2023.25,0.105979333333333,0.0326126666666666
2023.5,0.187156,0.0249446666666666
2023.75,0.302933333333333,0.0801353333333333
2024,0.35358,0.0598293333333332
2024.25,0.407066666666667,0.0554273333333333
2024.5,0.288055560283688,0.0523135385342789
2024.75,0.532026666666667,0.0953766666666666
2025,0.260117333333333,0.0559632
2025.25,0.488006666666667,0.0511673333333333
2025.5,0.493686666666667,0.060634
2025.75,0.482326666666667,0.0564213333333332
2026,0.49984,0.0564213333333332
2026.25,0.555693333333333,0.094288
2026.5,0.546226666666667,0.0665033333333333
2026.75,0.512146666666667,0.0828806666666666
2027,0.45014,0.0652726666666666
2027.25,0.41322,0.0587406666666666
2027.5,0.36778,0.054102
2027.75,0.3124,0.054102
2028,0.306246666666667,0.0816973333333333
2028.25,0.300093333333333,0.0689646666666666
2028.5,0.319026666666667,0.0845373333333332
2028.75,0.15092204851958,0.00630796007640871
2029,0.29678,0.0612966666666666
2029.25,0.430195282515991,0.0730342484008528
2029.5,0.153458011063616,0.0189608026150364
2029.75,0.44241581089446,0.0507216440730423
2030,0.520411235260633,0.0227277599414491
2030.25,0.596873333333333,0.054102
2030.5,0.51241687704739,0.0664381375846254
2030.75,0.49672348369808,0.05297754265297
2031,0.592358190433213,0.0740328790613717
2031.25,0.431013257083053,0.0655272624654257
2031.5,0.437261495495495,0.0611882157657657
2031.75,0.43810651553705,0.0606127585781479
2032,0.432419597189696,0.0616366463700234
2032.25,0.452092182675118,0.0769518608808711
2032.5,0.436102986287456,0.0787689889961063
2032.75,0.430316916622032,0.0598164288519906
2033,0.382183897435897,0.0792344035502959
2033.25,0.261349929493437,0.0271328744983186
2033.5,0.414127733053319,0.0589918795939796
2033.75,0.231983073446328,0.0449734056497175
2034,0.27548,0.0621013333333333
2034.25,0.333749615214507,0.0772568553737284
2034.5,0.294886666666667,0.0863833333333333
2034.75,0.355946666666667,0.0996366666666666
2035,0.3976,0.0676393333333333
2035.25,0.459133333333333,0.0666453333333333
2035.5,0.432153333333333,0.0488953333333333
2035.75,0.4331,0.0679706666666666
2036,0.139901344560013,0.0123422920917945
2036.25,0.148539674362921,0.0131620424149136
2036.5,0.267906666666667,0.0133953333333333
2036.75,0.260333333333333,0.00899333333333329
2037,0.275006666666667,0.01278
2037.25,0.25134,0.0131491999999999
2037.5,0.254653333333333,0.014626
2037.75,0.225022666666667,0.0382926666666666
2038,0.152271333333333,0.0131965333333333
2038.25,0.0973173333333332,0.025134
2038.5,0.0637579999999999,0.0185499333333332
2038.75,0.0447773333333333,0.0165666666666666
2039,0.0428366666666666,0.0172104
2039.25,0.0441619999999999,0.0179440666666666
2039.5,0.0434519999999999,0.0169784666666666
2039.75,0.0431206666666666,0.0170116
2040,0.041322,0.0158992666666666
2040.25,0.0419373333333333,0.0163678666666666
2040.5,0.0433573333333333,0.0182517333333332
2040.75,0.0429786666666666,0.0182848666666666
2041,0.0411326666666666,0.0161075333333333
2041.25,0.0422213333333333,0.0172340666666666
2041.5,0.0427893333333332,0.0175512
2041.75,0.0417953333333333,0.0169548
2042,0.041748,0.0165950666666666
2042.25,0.0412273333333333,0.0164956666666666
2042.5,0.041322,0.0165193333333333
2042.75,0.0424106666666666,0.0174423333333333
2043,0.0426946666666666,0.0177263333333333
2043.25,0.0422686666666666,0.0170494666666666
2043.5,0.0422213333333333,0.0169264
2043.75,0.0420793333333333,0.0172198666666666
2044,0.0420793333333333,0.0169169333333333
2044.25,0.0416059999999999,0.0163110666666666
2044.5,0.0410853333333332,0.0158519333333333
2044.75,0.0411799999999999,0.0161785333333333
2045,0.0411799999999999,0.0162258666666666
2045.25,0.0412746666666666,0.0161737999999999
2045.5,0.0411326666666666,0.0158661333333333
2045.75,0.0425526666666666,0.0178304666666666
2046,0.0436413333333333,0.0165761333333333
2046.25,0.0471439999999999,0.0161974666666666
2046.5,0.043026,0.0137029999999999
2046.75,0.0451086666666666,0.0120321333333333
2047,0.122688,0.0722306666666666
2047.25,0.0756387726763717,0.00326654064949601
2047.5,0.299146666666667,0.059782
2047.75,0.328493333333333,0.0482326666666666
2048,0.423633333333333,0.100962
2048.25,0.214866161115048,0.0305410198440821
2048.5,0.430261411998674,0.0570832469340404
2048.75,0.346371044025157,0.0480282253668763
2049,0.416533333333333,0.0313346666666666
2049.25,0.397126666666667,0.0336066666666666
2049.5,0.388133333333333,0.0147679999999999
2049.75,0.412273333333333,0.0323286666666666
2050,0.220812885320646,0.0241014915254237
2050.25,0.219752840932118,0.0353597983789259
2050.5,0.387186666666667,0.0510253333333333
2050.75,0.188725593203398,0.00399846939590204
2051,0.178744501693564,0.00252660693365206
2051.25,0.306246666666667,0.0463393333333333
2051.5,0.230916617663073,0.0138121465534139
2051.75,0.256073333333333,0.0408486666666666
2052,0.246606666666667,0.0523033333333333
2052.25,0.200486947819871,0.00528043087919937
2052.5,0.22578,0.0549066666666666
2052.75,0.231933333333333,0.0616279999999999
2053,0.274533333333333,0.0689173333333333
2053.25,0.33228,0.0602553333333332
2053.5,0.346953333333333,0.0358313333333333
2053.75,0.46292,0.0967966666666666
2054,0.452506666666667,0.0569419999999999
2054.25,0.4331,0.0526819999999999
2054.5,0.41606,0.0464813333333333
2054.75,0.394286666666667,0.0426
2055,0.426473333333333,0.0585986666666666
2055.25,0.41748,0.051262
2055.5,0.41748,0.0599239999999999
2055.75,0.441146666666667,0.0839693333333333
2056,0.318577376129635,0.0616418946712371
2056.25,0.067610244012945,0.00288539864077662
2056.5,0.409851639067252,0.0346253970936126
2056.75,0.313672353155783,0.038627730025538
2057,0.307312585403727,0.0604681312111801
2057.25,0.304281756097561,0.0400370731707317
2057.5,0.212239671939074,0.0366681933216168
2057.75,0.213037831878732,0.0282620658398407
2058,0.256652653644593,0.0292101915197713
2058.25,0.2343,0.0420319999999999
2058.5,0.24424,0.0577939999999999
2058.75,0.22862,0.0428366666666666
2059,0.292993333333333,0.0327073333333333
2059.25,0.419577905691057,0.02329936
2059.5,0.395589860973188,0.0214100605759682
2059.75,0.143562,0.00546226666666657
2060,0.153454666666667,0.0341462666666666
2060.25,0.179393333333333,0.00411799999999993
2060.5,0.365952933333333,0.0206474994814815
2060.75,0.203533333333333,0.011928
2061,0.0915644545973729,0.00686261427755561
2061.25,0.0894074074074074,0.00724247305506561
2061.5,0.0844539608313349,0.0138372756994404
2061.75,0.0809468557634278,0.00689828630054304
2062,0.0836984261551155,0.0229518630363036
2062.25,0.0862413333333333,0.01197628
2062.5,0.07029,0.0141668666666666
2062.75,0.0417953333333333,0.0158472
2063,0.0453308246376811,0.0145039691787439
2063.25,0.0401337176997759,0.0148769903908388
2063.5,0.0377108045131223,0.0088585256315918
2063.75,0.039222264092664,0.00828499274131273
2064,0.0465286666666666,0.0128746666666666
2064.25,0.0410512649310873,0.017149142113323
2064.5,0.0459366173979984,0.014207641108545
2064.75,0.0419439999999999,0.0174053333333333
2065,0.0399813823299453,0.0168573984362783
2065.25,0.0404999702286018,0.0163512131844763
2065.5,0.0405331723602484,0.0119518467391304
2065.75,0.0375707867820613,0.00917766892210857
2066,0.0418690314875136,0.00776420076004337
2066.25,0.0347313552526062,0.0108274525527933
2066.5,0.039192,0.0160649333333333
2066.75,0.0492099873015873,0.0164033291005291
2067,0.0391287868499057,0.0174749921853947
2067.25,0.035899618739903,0.00903188820678512
2067.5,0.039966566343042,0.0160861873786407
2067.75,0.0410521999999999,0.0165343883870967
2068,0.0438654529100528,0.0196115523809523
2068.25,0.0368847769706752,0.00917852547753563
2068.5,0.0386570799785292,0.0143172624261943
2068.75,0.0369330147299509,0.00959120523731585
2069,0.0369624540043289,0.00737825622294371
2069.25,0.0348563281884646,0.00764758245329
2069.5,0.0365706838018741,0.00949321895582327
2069.75,0.0363993333333332,0.0123066666666666
2070,0.0430733333333333,0.0144603333333333
2070.25,0.041464,0.0125622666666666
2070.5,0.0481853333333333,0.0133006666666666
2070.75,0.0391446666666666,0.007242
2071,0.0473205657894736,0.00481400310428849
2071.25,0.0622906666666666,0.0133953333333333
2071.5,0.0850106666666666,0.0216786666666666
2071.75,0.168616602150538,0.0132626167741935
2072,0.138468369220497,0.00507227507928559
2072.25,0.224549591280654,0.0596915894641235
2072.5,0.199789604471195,0.0365572467755804
2072.75,0.191143901173901,0.050228633087633
2073,0.218441563688836,0.0260026719139446
2073.25,0.171852363193175,0.00389500548446068
2073.5,0.234347333333333,-0.003834
2073.75,0.232154517133956,0.00772055327102801
2074,0.330975969155275,0.0678524411730342
2074.25,0.290754307116105,0.0105162434456929
2074.5,0.208669790275337,0.00333681532513178
2074.75,0.266359905033238,-0.00670690408357071
2075,0.237023414634146,0.0303936585365854
2075.25,0.367909363348575,0.00365068364403793
2075.5,0.130449781294964,0.00457095275779373
2075.75,0.218188584269663,0.0393400629213482
2076,0.177956143080532,-0.00821990148553558
2076.25,0.232593488745981,0.0365707073954984
2076.5,0.173713333333333,0.0109624
2076.75,0.139268965690376,0.00317491640725242
2077,0.143348970624741,0.00477687549579365
2077.25,0.0850579999999999,0.000283999999999929
2077.5,0.181190994887928,0.00742359955433213
2077.75,0.373065000617055,0.0589224645193138
2078,0.0491042528735631,0.000892804597701138
2078.25,0.405769614912926,0.0315703929359823
2078.5,0.356781663599558,0.0569615465587044
2078.75,0.0403873195521102,0.00171658028792907
2079,0.0480668162661737,0.00218356628465797
2079.25,0.431347938461538,0.0158491989230769
2079.5,0.399801339712919,0.00819450972886755
2079.75,0.185357333333333,0.00416533333333332
2080,0.15478,0.00274533333333325
2080.25,0.117718,0.00473333333333329
2080.5,0.0278774547023296,0.00212264883520269
2080.75,0.226457257022683,0.0129668098843322
2081,0.230623468705208,0.0194632947921643
2081.25,0.0291391537305958,0.00129159891170084
2081.5,0.179912502899315,0.0466667243015287
2081.75,0.0343340807860262,0.00226187035662299
2082,0.028383945732052,0.0022801769738081
2082.25,0.168405238095238,-0.000650978231292432
2082.5,0.19454,0.0710473333333333
2082.75,0.141918531267929,0.0311274645247657
2083,0.220573333333333,0.0316186666666666
2083.25,0.0336345243055555,0.00726619259259258
2083.5,0.209087225236086,0.00834929756881645
2083.75,0.165538935018051,0.0054531588447653
2084,0.226588671130047,0.0119443923716778
2084.25,0.216109968730456,0.0226062401500938
2084.5,0.25103031093716,0.0234926479669493
2084.75,0.258913333333333,0.0556166666666666
2085,0.251813333333333,0.0803719999999999
2085.25,0.184221333333333,0.0130166666666666
2085.5,0.202586666666667,0.0761119999999999
2085.75,0.152366,0.01065
2086,0.134048,0.0359733333333332
2086.25,0.104559333333333,0.016614
2086.5,0.0379917024,0.01405029792
2086.75,0.0422821742605915,0.0169696243005595
2087,0.0407339488026424,0.0157454196531791
2087.25,0.0398117831392123,0.00760647060454791
2087.5,0.0401523996655518,0.00591644899665545
2087.75,0.041984027027027,0.0106954783783784
2088,0.0385721699999999,0.01398771
2088.25,0.0314621925042589,0.0105633243611584
2088.5,0.0425526666666666,0.0149952
2088.75,0.0314358340486409,0.0109671942775393
2089,0.0393970148212728,0.014112505550712
2089.25,0.0414054637554585,0.0139518410480349
2089.5,0.0371566666666666,0.0151798
2089.75,0.0380272956849116,0.00759123446278596
2090,0.0365257891986063,0.013577550174216
2090.25,0.0376959019264448,0.0142011605370694
2090.5,0.0369273045267489,0.0150813934156378
2090.75,0.0317697125925926,0.0107154024651852
2091,0.0368844479624743,0.00756084016417471
2091.25,0.0377857758059745,0.0156534315291333
2091.5,0.0385219101321585,0.00743057433186487
2091.75,0.0458659999999999,0.018318
2092,0.0381946642878382,0.00845738994944984
2092.25,0.0385588585046172,0.00954224772117959
2092.5,0.038683784984985,0.0159795243843843
2092.75,0.0454532820971104,0.0162346649985105
2093,0.0407994200351494,0.0167159704745167
2093.25,0.0374070875934229,0.0153837238863976
2093.5,0.0397719804618117,0.0141069937833037
2093.75,0.0355787355712602,0.0053297040636042
2094,0.045150550973654,0.0162739929553264
2094.25,0.0463316335616438,0.00173862060502275
2094.5,0.148365230137789,0.0258930401641747
2094.75,0.0733193333333333,0.00670831666666657
2095,0.0276128690807799,0.00373363751160624
2095.25,0.0265305896510228,0.00319982599217804
2095.5,0.0287649000598444,0.00405815774985039
2095.75,0.0187684440389294,0.000762170316301672
2096,0.0253706666666666,0.00426473333333329
2096.25,0.029969794168096,0.00929966037735848
2096.5,0.0548119999999999,0.0275953333333333
2096.75,0.0636633333333333,0.0369199999999999
2097,0.337342559618442,0.0091286509803921
2097.25,0.334445509295627,0.00309560892380203
2097.5,0.0266486666666666,0.00354999999999996
2097.75,0.0503277128205127,0.00284873846153836
2098,0.0276944750192159,-0.00170103120676392
2098.25,0.347175830636462,0.00437097713592228
2098.5,0.0221815596477181,-2.36477181745389e-05
2098.75,0.355666614214529,0.0104382475740886
2099,0.368065321955004,0.0124971016291698
2099.25,0.361654616564417,0.00962840582822078
2099.5,0.0465909591194968,0.00104521265723263
2099.75,0.0269117724334108,0.00110201106801137
2100,0.0413039073359072,0.00332883088803088
2100.25,0.02488266,0.000852851999999893
2100.5,0.0243221178861788,0.00110837349593488
2100.75,0.0235832181447503,0.000132330682976448
2101,0.0278030616113743,0.00441385464454976
2101.25,0.0198545925925926,-0.000913407407407361
2101.5,0.0277515818229577,0.00445736023115313
2101.75,0.376509155760842,0.0196705855273286
2102,0.128131860039565,0.0104222768051434
2102.25,0.0282458660508083,0.0044594230946882
2102.5,0.0193450232558139,-0.000991193023255809
2102.75,0.0461008447523736,0.0042624231460097
2103,0.0193593333333332,-0.001278
2103.25,0.0280847778616352,0.00512689517484269
2103.5,0.032540621011291,0.00399909591310744
2103.75,0.13071587254902,0.00290306787303912
2104,0.0273522491885143,0.00340030647191006
2104.25,0.131168387460201,0.00955594268919904
2104.5,0.0187578741672834,-0.00234473427091035
2104.75,0.0274733430515063,0.00342658902818267
2105,0.0182393396089789,-0.00205837277335259
2105.25,0.041953910581222,0.00200567064083452
2105.5,0.0437156788830715,0.00233644520069804
2105.75,0.0276012233883058,0.0064087772113942
2106,0.0294659130658435,0.0105235403806584
2106.25,0.193600027671022,0.00205584565718671
2106.5,0.036892365269461,0.00712779416167656
2106.75,0.0352159999999999,0.0146875333333333
2107,0.0382926666666666,0.0144697999999999
2107.25,0.0375826666666666,0.0132959333333333
2107.5,0.0366833333333333,0.0128935999999999
2107.75,0.0369673333333333,0.0136745999999999
2108,0.0373459999999999,0.0136225333333333
2108.25,0.03763,0.0143136
2108.5,0.0385766666666666,0.0154543333333333
2108.75,0.0379613333333333,0.0145502666666666
2109,0.0371093333333333,0.0137503333333333
2109.25,0.0374406666666666,0.0136130666666666
2109.5,0.0372513333333332,0.0140674666666666
2109.75,0.037488,0.0138497333333333
2110,0.0376773333333333,0.0143845999999999
2110.25,0.0384346666666666,0.0153312666666666
2110.5,0.0388133333333333,0.0155442666666666
2110.75,0.0392866666666666,0.0162589999999999
2111,0.038482,0.0152129333333333
2111.25,0.0374406666666666,0.0143893333333333
2111.5,0.0372513333333332,0.0138592
2111.75,0.0390026666666666,0.0160791333333332
2112,0.0397126666666666,0.0167749333333333
2112.25,0.0371093333333333,0.0144319333333333
2112.5,0.0369199999999999,0.0139633333333333
2112.75,0.0382453333333333,0.0161690666666666
2113,0.0382926666666666,0.0159418666666666
2113.25,0.0374406666666666,0.0150283333333333
2113.5,0.0372986666666666,0.0151087999999999
2113.75,0.0360206666666666,0.0133764
2114,0.0364939999999999,0.0135657333333332
2114.25,0.0375826666666666,0.0151040666666666
2114.5,0.036778,0.0143798666666666
2114.75,0.03763,0.0149668
2115,0.0377246666666666,0.0155253333333333
2115.25,0.0378193333333333,0.0156673333333333
2115.5,0.0387659999999999,0.0165808666666666
2115.75,0.0370146666666666,0.0144556
2116,0.0371566666666666,0.0147632666666666
2116.25,0.03763,0.0152744666666666
2116.5,0.0369199999999999,0.0144082666666666
2116.75,0.0372986666666666,0.014839
2117,0.03834,0.0161217333333332
2117.25,0.0398073333333332,0.0165571999999999
2117.5,0.0394286666666666,0.0158661333333333
2117.75,0.0408013333333333,0.0179582666666666
2118,0.0401386666666666,0.0171204666666666
2118.25,0.038482,0.0150330666666666
2118.5,0.0319026666666666,0.00931519999999993
2118.75,0.0280686666666666,0.00643686
2119,0.0282106666666666,0.00673553333333329
2119.25,0.02911,0.00760125999999996
2119.5,0.0294886666666666,0.00821706666666661
2119.75,0.02769,0.00594411999999996
2120,0.0280686666666666,0.00634834666666657
2120.25,0.02911,0.00772953333333325
2120.5,0.0275953333333333,0.00594033333333325
2120.75,0.027832,0.00610599999999996
2121,0.0286366666666666,0.00735039333333325
2121.25,0.0290153333333333,0.00737453333333329
2121.5,0.0297253333333333,0.00789993333333325
2121.75,0.0296779999999999,0.00784786666666657
2122,0.0299146666666666,0.00774846666666661
2122.25,0.0297253333333333,0.00751179999999996
2122.5,0.0292993333333333,0.00759226666666657
2122.75,0.0302459999999999,0.00833256
2123,0.0287786666666666,0.00700817333333329
2123.25,0.0283999999999999,0.006565938
2123.5,0.0292993333333333,0.00773426666666664
2123.75,0.0297253333333333,0.00801921333333325
2124,0.0292993333333333,0.00728838666666661
2124.25,0.0293466666666666,0.00764433333333325
2124.5,0.0290626666666666,0.00740335933333332
2124.75,0.028116,0.00580779999999996
2125,0.0292046666666666,0.00689409999999996
2125.25,0.0292993333333333,0.00699586666666657
2125.5,0.0292519999999999,0.00705077333333329
2125.75,0.0280686666666666,0.00533919999999996
2126,0.0292519999999999,0.00696273333333325
2126.25,0.0299146666666666,0.00748387333333332
2126.5,0.028258,0.00509306666666664
2126.75,0.028968,0.00601606666666657
2127,0.0289206666666666,0.00648277333333332
2127.25,0.0280213333333333,0.00511531333333332
2127.5,0.0294886666666666,0.0068586
2127.75,0.0290626666666666,0.00672369999999996
2128,0.0282106666666666,0.00546699999999996
2128.25,0.0278793333333332,0.00537706666666657
2128.5,0.029536,0.00730353333333325
2128.75,0.0291573333333332,0.00665033333333329
2129,0.0283999999999999,0.00542439999999996
2129.25,0.0282106666666666,0.00566106666666661
2129.5,0.0290153333333333,0.00599997333333325
2129.75,0.0286366666666666,0.00525873333333325
2130,0.029394,0.00648229999999993
2130.25,0.0292519999999999,0.00725809333333332
2130.5,0.035150525090909,0.0118686388363636
2130.75,0.0356419999999999,0.0149952
2131,0.0365886666666666,0.0139633333333333
2131.25,0.0399966666666666,0.0147348666666666
2131.5,0.0412273333333333,0.0157146666666666
2131.75,0.0403279999999999,0.0152176666666666
2132,0.040612,0.0157194
2132.25,0.040896,0.0156199999999999
2132.5,0.0401386666666666,0.0150709333333333
2132.75,0.0424112949852507,0.00761797536873156
2133,0.0398073333333332,0.0146118
2133.25,0.0396653333333333,0.0145408
2133.5,0.039618,0.0146686
2133.75,0.0401386666666666,0.0152744666666666
2134,0.03976,0.0155395333333333
2134.25,0.0389553333333333,0.0143656666666666
2134.5,0.0398073333333332,0.0160270666666666
2134.75,0.0399966666666666,0.0155206
2135,0.0407066666666666,0.0156436666666666
2135.25,0.0415113333333332,0.0173902666666666
2135.5,0.0394759999999999,0.014839
2135.75,0.0399966666666666,0.0160696666666666
2136,0.0413693333333333,0.0166802666666666
2136.25,0.0392866666666666,0.0154306666666666
2136.5,0.039192,0.0152271333333332
2136.75,0.0391446666666666,0.015336
2137,0.0399019999999999,0.0167228666666666
2137.25,0.0397126666666666,0.0157099333333333
2137.5,0.0400439999999999,0.0166566
2137.75,0.0412273333333333,0.0182375333333333
2138,0.0397126666666666,0.0156199999999999
2138.25,0.0400439999999999,0.0162968666666666
2138.5,0.041038,0.0176221999999999
2138.75,0.0392866666666666,0.0154495999999999
2139,0.0388606666666666,0.0147585333333332
2139.25,0.0396653333333333,0.01633
2139.5,0.0395233333333333,0.0157051999999999
2139.75,0.0398073333333332,0.0156673333333333
2140,0.03976,0.0156436666666666
2140.25,0.0392866666666666,0.0154117333333333
2140.5,0.0388133333333333,0.0143751333333332
2140.75,0.0392866666666666,0.0155632
2141,0.0398073333333332,0.0160602
2141.25,0.0387659999999999,0.0142236666666666
2141.5,0.0388606666666666,0.0147112
2141.75,0.0400913333333333,0.0164388666666666
2142,0.0426473333333333,0.0148910666666666
2142.25,0.0479013333333332,0.0153928
2142.5,0.03976,0.00801826666666657
2142.75,0.0348846666666666,0.00519151999999993
2143,0.043026,0.00172766666666664
2143.25,0.10153,0.0158093333333333
2143.5,0.225306666666667,0.0135042
2143.75,0.381506666666667,0.0490373333333333
2144,0.486586666666667,0.0797093333333333
2144.25,0.507886666666667,0.056658
2144.5,0.531553333333333,0.0603499999999999
2144.75,0.53392,0.054102
2145,0.559006666666667,0.0696746666666666
2145.25,0.546226666666667,0.0620066666666666
2145.5,0.5538,0.0803719999999999
2145.75,0.5751,0.0624326666666666
2146,0.357541553709372,0.0362373196327065
2146.25,0.529186666666667,0.0604446666666666
2146.5,0.532973333333333,0.0589773333333332
2146.75,0.541966666666667,0.067024
2147,0.523033333333333,0.0778159999999999
2147.25,0.419158878781155,0.0533086546853043
2147.5,0.304679933333333,0.0385896618181818
2147.75,0.35926,0.062764
2148,0.367306666666667,0.0697693333333333
2148.25,0.335593333333333,0.0709526666666666
2148.5,0.30956,0.06106
2148.75,0.301986666666667,0.0686333333333333
2149,0.324233333333333,0.075402
2149.25,0.383873333333333,0.0799459999999999
2149.5,0.436413333333333,0.0727039999999999
2149.75,0.489426666666667,0.0625746666666666
2150,0.50268,0.0654619999999999
2150.25,0.489426666666667,0.0568
2150.5,0.539126666666667,0.057084
2150.75,0.530133333333333,0.0618173333333333
2151,0.527293333333333,0.0752126666666666
2151.25,0.518773333333333,0.0679706666666666
2151.5,0.495106666666667,0.0784313333333333
2151.75,0.476646666666667,0.0687753333333333
2152,0.482326666666667,0.0710473333333333
2152.25,0.4473,0.0520666666666666
2152.5,0.4331,0.0551906666666666
2152.75,0.341057661290323,0.0601338508064516
2153,0.312232972367438,0.055153213592233
2153.25,0.0576332797427652,0.00769856310289385
2153.5,0.281633333333333,0.0296779999999999
2153.75,0.263646666666667,0.0310979999999999
2154,0.262709439040207,0.031038810311284
2154.25,0.264266666666667,0.0309569523809523
2154.5,0.23998,0.0367306666666666
2154.75,0.25134,0.0315713333333333
2155,0.44446,0.0404226666666666
2155.25,0.423633333333333,0.0395233333333333
2155.5,0.255811767109295,0.0356528784473952
2155.75,0.163092368713146,0.0184548159902878
2156,0.295515207566999,0.0206008197582763
2156.25,0.344586666666667,0.0104450466666666
2156.5,0.342693333333333,0.0255126666666666
2156.75,0.31666,0.010366
2157,0.314293333333333,0.0162353333333333
2157.25,0.263835404612159,0.0216810065408804
2157.5,0.28542,0.0767273333333333
2157.75,0.213094666666667,0.0115966666666666
2158,0.148437333333333,0.0285893333333333
2158.25,0.0983063456617817,0.0172344200976971
2158.5,0.0446826666666666,0.0135751999999999
2158.75,0.0458999748148147,0.0168110434074074
2159,0.0404226666666666,0.0139775333333333
2159.25,0.0402644978053188,0.0141636292279886
2159.5,0.0399347043635424,0.0159171697392202
2159.75,0.0401683360258481,0.0162185563812601
2160,0.0457713333333332,0.0179535333333333
2160.25,0.0546226666666666,0.0126853333333333
2160.5,0.0423977750677506,0.0161253660704606
2160.75,0.0375826666666666,0.0153123333333332
2161,0.037914,0.0156625999999999
2161.25,0.0400913333333333,0.0163489333333333
2161.5,0.040247541118421,0.0164726422697368
2161.75,0.0372068733934918,0.0152840925348646
2162,0.0407951881676252,0.0158317437414406
2162.25,0.0399019999999999,0.0167086666666666
2162.5,0.0421845316666666,0.0154739884999999
2162.75,0.0390973333333333,0.0156199999999999
2163,0.0413693333333333,0.0177026666666666
2163.25,0.047025745819398,0.0100142175585284
2163.5,0.0341455073947668,0.00772293816837307
2163.75,0.0424579999999999,0.0152271333333332
2164,0.0433856591173054,0.0158529970963995
2164.25,0.0364781676750216,0.0166608833189282
2164.5,0.0472793896551723,0.00992488189655164
2164.75,0.0401386666666666,0.0169926666666666
2165,0.0381506666666666,0.0115114666666666
2165.25,0.038164580927384,0.0161596496937882
2165.5,0.0314095764499121,0.006722502108963
2165.75,0.034648,0.00807033333333325
2166,0.043878,0.0181759999999999
2166.25,0.050268,0.0146401999999999
2166.5,0.047286,0.0154164666666666
2166.75,0.0468126666666666,0.0144603333333333
2167,0.0386713333333333,0.004686
2167.25,0.0635686666666666,0.00345533333333329
2167.5,0.155632,0.0189948666666666
2167.75,0.12917760043431,0.0120383930510315
2168,0.164171797593772,0.00498336455661706
2168.25,0.18744,0.019596
2168.5,0.14412117133365,0.00259836816326523
2168.75,0.258934318555008,0.0162281199283475
2169,0.141265153000845,0.00695211834319519
2169.25,0.155919193669304,0.00578576959600157
2169.5,0.210633333333333,-0.00520666666666657
2169.75,0.300566666666667,-0.0032802
2170,0.213946666666667,-0.00653199999999996
2170.25,0.22862,-0.00407066666666664
2170.5,0.253914155251142,0.00322860882800604
2170.75,0.289206666666667,0.050268
2171,0.2343,-0.00224833333333332
2171.25,0.269326666666667,0.0256073333333333
2171.5,0.201166666666667,-0.00170399999999989
2171.75,0.166802666666667,-0.000113126666666643
2172,0.173855333333333,0.00869986666666657
2172.25,0.158945333333333,0.000970333333333321
2172.5,0.182980872075357,0.0117012703129747
2172.75,0.16756,0.0370146666666666
2173,0.136272666666667,0.00125433333333325
2173.25,0.207793333333333,0.0476646666666666
2173.5,0.190753333333333,0.00120084666666661
2173.75,0.225199839935974,0.0142626565292783
2174,0.279790796747967,0.0269322433604336
2174.25,0.268853333333333,-0.00359733333333325
2174.5,0.275006666666667,-0.00648466666666657
2174.75,0.325741477690289,0.00148687510498687
2175,0.25702,-0.00321866666666664
2175.25,0.275006666666667,0.012283
2175.5,0.266486666666667,0.0109103333333333
2175.75,0.238086666666667,0.00551906666666664
2176,0.273586666666667,0.0615333333333332
2176.25,0.2272,0.002982
2176.5,0.19596,-0.00104133333333325
2176.75,0.204953333333333,0.0199746666666666
2177,0.18034,0.0188386666666666
2177.25,0.158519333333333,0.00997313333333328
2177.5,0.155774,0.0226253333333333
2177.75,0.126096,0.00301513333333332
2178,0.142189333333333,0.0115729999999999
2178.25,0.151088,0.0153502
2178.5,0.159892,0.0270273333333333
2178.75,0.164814666666667,0.0286366666666666
2179,0.204953333333333,0.0191510666666666
2179.25,0.244713333333333,0.025134
2179.5,0.253233333333333,0.0202728666666666
2179.75,0.243766666666667,0.0107162666666666
2180,0.221993333333333,0.0137834666666666
2180.25,0.22294,0.0170920666666666
2180.5,0.219153333333333,0.0149052666666666
2180.75,0.24992,0.0223839333333333
2181,0.218301333333333,0.0151703333333333
2181.25,0.211627333333333,0.011715
2181.5,0.184268666666667,0.023572
2181.75,0.142852,0.0164388666666666
2182,0.117339333333333,0.0195297333333333
2182.25,0.10437,0.026554
2182.5,0.0730826666666666,0.0109576666666666
2182.75,0.0420224584980237,0.0167140173913043
2183,0.0369673333333333,0.0101956
2183.25,0.049740406504065,0.0178354886178861
2183.5,0.0381033333333332,0.012567
2183.75,0.0392866666666666,0.011644
2184,0.0424106666666666,0.0148721333333333
2184.25,0.0369199999999999,0.0148105999999999
2184.5,0.0380883330501273,0.0143541852166525
2184.75,0.0373940596760443,0.0161155109974424
2185,0.0407882758620689,0.0167937790860666
2185.25,0.0400913333333333,0.0163489333333333
2185.5,0.0352454448160535,0.0084418525083611
2185.75,0.0397532150170648,0.0158205447098976
2186,0.0377246666666666,0.0120936666666666
2186.25,0.037488,0.0163015999999999
2186.5,0.038168972150445,0.0170835784668389
2186.75,0.0332939896729775,0.00840862409638545
2187,0.0386519103448275,0.0140621131034483
2187.25,0.0351991685458224,0.0113130032957502
2187.5,0.0376952732003469,0.0148410320901994
2187.75,0.0406827517482516,0.0173834893939393
2188,0.0411449626411815,0.00884592968433246
2188.25,0.0434046666666666,0.0156673333333333
2188.5,0.0422842108013936,0.0138669432055749
2188.75,0.0418532543859649,0.0204300631578947
2189,0.0354801347150259,0.0161489234312032
2189.25,0.0327823769875687,0.0113291898178664
2189.5,0.037285459272097,0.0133705181975736
2189.75,0.0315168059873345,0.00723894254461709
2190,0.047002,0.0157762
2190.25,0.0478066666666666,0.0146496666666666
2190.5,0.0447773333333333,0.0129693333333333
2190.75,0.0362573333333333,0.00496999999999993
2191,0.0443986666666666,0.00374406666666661
2191.25,0.0576993333333332,0.00915426666666661
2191.5,0.0781473333333332,0.0121362666666666
2191.75,0.152082,0.0137172
2192,0.216786666666667,0.00241399999999993
2192.25,0.232495732298739,0.0119521785645004
2192.5,0.253463650144005,0.0136680865544945
2192.75,0.248973333333333,-0.00601133333333329
2193,0.181433874678576,0.0324022898903775
2193.25,0.257966666666667,0.0186493333333333
2193.5,0.24708,-0.00373933333333332
2193.75,0.25418,-0.00565633333333332
2194,0.268853333333333,0.0112653333333333
2194.25,0.291573333333333,0.0105458666666666
2194.5,0.305773333333333,0.00140106666666661
2194.75,0.308613333333333,0.00887026666666657
2195,0.296306666666667,0.0256735999999999
2195.25,0.222466666666667,-0.00195959999999989
2195.5,0.21158,0.0220099999999999
2195.75,0.177973333333333,0.0146638666666666
2196,0.184561190902312,0.0207731210539398
2196.25,0.16046,0.00863833333333332
2196.5,0.153833333333333,0.00922999999999993
2196.75,0.18886,0.0413693333333333
2197,0.16898,0.00963706666666657
2197.25,0.219626666666667,0.031524
2197.5,0.28968,0.0215839999999999
2197.75,0.342693333333333,0.0195344666666666
2198,0.35358,0.0173855333333333
2198.25,0.387186666666667,0.00845373333333325
2198.5,0.387186666666667,-0.00140106666666661
2198.75,0.42884,0.0330386666666666
2199,0.4189,0.0280686666666666
2199.25,0.399493333333333,0.0215839999999999
2199.5,0.413693333333333,0.0308613333333332
2199.75,0.3834,0.028684
2200,0.402333333333333,0.039192
2200.25,0.38056,0.032376
2200.5,0.342693333333333,0.030814
2200.75,0.301986666666667,0.025702
2201,0.2698,0.02769
2201.25,0.22862,0.00261753333333325
2201.5,0.189806666666667,0.000993999999999965
2201.75,0.254584132553606,0.0164086322169059
2202,0.13916,0.00381033333333325
2202.25,0.146780666666667,0.00620066666666664
2202.5,0.186493333333333,0.0408013333333333
2202.75,0.185546666666667,0.030672
2203,0.32092,0.0552379999999999
2203.25,0.27548,0.00918266666666664
2203.5,0.0451281614929786,0.0153955549889134
2203.75,0.0884149815455593,0.00548750019223366
2204,0.25276,0.0696746666666666
2204.25,0.323367087378641,0.0187212524271844
2204.5,0.171346666666667,0.0313819999999999
2204.75,0.223413333333333,0.07242
2205,0.191226666666667,0.0434046666666666
2205.25,0.174049495302013,0.017419111409396
2205.5,0.106260268120882,0.00463234264939786
2205.75,0.086064600232288,0.0120452547270615
2206,0.111328,0.0253233333333332
2206.25,0.091164,0.0247553333333333
2206.5,0.0505993333333333,0.0161643333333332
2206.75,0.0415586666666666,0.0185499333333332
2207,0.0418426666666666,0.0179109333333332
2207.25,0.0421266666666666,0.0183369333333332
2207.5,0.0417006666666666,0.0177547333333333
2207.75,0.04402,0.0201024666666666
2208,0.040612,0.0171867333333332
2208.25,0.0403279999999999,0.0169642666666666
2208.5,0.0411326666666666,0.0185736
2208.75,0.040186,0.0176742666666666
2209,0.0398546666666666,0.0166613333333333
2209.25,0.0394286666666666,0.0164341333333333
2209.5,0.040044,0.0167228666666666
2209.75,0.041464,0.0164246666666666
2210,0.0429076470588235,0.0172531411764705
2210.25,0.0374673725490195,0.0153011607843137
2210.5,0.0342331033549783,0.0105437958333333
2210.75,0.0402333333333333,0.0175133333333333
2211,0.0399019999999999,0.0171062666666666
2211.25,0.0406593333333332,0.0177499999999999
2211.5,0.0387186666666666,0.0151324666666666
2211.75,0.03834,0.0150661999999999
2212,0.0361626666666666,0.0168506666666666
2212.25,0.0365413333333333,0.0166897333333333
2212.5,0.0362099999999999,0.0166755333333332
2212.75,0.032907100141844,0.00353527067234042
2213,0.035358,0.0160933333333333
2213.25,0.0387659999999999,0.0160933333333333
2213.5,0.04047,0.017466
2213.75,0.0300409712793733,0.00547141201044379
2214,0.046008,0.0152886666666666
2214.25,0.0458186666666666,0.0153076
2214.5,0.04899,0.0154732666666666
2214.75,0.0415113333333332,0.00872353333333332
2215,0.0604919999999999,0.012567
2215.25,0.091848367560497,0.00350753930673634
2215.5,0.0783786753503059,0.0121721940398658
2215.75,0.130377610930148,0.0121502251176258
2216,0.216120655401946,0.00240658371735786
2216.25,0.166101702826464,0.00560967939365221
2216.5,0.199491957200178,0.0353057708426214
2216.75,0.164518485726107,0.00289685287546538
2217,0.164785442987684,0.00864650054297438
2217.25,0.278754027290448,0.0104248317348927
2217.5,0.136780446864439,0.00514633488546743
2217.75,0.17197881465255,0.00494009145089443
2218,0.310033333333333,0.0404226666666666
2218.25,0.195330520871814,0.0295134436645733
2218.5,0.266011319862933,0.0444921588089329
2218.75,0.263173333333333,-0.00662666666666664
2219,0.208266666666667,-0.00269799999999996
2219.25,0.2414,-0.00530133333333325
2219.5,0.334415812865497,-0.00296735157894728
2219.75,0.157572666666667,-0.00179866666666657
2220,0.212526666666667,0.0196433333333333
2220.25,0.133728408268734,0.0206065483204134
2220.5,0.186975124346917,0.0143250846394984
2220.75,0.155300666666667,0.00132533333333329
2221,0.232406666666667,0.0118096666666666
2221.25,0.294886666666667,0.0248026666666666
2221.5,0.3763,0.0501733333333333
2221.75,0.329913333333333,-0.000993999999999965
2222,0.0940354173405211,0.000847174487870601
2222.25,0.431380780681442,0.0524728752894476
2222.5,0.0508770201386596,0.00236197865081984
2222.75,0.440644347240915,0.0886974427994616
2223,0.383788318703579,0.0332616542876434
2223.25,0.373763182974786,0.0277476474670367
2223.5,0.39902,0.0447299999999999
2223.75,0.0373777170077628,0.000766360738649713
2224,0.0363154916241806,9.49424617625636e-05
2224.25,0.349244288247214,0.0541162791286727
2224.5,0.0333627019089574,0.00228942063809904
2224.75,0.270273333333333,-0.00560899999999993
2225,0.221993333333333,0.0158898
2225.25,0.212053333333333,0.0262226666666666
2225.5,0.167086666666667,0.00343166666666664
2225.75,0.185546666666667,0.00581253333333325
2226,0.165903333333333,0.000681599999999893
2226.25,0.178872666666667,0.0189617333333333
2226.5,0.176269333333333,0.0250393333333333
2226.75,0.141592656339644,0.0310559892904953
2227,0.2627,0.0224596666666666
2227.25,0.27832,0.00605866666666657
2227.5,0.25418,0.00638053333333332
2227.75,0.248973333333333,0.00546699999999996
2228,0.223413333333333,0.00601133333333329
2228.25,0.224880666666667,0.0183653333333333
2228.5,0.235246666666667,0.0334646666666666
2228.75,0.228004666666667,0.0208882
2229,0.23572,0.0331333333333333
2229.25,0.180387333333333,0.0101766666666666
2229.5,0.192173333333333,0.0751653333333333
2229.75,0.0469073333333333,0.0153123333333332
2230,0.0771533333333333,0.0131397333333332
2230.25,0.0776266666666666,0.0182611999999999
2230.5,0.0591666666666666,0.0136462
2230.75,0.0532026666666666,0.0165950666666666
2231,0.0503626666666666,0.015762
2231.25,0.038908,0.0106357999999999
2231.5,0.0445406666666666,0.0170352666666666
2231.75,0.040612,0.0125149333333333
2232,0.0334363307931131,0.00996941800733838
2232.25,0.0402806666666666,0.0174565333333333
2232.5,0.039334,0.0119706
2232.75,0.0447773333333333,0.0162353333333333
2233,0.0480433333333333,0.0157383333333333
2233.25,0.04899,0.0172813999999999
2233.5,0.0433573333333333,0.0168364666666666
2233.75,0.046576,0.0178399333333333
2234,0.0415113333333332,0.0160980666666666
2234.25,0.0452506666666666,0.0165903333333332
2234.5,0.037574763460375,0.0138733957047791
2234.75,0.0450139999999999,0.0164246666666666
2235,0.0441619999999999,0.0185120666666666
2235.25,0.0429786666666666,0.0161406666666666
2235.5,0.0453926666666666,0.0160885999999999
2235.75,0.0457713333333332,0.0159560666666666
2236,0.0424579999999999,0.0157430666666666
2236.25,0.0432153333333332,0.0154874666666666
2236.5,0.0424579999999999,0.017395
2236.75,0.0333545777777777,0.00799848444444444
2237,0.0356419999999999,0.00851526666666661
2237.25,0.0442093333333333,0.0153833333333333
2237.5,0.0356785043050429,0.00758227601476009
2237.75,0.04402,0.0160459999999999
2238,0.0385293333333332,0.0138260666666666
2238.25,0.0505993333333333,0.0160744
2238.5,0.046434,0.00874246666666657
2238.75,0.041038,0.00757806666666661
2239,0.0452033333333333,0.00668535999999996
2239.25,0.0823126666666667,0.025702
2239.5,0.111943333333333,9.46666666666662e-05
2239.75,0.115966666666667,-0.00165666666666661
2240,0.128036666666667,0.00320919999999996
2240.25,0.190607316513762,0.016746891590214
2240.5,0.175621986607143,0.00579552555803562
2240.75,0.179479231735774,0.00185619310716199
2241,0.108231642072213,0.0177778649921506
2241.25,0.0985450808698606,0.00693552993543998
2241.5,0.183839938239835,-0.00186690169840452
2241.75,0.201196488575269,0.00477782762096767
2242,0.171346666666667,0.000293466666666607
2242.25,0.223994356261023,0.00885085521885517
2242.5,0.193215405889052,0.00762468618838456
2242.75,0.203666450970632,0.0121392800730048
2243,0.210633333333333,0.0375826666666666
2243.25,0.181819340515834,0.0131498583088475
2243.5,0.170226085858586,0.0145470214646464
2243.75,0.190373091976517,0.0235835322896281
2244,0.141668666666667,0.0304826666666666
2244.25,0.115872,0.000141999999999965
2244.5,0.102317054263566,0.0174652832161528
2244.75,0.124534,0.0187913333333333
2245,0.124202666666667,0.0141763333333333
2245.25,0.149762666666667,0.0308613333333332
2245.5,0.118712,0.00619877333333329
2245.75,0.104938,0.0131870666666666
2246,0.0865726666666666,0.0295833333333332
2246.25,0.063048,0.00453453333333325
2246.5,0.0605330717488789,0.00336657006726455
2246.75,0.0681126666666666,0.00634266666666661
2247,0.0984533333333333,0.0364939999999999
2247.25,0.06958,0.0243293333333333
2247.5,0.054244,0.0107683333333333
2247.75,0.0493213333333333,0.00612966666666661
2248,0.047712,0.00250866666666661
2248.25,0.0614386666666666,0.0149478666666666
2248.5,0.0468126666666666,0.00364466666666664
2248.75,0.0498893333333333,0.00620066666666664
2249,0.0267537681818181,0.00272898181818177
2249.25,0.0697219999999999,0.02343
2249.5,0.0434519999999999,0.00219153333333325
2249.75,0.039618,0.00260333333333329
2250,0.0752937285429141,-0.00263840286926147
2250.25,0.0816841790268019,0.000807715066354306
2250.5,0.0788063189316574,-0.0016122633150039
2250.75,0.0296340553439959,0.00175295730286874
2251,0.052114,0.0125433333333333
2251.25,0.0527766666666666,0.0138213333333332
2251.5,0.0312561007874015,0.00267559754330702
2251.75,0.0332597737998373,0.00826961090317331
2252,0.0395620674634794,0.00571345391766261
2252.25,0.0409828761429758,0.00494344139650871
2252.5,0.0370183045123726,0.00688502398835515
2252.75,0.0375180361134995,0.00795250060189163
2253,0.0399744506017352,0.0142358477469913
2253.25,0.0480930889261745,0.00548700548098433
2253.5,0.0380182080046742,0.00772735541922288
2253.75,0.0380694637037036,0.0066430031881481
2254,0.0375794125,0.00757780041666661
2254.25,0.0385339573712256,0.009404738188277
2254.5,0.0378868678571428,0.0090662942857142
2254.75,0.049558,0.0136793333333333
2255,0.0409836352657004,0.00914939613526564
2255.25,0.0424098285181733,0.00832965206585888
2255.5,0.0407230634768739,0.0106462405103668
2255.75,0.0410671911623438,0.0171280236311238
2256,0.0399762385964912,0.0178170366826155
2256.25,0.0355946666666666,0.0118901333333333
2256.5,0.0383716309751434,0.0160471765455703
2256.75,0.0471409581304771,0.00801965394352478
2257,0.0331505580487805,0.00786792214634141
2257.25,0.0386542824207493,0.0165991588856867
2257.5,0.0435092691933916,0.00821999222546152
2257.75,0.0311341142670584,0.0101268299053215
2258,0.0370113815575105,0.0152666055392635
2258.25,0.0324898265204386,0.00755876051844461
2258.5,0.0330534670599803,0.0133112317273024
2258.75,0.031290004620462,0.0104894228382838
2259,0.037870522742702,0.0161032048879837
2259.25,0.0314343106529209,0.00675025546391751
2259.5,0.0331472184139785,0.00984486572580636
2259.75,0.0378193333333333,0.0157051999999999
2260,0.0466699911654773,0.00833730105334682
2260.25,0.0328561790633608,0.00626261563360875
2260.5,0.0308925695006747,0.00949993893387306
2260.75,0.0302054068522483,0.00685550863668807
2261,0.03458841285956,0.00654336961082902
2261.25,0.0315389856557376,0.00539047131147534
2261.5,0.0312868068756319,0.00484638773171546
2261.75,0.0321071295925183,0.0123841785571141
2262,0.0407738007968127,0.0165708908366533
2262.25,0.0322339999999999,0.00354999999999996
2262.5,0.0401703310344827,0.0136968023645319
2262.75,0.03337,0.00629533333333332
2263,0.0245186666666666,0.00222466666666657
2263.25,0.0249830299785867,0.00331203597430402
2263.5,0.0241148541666666,0.00165021256944437
2263.75,0.0239914369747899,0.00177225546218483
2264,0.0316186666666666,0.005538
2264.25,0.0230989109047127,0.00132806879944952
2264.5,0.0782267513550135,0.00298976863143625
2264.75,0.0210695953307393,0.00137472023346296
2265,0.0267433333333333,0.00189806666666664
2265.25,0.0292131138461538,0.00455367056410255
2265.5,0.0348829675213675,0.0071703353914529
2265.75,0.0257851124786325,0.00062695063247859
2266,0.0263068776119403,0.00027815515754559
2266.25,0.0352159999999999,0.00548403999999996
2266.5,0.0209641172460803,0.00157942331288336
2266.75,0.0225034803418802,0.00225510564102555
2267,0.0212646431451613,0.00109415389784943
2267.25,0.0284766302780638,0.00319734278063844
2267.5,0.0893793181818182,0.00656802565426992
2267.75,0.0820931941544884,-0.000529787473903887
2268,0.158400864503817,0.0115004011450381
2268.25,0.021112846491228,0.00210658245614032
2268.5,0.0240218744715446,0.00196241691056904
2268.75,0.0280005407969639,0.00344155547122073
2269,0.0413545016118632,0.00540643713733072
2269.25,0.0267123412698412,0.00169745212830685
2269.5,0.0225306666666666,0.00426
2269.75,0.0243857935042734,0.00620382222222213
2270,0.0285715137254901,0.00553514143790846
2270.25,0.0250866666666666,0.00629533333333332
2270.5,0.0267433333333333,0.00701953333333332
2270.75,0.0245659999999999,0.00639236666666664
2271,0.0258913333333333,0.006177
2271.25,0.0240453333333332,0.00594080666666664
2271.5,0.0245659999999999,0.00472528666666657
2271.75,0.0242346666666666,0.00605866666666657
2272,0.023856,0.00602553333333325
2272.25,0.0239033333333333,0.00412746666666661
2272.5,0.023146,0.00460553333333329
2272.75,0.0284515735150924,0.00474349133398239
2273,0.0233353333333333,0.00463866666666661
2273.25,0.02272,0.00366833333333329
2273.5,0.0259418037686809,0.00338002258609486
2273.75,0.0232406666666666,0.0037062
2274,0.0267433333333333,0.00486586666666657
2274.25,0.0273637040588047,0.00577151262384141
2274.5,0.0469546666666666,0.0213568
2274.75,0.0322517086247085,0.0041893972027971
2275,0.0290814686325527,0.00566427695865857
2275.25,0.0330496734453285,0.00990541862658414
2275.5,0.0329808056042031,0.00723404203152356
2275.75,0.0359277212121212,0.00948341160173157
2276,0.0377901608796296,0.0104788275462963
2276.25,0.0356893333333333,0.00961813333333332
2276.5,0.0373831126843657,0.0103345002949852
2276.75,0.0317619969779389,0.0055488398912057
2277,0.0366689423019432,0.00975647402092669
2277.25,0.0381159842424242,0.0147120132727272
2277.5,0.0340509574660633,0.00796566027149312
2277.75,0.0311514618916436,0.00634305785123959
2278,0.0326428356460067,0.00792619216774591
2278.25,0.0321951111111111,0.00914493333333331
2278.5,0.0347932839962997,0.00929252728954663
2278.75,0.0382570124146493,0.00838438603351947
2279,0.0399885057471264,0.0174330842911876
2279.25,0.047134817976075,0.00725809608794049
2279.5,0.0392382835101253,0.0163041013179041
2279.75,0.0484211695906432,0.00852193762183228
2280,0.0390183674796748,0.0163501062764227
2280.25,0.0325721357285428,0.00677787824351291
2280.5,0.0311470238095238,0.00674852182539681
2280.75,0.0320792161981258,0.00691156961178037
2281,0.048468246839654,0.00783530585495674
2281.25,0.0469119169960473,0.0071604856389986
2281.5,0.0470024733333333,0.00866357146666657
2281.75,0.0377108672936258,0.00761450888192261
2282,0.0481698580558357,0.00893980033636047
2282.25,0.0372126105336105,0.00760801656271654
2282.5,0.0380329769874476,0.0066142243375174
2282.75,0.0364095152151102,0.00675905099685199
2283,0.0371257083771468,0.00781470347003152
2283.25,0.0387807183195591,0.0173739493801652
2283.5,0.0316228213166144,0.00626758620689648
2283.75,0.0321616797520661,0.00894688016528916
2284,0.0310748974093263,0.00659989512953366
2284.25,0.0325189456712232,0.00762430998948473
2284.5,0.0315713333333333,0.00767746666666657
2284.75,0.0372738658146965,0.00706291970181042
2285,0.040539730809674,0.00867295983175594
2285.25,0.0287831151003168,0.00464300763815557
2285.5,0.0305150135841169,0.0073530725879484
2285.75,0.0290116121593291,0.003513681341719
2286,0.0330076551724137,0.00506307899686518
2286.25,0.0223924417177914,0.000743278527607311
2286.5,0.0326473241232731,0.00676638299681189
2286.75,0.0300093333333332,0.00625746666666661
2287,0.0358786666666666,0.00355473333333325
2287.25,0.0548593333333333,0.0110712666666666
2287.5,0.0878033333333333,0.0151466666666666
2287.75,0.0848213333333333,0.00689504666666664
2288,0.0819813333333333,0.00799459999999993
2288.25,0.0782893333333333,0.00309323333333329
2288.5,0.0834013333333333,0.00922053333333325
2288.75,0.074976,0.00447915333333325
2289,0.0754493333333333,0.0049416
2289.25,0.073272,0.000989266666666572
2289.5,0.0745026666666666,0.00266959999999993
2289.75,0.0772006666666666,0.00175606666666657
2290,0.08662,0.00614859999999996
2290.25,0.0869513333333333,0.00430733333333329
2290.5,0.0826913333333333,0.000577466666666643
2290.75,0.0827386666666666,0.000818866666666572
2291,0.0848686666666666,0.00110759999999989
2291.25,0.0835433333333333,0.00177026666666664
2291.5,0.0905959999999999,0.00665743333333332
2291.75,0.0814133333333333,-0.000525399999999964
2292,0.0871879999999999,0.0103044666666666
2292.25,0.0695326666666666,0.00771533333333329
2292.5,0.035784,0.00248499999999996
2292.75,0.0287313333333333,0.00516472933333332
2293,0.0252286666666666,0.00674026666666657
2293.25,0.0262226666666666,0.0073272
2293.5,0.025986,0.00817304666666664
2293.75,0.0241873333333333,0.00615333333333325
2294,0.024653772991453,0.00155559179487172
2294.25,0.028968,0.00747866666666664
2294.5,0.0305299999999999,0.00754019999999989
2294.75,0.0260925,0.00415864071038246
2295,0.033796,0.00816499999999993
2295.25,0.02769,0.00542439999999996
2295.5,0.0320446666666666,0.00684203333333329
2295.75,0.030672,0.00708106666666657
2296,0.0304826666666666,0.00742044666666661
2296.25,0.0292519999999999,0.00659116666666657
2296.5,0.0301986666666666,0.00680260466666664
2296.75,0.0298673333333333,0.00524297133333325
2297,0.0289206666666666,0.00525873333333325
2297.25,0.0286366666666666,0.00595926666666661
2297.5,0.0296306666666666,0.0065178
2297.75,0.0282106666666666,0.0056232
2298,0.0288733333333333,0.00609984666666661
2298.25,0.032802,0.00834486666666661
2298.5,0.0364466666666666,0.0151182666666666
2298.75,0.0391446666666666,0.0154827333333333
2299,0.0360679999999999,0.00629533333333332
2299.25,0.0329638405555555,0.0103431735
2299.5,0.04106445328911,0.00860983128800442
2299.75,0.0398546666666666,0.015052
2300,0.037822907986111,0.0104879079861111
2300.25,0.0375851191709844,0.0147398207253886
2300.5,0.050199262704565,0.0143799971289118
2300.75,0.0397126666666666,0.0155726666666666
2301,0.03763,0.0161690666666666
2301.25,0.0403753333333333,0.0166187333333333
2301.5,0.0410853333333332,0.0165193333333333
2301.75,0.038482,0.0171157333333333
2302,0.0361153333333333,0.0152839333333333
2302.25,0.038056,0.0164719999999999
2302.5,0.0407539999999999,0.0173713333333333
2302.75,0.037488,0.0160602
2303,0.0362573333333333,0.0155442666666666
2303.25,0.03621,0.0157099333333333
2303.5,0.0405173333333333,0.0169642666666666
2303.75,0.037488,0.01704
2304,0.0363993333333332,0.0152697333333332
2304.25,0.036636,0.0164719999999999
2304.5,0.0363993333333332,0.0167607333333332
2304.75,0.0368253333333333,0.0166708
2305,0.0385293333333332,0.0171583333333333
2305.25,0.03976,0.0172104
2305.5,0.0366833333333333,0.0160744
2305.75,0.0352159999999999,0.0151419333333333
2306,0.036352,0.0166045333333333
2306.25,0.035784,0.0158140666666666
2306.5,0.0357366666666666,0.0156768
2306.75,0.0360679999999999,0.015904
2307,0.037062,0.0179866666666666
2307.25,0.0361626666666666,0.0160412666666666
2307.5,0.0362099999999999,0.0161643333333332
2307.75,0.0381033333333332,0.0180624
2308,0.037062,0.0174234
2308.25,0.039334,0.0170778666666666
2308.5,0.0393813333333332,0.0170636666666666
2308.75,0.0369199999999999,0.0172672
2309,0.0354526666666666,0.0153217999999999
2309.25,0.036352,0.0162637333333333
2309.5,0.0355946666666666,0.0155821333333333
2309.75,0.0361153333333333,0.0165145999999999
2310,0.0358313333333333,0.0156673333333333
2310.25,0.0314766666666666,0.000719466666666608
2310.5,0.0317311218604651,0.00368226191739526
2310.75,0.0398546666666666,0.00586933333333332
2311,0.054102,0.00933413333333328
2311.25,0.0683493333333332,0.0115067333333333
2311.5,0.126806,0.0103944
2311.75,0.17466,0.0168459333333333
2312,0.1846,0.0118948666666666
2312.25,0.17608,0.00936253333333332
2312.5,0.182233333333333,0.0135136666666666
2312.75,0.184126666666667,0.00884659999999993
2313,0.197853333333333,0.0153217999999999
2313.25,0.202586666666667,0.0126238
2313.5,0.196433333333333,0.00470019999999996
2313.75,0.202586666666667,0.00559953333333325
2314,0.20732,0.0119563999999999
2314.25,0.204006666666667,0.00450045333333325
2314.5,0.195013333333333,-0.00053013333333325
2314.75,0.19738,0.0104227999999999
2315,0.18318,0.0111895999999999
2315.25,0.169453333333333,0.011928
2315.5,0.138781333333333,-0.003834
2315.75,0.203620473260767,0.00757789417889247
2316,0.117765333333333,-0.00212999999999989
2316.25,0.127705333333333,0.0141148
2316.5,0.127847333333333,0.0112085333333333
2316.75,0.125717333333333,0.0103470666666666
2317,0.14058,0.0174991333333333
2317.25,0.169926666666667,0.021868
2317.5,0.187913333333333,0.016188
2317.75,0.21726,0.0339853333333333
2318,0.177026666666667,-0.00446826666666661
2318.25,0.20874,0.0034932
2318.5,0.196433333333333,0.00164246666666664
2318.75,0.209213333333333,0.00506088
2319,0.19312,-0.00574153333333332
2319.25,0.20874,0.00842059999999993
2319.5,0.204953333333333,0.0107967333333333
2319.75,0.192646666666667,0.00536239333333332
2320,0.184126666666667,0.00494159999999989
2320.25,0.196906666666667,0.0142331333333333
2320.5,0.202586666666667,0.02982
2320.75,0.179866666666667,0.0192835999999999
2321,0.154922,0.0131823333333332
2321.25,0.137456,0.0082644
2321.5,0.133290666666667,0.0158945333333333
2321.75,0.119611333333333,0.0046008
2322,0.118333333333333,-8.04666666666662e-05
2322.25,0.143088666666667,0.0233968666666666
2322.5,0.156247333333333,0.0240074666666666
2322.75,0.179393333333333,0.031666
2323,0.21584,0.0378666666666666
2323.25,0.263173333333333,0.0677813333333333
2323.5,0.0336555123498753,0.00807826834353046
2323.75,0.154969333333333,0.00567999999999996
2324,0.151466666666667,0.0103044666666666
2324.25,0.1491,0.00731299999999993
2324.5,0.148153333333333,0.00689173333333332
2324.75,0.167086666666667,0.0269326666666666
2325,0.16046,0.0256120666666666
2325.25,0.176553333333333,0.0251245333333333
2325.5,0.166471333333333,0.0294413333333333
2325.75,0.14626,0.034648
2326,0.109813333333333,0.0318079999999999
2326.25,0.0748339999999999,0.0232217333333333
2326.5,0.0458186666666666,0.0173855333333333
2326.75,0.0428839999999999,0.0160081333333333
2327,0.038908,0.0174470666666666
2327.25,0.0411799999999999,0.0175038666666666
2327.5,0.0385293333333332,0.0170873333333333
2327.75,0.0399019999999999,0.0190753333333333
2328,0.0322451347260066,0.0103468947017862
2328.25,0.0381033333333332,0.0180576666666666
2328.5,0.0363853198900091,0.0112946097158569
2328.75,0.035358,0.00960866666666664
2329,0.037914,0.0179393333333333
2329.25,0.0347303786316776,0.00951640880974689
2329.5,0.041716548539114,0.016998430537229
2329.75,0.0343166666666666,0.0141526666666666
2330,0.0381549945460378,0.0168917815206929
2330.25,0.03124,0.00662666666666664
2330.5,0.0377450320890634,0.0156129325474786
2330.75,0.0358568702439024,0.015810903414634
2331,0.0370258066406249,0.0179691015625
2331.25,0.0373459999999999,0.0168979999999999
2331.5,0.0373459999999999,0.0169926666666666
2331.75,0.0382145298313878,0.0181151112840467
2332,0.0374660123096858,0.00788683271784895
2332.25,0.0345480538461538,0.0113649882051282
2332.5,0.0424979041353383,0.0174113486842105
2332.75,0.0399121018949984,0.0154872196334264
2333,0.0347899999999999,0.00858626666666664
2333.25,0.0356759124643197,0.0118066897557881
2333.5,0.029848,0.00536790222222214
2333.75,0.03337,0.00897203333333329
2334,0.0309559999999999,0.00394854666666661
2334.25,0.0425053333333333,0.0121741333333333
2334.5,0.0546226666666666,0.0115398666666666
2334.75,0.0399493333333333,0.00466233333333325
2335,0.0889601687116564,0.00123161042944784
2335.25,0.0972226666666667,0.0054102
2335.5,0.136604,0.0302933333333333
2335.75,0.124534,0.000425999999999893
2336,0.120936666666667,-0.00137266666666657
2336.25,0.141384666666667,-0.00336066666666661
2336.5,0.172766666666667,-0.00371566666666657
2336.75,0.215880056751794,-0.00202653269904853
2337,0.130057253498728,0.0123433748409668
2337.25,0.18602,0.00454399999999993
2337.5,0.192173333333333,0.0110665333333333
2337.75,0.1917,0.00889866666666661
2338,0.204006666666667,0.014058
2338.25,0.196433333333333,0.0205142666666666
2338.5,0.182233333333333,0.0101151333333333
2338.75,0.187354215102975,-0.00120171643020588
2339,0.234797349323493,0.00611376174969248
2339.25,0.176553333333333,0.00562461999999996
2339.5,0.144603333333333,-0.00130166666666664
2339.75,0.143704,0.00614859999999996
2340,0.134994666666667,0.0185120666666666
2340.25,0.121457333333333,0.00705266666666664
2340.5,0.126096,0.0087756
2340.75,0.126711333333333,0.0073698
2341,0.137408666666667,0.0152082
2341.25,0.164246666666667,0.023572
2341.5,0.233353333333333,0.0150472666666666
2341.75,0.273586666666667,0.0170021333333333
2342,0.288733333333333,0.00480433333333332
2342.25,0.291573333333333,0.00188812666666657
2342.5,0.27974,-0.00138213333333325
2342.75,0.288733333333333,-0.0024708
2343,0.310033333333333,0.0160412666666666
2343.25,0.286366666666667,0.00070053333333325
2343.5,0.288733333333333,0.00529186666666657
2343.75,0.25702,0.0145549999999999
2344,0.22862,0.0209213333333333
2344.25,0.192173333333333,0.0105742666666666
2344.5,0.171867333333333,-0.00170399999999989
2344.75,0.1704,0.0126285333333332
2345,0.153691333333333,0.0170636666666666
2345.25,0.114783333333333,0.00403942666666657
2345.5,0.119658666666667,0.00926786666666664
2345.75,0.124297333333333,0.0112889999999999
2346,0.130261333333333,0.0110239333333333
2346.25,0.137456,0.00821233333333332
2346.5,0.162684666666667,0.0209923333333333
2346.75,0.17466,0.0189238666666666
2347,0.22436,0.0187818666666666
2347.25,0.23856,0.0212100666666666
2347.5,0.23572,0.0207130666666666
2347.75,0.224312666666667,0.0157194
2348,0.182044,0.0141006
2348.25,0.186824666666667,0.0180907999999999
2348.5,0.19951,0.0248878666666666
2348.75,0.192173333333333,0.0234773333333333
2349,0.20164,0.0284946666666666
2349.25,0.199746666666667,0.0347426666666666
2349.5,0.167134,0.0177499999999999
2349.75,0.135231333333333,0.0175322666666666
2350,0.105695333333333,0.0324233333333333
2350.25,0.0654146666666666,0.0125480666666666
2350.5,0.0479013333333332,0.0135420666666666
2350.75,0.043168,0.017182
2351,0.0492666558353641,0.0138136123476848
2351.25,0.0397126666666666,0.00758753333333329
2351.5,0.0401000172265288,0.0164528709732988
2351.75,0.0399019999999999,0.0190753333333333
2352,0.0358786666666666,0.0107351999999999
2352.25,0.032944,0.0102097999999999
2352.5,0.0394759999999999,0.0110286666666666
2352.75,0.0401027323187107,0.01424403652641
2353,0.0367010728241562,0.0184453712255772
2353.25,0.0346320078502415,0.0132179619565217
2353.5,0.0388606666666666,0.00974119999999993
2353.75,0.0436886666666666,0.0201166666666666
2354,0.0396314190215739,0.0161373442722576
2354.25,0.0452913231506439,0.0166052392932015
2354.5,0.0391325879170423,0.0133268728584309
2354.75,0.0332625174488567,0.0105121839590853
2355,0.04189,0.0160980666666666
2355.25,0.0402806666666666,0.0181759999999999
2355.5,0.0370416155717761,0.0153552615571776
2355.75,0.0458136358595194,0.0159708134935304
2356,0.03621,0.00880873333333332
2356.25,0.0400814943820224,0.0150803069288389
2356.5,0.0328493333333333,0.00792359999999989
2356.75,0.033291926199262,0.00817165461254603
2357,0.0357509584487534,0.00645503416435826
2357.25,0.0442093333333333,0.0153833333333333
2357.5,0.02982,0.00536286666666661
2357.75,0.0352015345794392,0.00731983457943922
2358,0.0309559999999999,0.00394854666666661
2358.25,0.0418426666666666,0.0138213333333332
2358.5,0.0442093333333333,0.0150330666666666
2358.75,0.0541966666666666,0.0203533333333333
2359,0.0558059999999999,0.0142236666666666
2359.25,0.0722779999999999,0.0107778
2359.5,0.12709,0.0109955333333333
2359.75,0.155963333333333,0.0166566
2360,0.177452666666667,0.0180718666666666
2360.25,0.189333333333333,0.0139444
2360.5,0.19028,0.0124392
2360.75,0.182706666666667,0.0127752666666666
2361,0.18318,0.0171725333333333
2361.25,0.179393333333333,0.00217733333333329
2361.5,0.193593333333333,0.0145644666666666
2361.75,0.199746666666667,0.00467605999999993
2362,0.207793333333333,0.00445406666666664
2362.25,0.210633333333333,0.00218679999999996
2362.5,0.217733333333333,0.00508170666666661
2362.75,0.216786666666667,0.00760835999999989
2363,0.205426666666667,0.0130072
2363.25,0.18176,0.00673553333333329
2363.5,0.176553333333333,0.00940039999999993
2363.75,0.161406666666667,0.0118711999999999
2364,0.140154,0.00760173333333325
2364.25,0.134805333333333,0.0133148666666666
2364.5,0.127942,0.00496526666666664
2364.75,0.136178,0.0122782666666666
2365,0.1562,0.0227673333333333
2365.25,0.175133333333333,0.0224833333333333
2365.5,0.234773333333333,0.0179961333333332
2365.75,0.26696,0.0157288666666666
2366,0.27974,0.0116771333333333
2366.25,0.28258,0.00331806666666661
2366.5,0.284946666666667,-0.00270746666666664
2366.75,0.288733333333333,0.0009372
2367,0.280686666666667,0.0101813999999999
2367.25,0.280686666666667,0.0034932
2367.5,0.26838,0.00825493333333332
2367.75,0.264593333333333,-0.000260333333333286
2368,0.253706666666667,0.0135515333333333
2368.25,0.254653333333333,0.0122451333333332
2368.5,0.240926666666667,0.0149762666666666
2368.75,0.221046666666667,0.0114215333333333
2369,0.19454,0.00948512666666664
2369.25,0.172766666666667,0.00955659999999996
2369.5,0.1704,0.00328659
2369.75,0.157146666666667,0.00674026666666657
2370,0.156673333333333,0.0148910666666666
2370.25,0.151514,0.0145218666666666
2370.5,0.164246666666667,0.0192694
2370.75,0.178446666666667,0.0260333333333333
2371,0.243293333333333,0.024282
2371.25,0.23714,0.0230039999999999
2371.5,0.233353333333333,0.0144697999999999
2371.75,0.22294,0.0112274666666666
2372,0.198326666666667,0.0192835999999999
2372.25,0.189333333333333,0.0191889333333332
2372.5,0.18602,0.0237424
2372.75,0.17608,0.0269326666666666
2373,0.157430666666667,0.0226395333333332
2373.25,0.152697333333333,0.0148626666666666
2373.5,0.148958,0.0117765333333332
2373.75,0.136604,0.0180198
2374,0.108062,0.029394
2374.25,0.0827386666666666,0.0224359999999999
2374.5,0.0576993333333332,0.0160507333333333
2374.75,0.04828,0.0151656
2375,0.044446,0.016543
2375.25,0.0446353333333333,0.0167086666666666
2375.5,0.0460553333333333,0.00902173333333332
2375.75,0.0402333333333333,0.0179251333333333
2376,0.0388133333333333,0.0106310666666666
2376.25,0.040896,0.0185073333333333
2376.5,0.0344113333333333,0.0138781333333333
2376.75,0.0404590507050704,0.0169226849084908
2377,0.0352461722983257,0.0107061429528157
2377.25,0.040044,0.0169926666666666
2377.5,0.0417953333333333,0.0170305333333333
2377.75,0.0400913333333333,0.0173476666666666
2378,0.0411326666666666,0.0166471333333333
2378.25,0.0360206666666666,0.00976486666666657
2378.5,0.0369673333333333,0.00841586666666664
2378.75,0.0487533333333333,0.0192173333333333
2379,0.0441619999999999,0.0185120666666666
2379.25,0.0371429773345421,0.00944208594741613
2379.5,0.0369673333333333,0.0100204666666666
2379.75,0.0331333333333333,0.0119090666666666
2380,0.0377246666666666,0.0158424666666666
2380.25,0.044446,0.01846
2380.5,0.0450613333333333,0.0189333333333332
2380.75,0.0432626666666666,0.0167086666666666
2381,0.038908,0.016117
2381.25,0.034521250386877,0.0104840564531104
2381.5,0.0399019999999999,0.0164009999999999
2381.75,0.0418513204062788,0.0138747767313018
2382,0.0318947490909091,0.00778383757575749
2382.25,0.0512146666666666,0.0169548
2382.5,0.0505046666666666,0.0163678666666666
2382.75,0.049558,0.0144650666666666
2383,0.059782,0.0115588
2383.25,0.0760646666666666,0.0127516
2383.5,0.141574,0.0129977333333333
2383.75,0.152792,0.0126001333333333
2384,0.186966666666667,0.0103565333333333
2384.25,0.2059,0.0163915333333333
2384.5,0.204953333333333,0.0163252666666666
2384.75,0.222466666666667,0.013987
2385,0.24424,0.0118428
2385.25,0.236666666666667,0.0154874666666666
2385.5,0.24282,0.0104938
2385.75,0.228146666666667,0.00858626666666664
2386,0.253233333333333,0.0287786666666666
2386.25,0.23856,0.0120558
2386.5,0.222466666666667,0.0100015333333333
2386.75,0.221046666666667,0.0156815333333333
2387,0.189806666666667,0.0102523999999999
2387.25,0.182233333333333,0.00807979999999993
2387.5,0.164767333333333,0.0145786666666666
2387.75,0.138213333333333,0.0107304666666666
2388,0.120321333333333,0.00820286666666664
2388.25,0.125244,0.0152839333333333
2388.5,0.132628,0.006048348
2388.75,0.153833333333333,0.0228146666666666
2389,0.17182,0.0236666666666666
2389.25,0.196906666666667,0.0161785333333333
2389.5,0.253706666666667,0.0173429333333333
2389.75,0.3337,0.0229566666666666
2390,0.36778,0.0105931999999999
2390.25,0.389553333333333,0.00887594666666664
2390.5,0.375826666666667,0.00953293333333332
2390.75,0.37772,0.00958026666666661
2391,0.385293333333333,0.0180434666666666
2391.25,0.351686666666667,0.012567
2391.5,0.355946666666667,0.0107778
2391.75,0.358786666666667,0.00669293333333329
2392,0.35358,0.0148626666666666
2392.25,0.34222,0.00537706666666657
2392.5,0.353106666666667,0.0126522
2392.75,0.280686666666667,0.0200125333333333
2393,0.1988,0.00955091999999989
2393.25,0.155726666666667,0.00464813333333329
2393.5,0.145076666666667,0.0121078666666666
2393.75,0.131255333333333,0.0113884
2394,0.139112666666667,0.0137077333333333
2394.25,0.151324666666667,0.0118428
2394.5,0.176174666666667,0.0224359999999999
2394.75,0.200314666666667,0.0304353333333332
2395,0.227673333333333,0.030388
2395.25,0.25418,0.0270273333333333
2395.5,0.264593333333333,0.0279739999999999
2395.75,0.2414,0.0168648666666666
2396,0.194776666666667,0.032518
2396.25,0.187724,0.0317133333333333
2396.5,0.180671333333333,0.0318079999999999
2396.75,0.19099,0.0342693333333332
2397,0.180766,0.029962
2397.25,0.157288666666667,0.0145502666666666
2397.5,0.136036,0.0277846666666666
2397.75,0.123303333333333,0.028968
2398,0.109198,0.0319026666666666
2398.25,0.0658406666666666,0.0193498666666666
2398.5,0.0499366666666666,0.0189759333333333
2398.75,0.049558,0.021229
2399,0.0436886666666666,0.0233258666666666
2399.25,0.0382453333333333,0.0173239999999999
2399.5,0.0376773333333333,0.017608
2399.75,0.042344552962298,0.00818914254937162
2400,0.0345533333333333,0.007455
2400.25,0.0383873333333333,0.0168033333333333
2400.5,0.0354053333333333,0.016543
2400.75,0.0354053333333333,0.0165666666666666
2401,0.036636,0.0184126666666666
2401.25,0.0392393333333333,0.0181286666666666
2401.5,0.0437759780621571,0.0096174497257769
2401.75,0.040186,0.0169831999999999
2402,0.0354053333333333,0.00925163133333325
2402.25,0.040269159988127,0.0107013160771742
2402.5,0.0322339999999999,0.0109529333333333
2402.75,0.041464,0.0145881333333332
2403,0.0402689695896072,0.017239856510186
2403.25,0.0402806666666666,0.0181759999999999
2403.5,0.0388133333333333,0.0165193333333333
2403.75,0.0360042192749778,0.00777256439728844
2404,0.0358786666666666,0.0139822666666666
2404.25,0.0384346666666666,0.0166613333333333
2404.5,0.038482,0.0162353333333333
2404.75,0.04189,0.020448
2405,0.04047,0.0189333333333332
2405.25,0.0361472655467138,0.00992510109048034
2405.5,0.0347426666666666,0.0158566666666666
2405.75,0.0393471481481481,0.0162117817129629
2406,0.0618173333333333,0.0217496666666666
2406.25,0.0287786666666666,0.00514039999999993
2406.5,0.0422213333333333,0.013206
2406.75,0.0679706666666666,0.0320446666666666
2407,0.0651306666666666,0.0322339999999999
2407.25,0.100157333333333,0.001278
2407.5,0.122498666666667,0.000709999999999929
2407.75,0.140769333333333,-4.73333333333333e-05
2408,0.15308764733514,0.0038413834869015
2408.25,0.2201,-0.00213
2408.5,0.21584,-0.00463866666666661
2408.75,0.21158,-0.0058362
2409,0.306246666666667,0.059782
2409.25,0.152195247255921,0.0304011663778162
2409.5,0.239506666666667,-0.00247553333333329
2409.75,0.263871237932992,0.00973528534923337
2410,0.248973333333333,0.00224833333333332
2410.25,0.240453333333333,0.000757333333333321
2410.5,0.260806666666667,0.0257493333333332
2410.75,0.28684,0.05112
2411,0.238086666666667,0.0558059999999999
2411.25,0.232406666666667,0.0500786666666666
2411.5,0.193443117196939,0.00308285259766402
2411.75,0.118049333333333,0.00194066666666664
2412,0.172615072877325,0.00863780299342564
2412.25,0.181341585976628,-0.00854489148580964
2412.5,0.138781333333333,-0.00363993333333325
2412.75,0.148721333333333,0.0171961999999999
2413,0.18744,0.0324706666666666
2413.25,0.260806666666667,0.0522559999999999
2413.5,0.324706666666667,0.0641366666666666
2413.75,0.372513333333333,0.0588353333333333
2414,0.38056,0.0605866666666666
2414.25,0.397126666666667,0.047286
2414.5,0.399493333333333,0.0666926666666667
2414.75,0.39902,0.0476173333333333
2415,0.409433333333333,0.0531079999999999
2415.25,0.385766666666667,0.0518773333333333
2415.5,0.38624,0.0542913333333332
2415.75,0.385766666666667,0.041038
2416,0.35784,0.050268
2416.25,0.33512,0.0449666666666666
2416.5,0.290626666666667,0.0453926666666666
2416.75,0.301513333333333,0.0659826666666666
2417,0.25134,0.0575573333333333
2417.25,0.212526666666667,0.0526819999999999
2417.5,0.180292666666667,0.0467653333333333
2417.75,0.160412666666667,0.040186
2418,0.147348666666667,0.0369199999999999
2418.25,0.160554666666667,0.0341746666666666
2418.5,0.196433333333333,0.0460553333333333
2418.75,0.233353333333333,0.0507413333333333
2419,0.2911,0.0381033333333332
2419.25,0.312873333333333,0.040896
2419.5,0.293466666666667,0.0328966666666666
2419.75,0.271693333333333,0.030672
2420,0.2201,0.0206562666666666
2420.25,0.222466666666667,0.0224833333333333
2420.5,0.229566666666667,0.0227484
2420.75,0.218064666666667,0.0247553333333333
2421,0.205663333333333,0.0304353333333332
2421.25,0.181239333333333,0.0267906666666666
2421.5,0.139822666666667,0.0206184
2421.75,0.133385333333333,0.0204101333333333
2422,0.107778,0.0237613333333333
2422.25,0.0764433333333333,0.024282
2422.5,0.0458659999999999,0.0148910666666666
2422.75,0.0416059999999999,0.0171583333333333
2423,0.0415586666666666,0.0165856
2423.25,0.0427893333333332,0.0191226666666666
2423.5,0.041322,0.0172056666666666
2423.75,0.0411326666666666,0.0164719999999999
2424,0.0416533333333333,0.0181523333333333
2424.25,0.0398073333333332,0.017182
2424.5,0.0405646666666666,0.0177499999999999
2424.75,0.0414851765399351,0.0143071884468022
2425,0.0367162037037037,0.00753748130227
2425.25,0.0397008121645796,0.0193529615384615
2425.5,0.0338433333333333,0.0101293333333333
2425.75,0.0353160911891558,0.0113773024768946
2426,0.0389782944896115,0.016895336163806
2426.25,0.0407539999999999,0.0179393333333333
2426.5,0.0493601397058823,0.0168176029411764
2426.75,0.0400913333333333,0.0168979999999999
2427,0.0390658364312268,0.0178130685873605
2427.25,0.0391543926940638,0.0170988316590562
2427.5,0.039345037173579,0.00872495115207366
2427.75,0.0415113333333332,0.018318
2428,0.0406881237113401,0.0189830488597313
2428.25,0.0392866666666666,0.00844426666666657
2428.5,0.0396653333333333,0.0164719999999999
2428.75,0.0369425012626262,0.0147011237373737
2429,0.0381148107769423,0.00591110588972429
2429.25,0.0419039215686274,0.00864684095860565
2429.5,0.0559628860528714,0.018245498450319
2429.75,0.048431432211101,0.00857698950561113
2430,0.0506960711030081,0.00636039617137638
2430.25,0.0469495161870503,0.0118108116906474
2430.5,0.0319602007814847,0.0093319992786294
2430.75,0.0413090909090908,0.00974049586776852
2431,0.0483746666666666,0.0167086666666666
2431.25,0.0316186666666666,0.00695799999999996
2431.5,0.0304826666666666,0.00687753333333325
2431.75,0.0326599999999999,0.00634266666666661
2432,0.0508330047938639,0.00490113313135177
2432.25,0.0397126666666666,0.00538179999999996
2432.5,0.0602553333333332,0.00576046666666657
2432.75,0.0642786666666666,0.0120321333333333
2433,0.05964,0.00493686666666661
2433.25,0.0732246666666666,0.00504715333333332
2433.5,0.0904066666666666,0.00699586666666657
2433.75,0.0863359999999999,0.00660773333333329
2434,0.0751179999999999,0.00193593333333325
2434.25,0.086194,0.00883239999999996
2434.5,0.070006,0.00358455333333325
2434.75,0.0656986666666666,0.00558533333333329
2435,0.063616,0.0050268
2435.25,0.0584093333333333,0.00387328666666657
2435.5,0.0400439999999999,0.00456766666666657
2435.75,0.0321464393553859,0.00495472405993774
2436,0.0747936274509803,0.000508121786492283
2436.25,0.02911,0.00539599999999993
2436.5,0.131205208649256,0.0137009064869418
2436.75,0.0292046666666666,0.00676866666666661
2437,0.0291898099266779,0.00305752509870266
2437.25,0.0184293609958505,0.00163028962655598
2437.5,0.133575678211742,0.0100626690248096
2437.75,0.132618442307692,0.0107772993589743
2438,0.126898910979228,0.0103219884272996
2438.25,0.0394640768841679,0.0058512331815882
2438.5,0.027684486132123,0.00348473728693894
2438.75,0.0292799108409321,0.00501531914893614
2439,0.0422382896341463,0.00384079262195113
2439.25,0.147828431552163,0.0112958759796437
2439.5,0.0310278520695566,0.0035142826353171
2439.75,0.130909382352941,0.00290736553088234
2440,0.03124,0.00610599999999996
2440.25,0.0278175166297117,0.00536514412416844
2440.5,0.018744,-0.002343
2440.75,0.131921489203276,0.00912318808637375
2441,0.0183060038619357,-0.00206589606565286
2441.25,0.0189946435935198,-0.0032811944182621
2441.5,0.0290153333333333,0.00599997333333325
2441.75,0.0334355894788594,0.0120585052605703
2442,0.0297726666666666,0.00478066666666657
2442.25,0.0321393333333332,0.00776266666666657
2442.5,0.031096556910569,0.00644983048780486
2442.75,0.0390686963375057,0.0151976273528048
2443,0.0392866666666666,0.0132296666666666
2443.25,0.0366508752111996,0.0155388375573256
2443.5,0.0327992913686218,0.010563371196948
2443.75,0.0322108600143574,0.0105477559224694
2444,0.0373710829127614,0.0146717839942321
2444.25,0.0374596864535768,0.0119073375951293
2444.5,0.0398800542090174,0.0140915885327078
2444.75,0.0376479208951339,0.0151774093156387
2445,0.046008,0.0155584666666666
2445.25,0.0375583121235925,0.0136558414244566
2445.5,0.0337813206751055,0.0116099566983122
2445.75,0.0346678627606228,0.0130016309316441
2446,0.0455788888888888,0.0150612592592592
2446.25,0.0421873660498793,0.0165060434432824
2446.5,0.0383093702798152,0.0157625130671012
2446.75,0.0392544908544908,0.0162456838656838
2447,0.03834,0.0142
2447.25,0.037488,0.0145408
2447.5,0.035358,0.0127142066666666
2447.75,0.0435466666666666,0.0072846
2448,0.039015625,0.0178620625
2448.25,0.0313819999999999,0.00958736666666664
2448.5,0.0398667508833922,0.0171620924028268
2448.75,0.0354367488908606,0.0118769959183673
2449,0.0387355354609928,0.0182179537825059
2449.25,0.0399966666666666,0.0181002666666666
2449.5,0.0418141123188405,0.0145995036231883
2449.75,0.0381811345866904,0.0154231068934646
2450,0.03676439546985,0.0133176179981634
2450.25,0.0381859913580246,0.0169278594444444
2450.5,0.0372550955021564,0.015246294146642
2450.75,0.0376814323913703,0.014780176359769
2451,0.0420793333333333,0.0144319333333333
2451.25,0.0344586666666666,0.0132154666666666
2451.5,0.0356825330812854,0.0118894577819785
2451.75,0.0413536612440191,0.013809846507177
2452,0.0378551132134972,0.0137965068432671
2452.25,0.0423706188227888,0.0142291508970727
2452.5,0.0378077350993377,0.00772263260801003
2452.75,0.0392393333333333,0.00885133333333332
2453,0.0382223784461153,0.00592778822055135
2453.25,0.0387186666666666,0.0158566666666666
2453.5,0.0388705884615384,0.0140492114743589
2453.75,0.0394759999999999,0.0183653333333333
2454,0.041322,0.0145266
2454.25,0.0373231111111111,0.0152268844444444
2454.5,0.0369292618375666,0.0147337312010034
2454.75,0.0423704669826224,0.0141581672037914
2455,0.0246430006761325,0.00223594793779575
2455.25,0.0256491695786227,0.00391445061322361
2455.5,0.0293811991614255,0.00581502900069878
2455.75,0.0276612162162161,0.00130315063063061
2456,0.0246165473251028,0.00124742812071326
2456.25,0.0221111532605097,0.00331620153591519
2456.5,0.0303235360584911,0.00390841951478887
2456.75,0.0391820898661567,0.000559067304015216
2457,0.0922300174454828,-0.00595671862928341
2457.25,0.0285893333333333,0.00771533333333329
2457.5,0.0242537212564805,0.00095875767002133
2457.75,0.0315183041044776,0.00784895286069652
2458,0.027406,0.0058362
2458.25,0.0266959999999999,0.00509543333333329
2458.5,0.100347899534884,-0.00615943162790688
2458.75,0.0225899197080292,0.00210807810218972
2459,0.0366020777777777,0.00702722061728385
2459.25,0.0220573333333333,0.00131586666666661
2459.5,0.0244980129151291,0.000641951783517753
2459.75,0.0414064026284348,0.00164062210872162
2460,0.0386445797101449,0.00740373594202897
2460.25,0.0262229211469533,0.00240967383512535
2460.5,0.0255826850998463,0.00131717542242694
2460.75,0.0590775561529271,0.0021934970728793
2461,0.0275953333333333,0.00624799999999993
2461.25,0.19338852647689,0.0163098757269665
2461.5,0.0202016170747018,0.000319223666038874
2461.75,0.0296331508903467,0.00358377390815368
2462,0.0304826666666666,0.00515601999999996
2462.25,0.027832,0.00615333333333325
2462.5,0.0271600240073868,0.0012346749215143
2462.75,0.0411010544584081,0.00101376272890481
2463,0.0587598866132383,-0.000337263698426748
2463.25,0.1893416262354,0.00805164240790656
2463.5,0.0265066666666666,0.00539126666666664
2463.75,0.0244537800511509,0.00108043841432218
2464,0.0321957224682609,0.00214273010924121
2464.25,0.0321393333333332,0.0035358
2464.5,0.0373709838420107,0.00465948653500891
2464.75,0.0274065383493729,0.00390709128025661
2465,0.0267906666666666,0.00501733333333332
2465.25,0.0288733333333333,0.00691066666666657
2465.5,0.0351686666666666,0.007242
2465.75,0.0311246935622318,0.00641443456366233
2466,0.0392866666666666,0.00965599999999993
2466.25,0.036352,0.0132486
2466.5,0.0258117237629146,0.00166645764002175
2466.75,0.0400913333333333,0.0150614666666666
2467,0.0388766983105389,0.0132946957361222
2467.25,0.0373220897334389,0.00764843330694104
2467.5,0.0458107134312126,0.00746842011963013
2467.75,0.0421266666666666,0.0165666666666666
2468,0.0408922890666666,0.00926451168
2468.25,0.0390645335570469,0.00810139781879191
2468.5,0.050328420327304,0.0144169954062589
2468.75,0.0344113333333333,0.0118380666666666
2469,0.037222025798886,0.0145806024626209
2469.25,0.0430603568320278,0.00902126370757175
2469.5,0.0516115384615384,0.0159374519230768
2469.75,0.0506057597911226,0.0154983092544241
2470,0.0377067633851468,0.00817168879677598
2470.25,0.0381434491725768,0.0150721250591016
2470.5,0.0361776984834968,0.00733958013678259
2470.75,0.036411177203918,0.00760295565449681
2471,0.0410584199759326,0.00651075980746088
2471.25,0.0416433482944344,0.00722481298623574
2471.5,0.0351005293936595,0.00829691708217902
2471.75,0.033335571739807,0.00658627201991904
2472,0.0409701408099687,0.00835451028037382
2472.25,0.0386130254476908,0.0074620263901979
2472.5,0.0333393853211009,0.00977009504587154
2472.75,0.0352633333333333,0.0154306666666666
2473,0.0367392969924811,0.00671655106516288
2473.25,0.0338477850287907,0.011100740524632
2473.5,0.0372273739295908,0.00673412369172216
2473.75,0.0343166666666666,0.0141526666666666
2474,0.0380086666666666,0.016827
2474.25,0.0387186666666666,0.0171630666666666
2474.5,0.035074,0.01491
2474.75,0.0356893333333333,0.0149573333333333
2475,0.0385293333333332,0.0157477999999999
2475.25,0.0360679999999999,0.0162258666666666
2475.5,0.0352633333333333,0.0150141333333333
2475.75,0.0364939999999999,0.0144366666666666
2476,0.036636,0.0153123333333332
2476.25,0.0352159999999999,0.015336
2476.5,0.0355946666666666,0.0157146666666666
2476.75,0.0352633333333333,0.0151939999999999
2477,0.0352633333333333,0.0151466666666666
2477.25,0.036352,0.0166282
2477.5,0.037914,0.0154969333333333
2477.75,0.0382453333333333,0.0157951333333333
2478,0.0407066666666666,0.0155347999999999
2478.25,0.043168,0.0129598666666666
2478.5,0.039192,0.0105127333333333
2478.75,0.040896,0.00973173333333325
2479,0.0532973333333333,0.0153217999999999
2479.25,0.0689173333333333,0.0100441333333333
2479.5,0.141479333333333,0.0157762
2479.75,0.18744,0.0135562666666666
2480,0.199273333333333,0.0156673333333333
2480.25,0.21726,0.0130119333333333
2480.5,0.255126666666667,0.0164578
2480.75,0.246133333333333,0.0148248
2481,0.228146666666667,0.00977433333333325
2481.25,0.237613333333333,0.0121031333333333
2481.5,0.206343879436072,0.00963252892561978
2481.75,0.20598284452854,0.00769364821822768
2482,0.2556,-0.00241399999999993
2482.25,0.247553333333333,0.0125101999999999
2482.5,0.228146666666667,0.00612493333333332
2482.75,0.215366666666667,0.00688699999999993
2483,0.209686666666667,0.00859099999999993
2483.25,0.1988,0.00608233333333332
2483.5,0.144537872340426,-0.00130107741059292
2483.75,0.171587213114754,0.00290378360655729
2484,0.164104666666667,0.0064752
2484.25,0.168506666666667,0.00709999999999993
2484.5,0.159182,0.00565633333333332
2484.75,0.196906666666667,0.0268427333333333
2485,0.199273333333333,0.0176553333333332
2485.25,0.229566666666667,0.0283053333333332
2485.5,0.333226666666667,0.027406
2485.75,0.348373333333333,0.0217543999999999
2486,0.390026666666667,0.0105113133333332
2486.25,0.41038,0.00875666666666664
2486.5,0.116989946345257,0.00225620075168471
2486.75,0.409433333333333,-0.00288733333333332
2487,0.419846666666667,0.0130924
2487.25,0.4118,0.0171867333333332
2487.5,0.40044,0.00820759999999993
2487.75,0.399493333333333,0.0125812
2488,0.35358,0.00567763333333332
2488.25,0.33086,0.0142331333333333
2488.5,0.240926666666667,0.0151987333333333
2488.75,0.229093333333333,0.0104464666666666
2489,0.210633333333333,0.0136414666666666
2489.25,0.18034,0.017892
2489.5,0.147254,0.0102003333333333
2489.75,0.159986666666667,0.0256073333333333
2490,0.15123,0.0156294666666666
2490.25,0.145029333333333,0.0146449333333333
2490.5,0.19738,0.0313346666666666
2490.75,0.210633333333333,0.0271219999999999
2491,0.298673333333333,0.0310033333333333
2491.25,0.302933333333333,0.0234773333333333
2491.5,0.255126666666667,0.0144792666666666
2491.75,0.239506666666667,0.0200693333333333
2492,0.24282,0.0182185999999999
2492.25,0.247553333333333,0.0233826666666666
2492.5,0.243293333333333,0.0251813333333333
2492.75,0.236193333333333,0.0252286666666666
2493,0.221046666666667,0.023572
2493.25,0.226253333333333,0.0275953333333333
2493.5,0.20164,0.0291573333333332
2493.75,0.185026,0.0264593333333333
2494,0.163442,0.0279266666666666
2494.25,0.118428,0.0254179999999999
2494.5,0.0789993333333333,0.0115966666666666
2494.75,0.0419893438735178,0.0167008463768116
2495,0.043026,0.0167086666666666
2495.25,0.0438218072642061,0.00698306420620966
2495.5,0.0395354300979519,0.00991223223508457
2495.75,0.0382453333333333,0.0181286666666666
2496,0.036574796092796,0.00699279780219777
2496.25,0.0357984605504586,0.0113022880733944
2496.5,0.0378920608272505,0.0160450671532847
2496.75,0.0370490349736922,0.00890219139585262
2497,0.0360679999999999,0.0084348
2497.25,0.0355473333333333,0.016614
2497.5,0.0437759780621571,0.0096174497257769
2497.75,0.0401651663597299,0.0173796144874155
2498,0.0353412512820513,0.00923488629924583
2498.25,0.0329777658986175,0.0103374429493087
2498.5,0.0375699281105991,0.00848995096774187
2498.75,0.0358786666666666,0.0123113999999999
2499,0.032944,0.0127563333333332
2499.25,0.040432212885154,0.0152885782757547
2499.5,0.0407066666666666,0.0156531333333332
2499.75,0.0329582132834425,0.0119598005612722
2500,0.0334629526462395,0.00950727576601667
2500.25,0.0414256783733826,0.00942481472581631
2500.5,0.0352778195348836,0.0103658150697674
2500.75,0.0353437290886391,0.0129767391385768
2501,0.0321086660305343,0.0122145337786259
2501.25,0.038870660268714,0.0144606422264875
2501.5,0.0341273333333333,0.00730353333333325
2501.75,0.0304353333333332,0.00568331333333329
2502,0.0344113333333333,0.00849633333333325
2502.25,0.0428366666666666,0.0161406666666666
2502.5,0.0487533333333333,0.0155253333333333
2502.75,0.0310033333333333,0.00416533333333332
2503,0.0541493333333333,0.022152
2503.25,0.0712366666666666,0.00524926666666657
2503.5,0.114546666666667,0.0121362666666666
2503.75,0.129314666666667,0.00399824666666664
2504,0.153738666666667,0.0181996666666666
2504.25,0.165288,0.0162637333333333
2504.5,0.197853333333333,0.00895546666666657
2504.75,0.216313333333333,-0.00203059999999993
2505,0.2201,0.0158708666666666
2505.25,0.202113333333333,0.0103707333333332
2505.5,0.205426666666667,0.00761593333333332
2505.75,0.214893333333333,0.0145171333333333
2506,0.20732,0.0106878666666666
2506.25,0.201166666666667,0.0148295333333333
2506.5,0.19596,0.0102287333333333
2506.75,0.213,0.00958026666666661
2507,0.22152,0.00541398666666661
2507.25,0.215366666666667,0.0174139333333333
2507.5,0.1988,0.0237139999999999
2507.75,0.171346666666667,0.00639473333333329
2508,0.1633,0.0112227333333333
2508.25,0.15478,0.0118285999999999
2508.5,0.157146666666667,0.0209686666666666
2508.75,0.1846,0.0370146666666666
2509,0.177973333333333,0.0245659999999999
2509.25,0.20022,0.0398546666666666
2509.5,0.224833333333333,0.0369199999999999
2509.75,0.275953333333333,0.0307666666666666
2510,0.300093333333333,0.0234205333333333
2510.25,0.324706666666667,0.037488
2510.5,0.355473333333333,0.0567526666666666
2510.75,0.306246666666667,0.0207083333333333
2511,0.30246,0.0101104
2511.25,0.331806666666667,0.044446
2511.5,0.29678,0.0330859999999999
2511.75,0.348846666666667,0.0710473333333333
2512,0.275006666666667,0.0129551333333333
2512.25,0.295833333333333,0.0394286666666666
2512.5,0.251813333333333,0.0142946666666666
2512.75,0.205218931605472,0.00203797091432679
2513,0.227673333333333,0.0131113333333333
2513.25,0.161264666666667,0.00175133333333329
2513.5,0.0305135860215053,0.00384376568100349
2513.75,0.0287470851608187,0.00425286366959064
2514,0.130400460500963,0.00360773025048162
2514.25,0.135515333333333,0.00878033333333329
2514.5,0.17608,0.0173902666666666
2514.75,0.20306,0.0179914
2515,0.331333333333333,0.04686
2515.25,0.346953333333333,0.0340799999999999
2515.5,0.34932,0.023146
2515.75,0.33654,0.0227673333333333
2516,0.30672,0.0265066666666666
2516.25,0.304826666666667,0.0294886666666666
2516.5,0.272166666666667,0.00802299999999996
2516.75,0.28258,0.0162779333333333
2517,0.287786666666667,0.0263646666666666
2517.25,0.2698,0.0253706666666666
2517.5,0.23004,0.0239033333333333
2517.75,0.190753333333333,0.0497473333333333
2518,0.153076,0.0324706666666666
2518.25,0.115351333333333,0.047002
2518.5,0.0479959999999999,0.01704
2518.75,0.0490373333333333,0.018247
2519,0.0406665642719515,0.0157193726396916
2519.25,0.043168,0.0148437333333332
2519.5,0.0348551783601014,0.00875399391377852
2519.75,0.0426946666666666,0.0076254
2520,0.0335234281533508,0.0110205306526192
2520.25,0.0412639798518518,0.0096314203259259
2520.5,0.0326599999999999,0.0114972666666666
2520.75,0.0430644160714285,0.0185143826190476
2521,0.0399966666666666,0.0166471333333333
2521.25,0.0318079999999999,0.01103482
2521.5,0.0416059999999999,0.0167086666666666
2521.75,0.0365886666666666,0.00735086666666664
2522,0.0328019999999999,0.0113789333333333
2522.25,0.0354526666666666,0.00823599999999996
2522.5,0.0390973333333333,0.0133148666666666
2522.75,0.0314008389241462,0.0104800299909338
2523,0.0341435421979356,0.00882057270188213
2523.25,0.0396653333333333,0.0147159333333332
2523.5,0.0453926666666666,0.0160885999999999
2523.75,0.0336544843410852,0.0107760431627906
2524,0.0334646666666666,0.0124675999999999
2524.25,0.0328019999999999,0.0121173333333333
2524.5,0.0392768470363288,0.0156112437858508
2524.75,0.0392393333333333,0.0104701333333333
2525,0.0321393333333332,0.0122262
2525.25,0.0344891674404209,0.0104743129062209
2525.5,0.0328019999999999,0.0123445333333333
2525.75,0.0303198292220113,0.00566174478178362
2526,0.0337483570093458,0.011819044859813
2526.25,0.0282407760464405,-0.00018795541704855
2526.5,0.0546226666666666,0.0115398666666666
2526.75,0.0263393562064155,0.00410249684797761
2527,0.0620066666666666,0.0134473999999999
2527.25,0.0786679999999999,0.0173098
2527.5,0.0862886666666666,0.00991633333333332
2527.75,0.142284,0.00788573333333329
2528,0.172388,0.00666926666666664
2528.25,0.18602,0.00706686666666661
2528.5,0.216313333333333,0.0274533333333332
2528.75,0.1846,-0.00459133333333332
2529,0.190753333333333,-0.00426
2529.25,0.215595025300443,0.00700094130297273
2529.5,0.206846666666667,0.00151466666666664
2529.75,0.20022,-0.00743937999999996
2530,0.213272982950102,-0.00089711790677296
2530.25,0.197853333333333,0.000639
2530.5,0.19312,0.00136793333333329
2530.75,0.213946666666667,0.00853893333333325
2531,0.174186666666667,0.000620066666666643
2531.25,0.1775,0.00891286666666657
2531.5,0.141668666666667,-0.00339853333333332
2531.75,0.148484666666667,0.0136509333333333
2532,0.138686666666667,0.0169216666666666
2532.25,0.133290666666667,0.0108109333333333
2532.5,0.149223496339678,0.000156428696925234
2532.75,0.180512988009592,0.00882192083133487
2533,0.169926666666667,0.0319026666666666
2533.25,0.275006666666667,0.0691066666666666
2533.5,0.255126666666667,0.000285419999999893
2533.75,0.358786666666667,0.0407539999999999
2534,0.365886666666667,0.0216691999999999
2534.25,0.349793333333333,0.0121741333333333
2534.5,0.339853333333333,0.00866199999999996
2534.75,0.357366666666667,0.00485166666666661
2535,0.367306666666667,0.0322813333333333
2535.25,0.372513333333333,0.0308613333333332
2535.5,0.364466666666667,0.0395706666666666
2535.75,0.327073333333333,0.0206846666666666
2536,0.28684,0.00704793333333325
2536.25,0.257966666666667,-0.00165666666666661
2536.5,0.251813333333333,-0.00139633333333332
2536.75,0.221993333333333,0.0180955333333333
2537,0.17324,-0.00061533333333325
2537.25,0.17253,0.000709999999999929
2537.5,0.160696666666667,0.00219153333333325
2537.75,0.176174666666667,0.0229424666666666
2538,0.147254,0.0049416
2538.25,0.16259,0.0121315333333333
2538.5,0.19312,0.0192031333333333
2538.75,0.2059,0.0331333333333333
2539,0.247553333333333,0.0152981333333333
2539.25,0.31524,0.0544333333333333
2539.5,0.27264,0.0150803999999999
2539.75,0.276426666666667,0.0205189999999999
2540,0.266486666666667,0.0319026666666666
2540.25,0.26838,0.0553326666666666
2540.5,0.190753333333333,0.032092
2540.75,0.182422666666667,0.03976
2541,0.165146,0.0249304666666666
2541.25,0.178730666666667,0.047286
2541.5,0.172577333333333,0.0344113333333333
2541.75,0.140627333333333,0.0276426666666666
2542,0.10508,0.0307666666666666
2542.25,0.0819813333333333,0.0296779999999999
2542.5,0.0499775313693398,0.0189914619203491
2542.75,0.0384493327674023,0.00812969286926985
2543,0.0394363434518646,0.00976796940156105
2543.25,0.0406593333333332,0.0184174
2543.5,0.0394894948630136,0.0115583623287671
2543.75,0.0359419447383891,0.00962561316872425
2544,0.0379428507936507,0.0153661458008658
2544.25,0.0371566666666666,0.0101927599999999
2544.5,0.0365700486048604,0.00879760084008392
2544.75,0.0339853333333333,0.00864306666666661
2545,0.0387186666666666,0.0115493333333333
2545.25,0.0358773190984579,0.00951693096085402
2545.5,0.0433958047914818,0.0168514058562555
2545.75,0.0367449559748427,0.0087724444444444
2546,0.0348685216353327,0.00812019647866298
2546.25,0.0355946666666666,0.0129646
2546.5,0.0376089534180278,0.0138860193587416
2546.75,0.0409162058734483,0.016890927944293
2547,0.040065017737003,0.0164370514984709
2547.25,0.0333226666666666,0.0115162
2547.5,0.0328828226555245,0.0105593546889507
2547.75,0.0352159999999999,0.00865821333333325
2548,0.0356893333333333,0.0115209333333333
2548.25,0.0432961096573209,0.0155164152024921
2548.5,0.0411967163991186,0.016313332766761
2548.75,0.034932,0.00990213333333325
2549,0.0350266666666666,0.00867619999999993
2549.25,0.0377366990654205,0.0103908331900311
2549.5,0.0348373333333333,0.0101719333333333
2549.75,0.0304353333333332,0.00568331333333329
2550,0.0301986666666666,0.00431112
2550.25,0.0306800458107293,0.00440996021699813
2550.5,0.0428366666666666,0.0138213333333332
2550.75,0.04860447,0.0188591028333332
2551,0.0980161041041041,-0.000495507507507438
2551.25,0.0484693333333333,0.00373933333333332
2551.5,0.122356666666667,0.00628681333333332
2551.75,0.150567333333333,0.00756859999999993
2552,0.184707701283547,0.0119018064955269
2552.25,0.223065247191011,0.00860529838951305
2552.5,0.239033333333333,0.0569893333333333
2552.75,0.18176,-0.000653199999999964
2553,0.19596,0.0166708
2553.25,0.183653333333333,0.00727513333333332
2553.5,0.192646666666667,0.014413
2553.75,0.181286666666667,-0.00180813333333325
2554,0.198326666666667,0.0123776666666666
2554.25,0.194066666666667,0.0111943333333333
2554.5,0.19312,0.0281633333333333
2554.75,0.157856666666667,-0.0048564
2555,0.164057333333333,0.008094
2555.25,0.1917911121673,0.0128050164765525
2555.5,0.160034,0.0155916
2555.75,0.126664,-0.00194066666666664
2556,0.117256016658658,-0.00212078808265254
2556.25,0.106074,-0.000946666666666572
2556.5,0.173713333333333,0.0665506666666666
2556.75,0.16266359539309,0.00802915072608903
2557,0.147913033045247,-0.000740276970005034
2557.25,0.168506666666667,0.0149762666666666
2557.5,0.2272,0.0106405333333333
2557.75,0.2485,0.000927733333333321
2558,0.232406666666667,0.00208266666666661
2558.25,0.0523267635482894,0.00231189155313341
2558.5,0.169457472004909,0.00150576416628311
2558.75,0.304353333333333,0.0311453333333333
2559,0.294886666666667,0.00160933333333332
2559.25,0.24651021875478,0.00660094287899647
2559.5,0.26554,-0.000866199999999964
2559.75,0.25418,0.000184599999999964
2560,0.243766666666667,0.0145360666666666
2560.25,0.2343,0.0191226666666666
2560.5,0.206373333333333,0.0182138666666666
2560.75,0.16614,0.00629059999999993
2561,0.137834666666667,-0.00292046666666664
2561.25,0.123729333333333,-0.00173713333333332
2561.5,0.118617333333333,0.000965599999999929
2561.75,0.121362666666667,0.00236193333333325
2562,0.117481333333333,0.0110523333333332
2562.25,0.131634,0.0167418
2562.5,0.143136,0.0173618666666666
2562.75,0.158945333333333,0.0216218666666666
2563,0.182233333333333,0.0200551333333333
2563.25,0.21868,0.0200314666666666
2563.5,0.223886666666667,0.013348
2563.75,0.206420666666667,0.028258
2564,0.182517333333333,0.0207793333333333
2564.25,0.175228,0.0163252666666666
2564.5,0.18531,0.0347899999999999
2564.75,0.166660666666667,0.0260333333333333
2565,0.144177333333333,0.0203202
2565.25,0.113884,0.0202397333333333
2565.5,0.105837333333333,0.0200882666666666
2565.75,0.102050666666667,0.0334173333333333
2566,0.0348373333333333,0.00818866666666657
2566.25,0.0388007054610564,0.00761327639510593
2566.5,0.0402504986400725,0.00817394741613778
2566.75,0.0405906351904312,0.0165873342146679
2567,0.0451713513513513,0.00741055607331466
2567.25,0.0422919142590866,0.00830649269959612
2567.5,0.0406457901116427,0.0106260389154704
2567.75,0.0413803823246877,0.0172586472622478
2568,0.0309621191381495,0.00606970811153354
2568.25,0.0379502120343839,0.0156680837949697
2568.5,0.0367181372549019,0.0132848589500316
2568.75,0.0375979518699187,0.0155473883577236
2569,0.0330537209756097,0.00784493892682919
2569.25,0.0476640118577075,0.00727528300395255
2569.5,0.04690828,0.00864620959999993
2569.75,0.0476658106747231,0.00879801779120503
2570,0.0486603861419441,0.00903083699966359
2570.25,0.0495057242302543,0.0085359583668005
2570.5,0.038598377016129,0.0164316092069892
2570.75,0.0457248177506774,0.00738122445799454
2571,0.0379869280380176,0.0161527024439918
2571.25,0.0313700934707904,0.00673646536082467
2571.5,0.039411574074074,0.0174031956790123
2571.75,0.0368167535641547,0.0101823543788187
2572,0.0464793068297654,0.0083032364933741
2572.25,0.0391804081632653,0.0176453112244897
2572.5,0.0389627866394001,0.01729682931152
2572.75,0.0309086184657162,0.00986244467073991
2573,0.03458841285956,0.00654336961082902
2573.25,0.0428876595456086,0.00487037368599523
2573.5,0.0312868068756319,0.00484638773171546
2573.75,0.0279554570446735,0.00461501951890025
2574,0.0328305427135678,0.0114472308140703
2574.25,0.0407877556440902,0.0156890576361222
2574.5,0.0239260608465608,0.00404105515873006
2574.75,0.037914,0.00217875333333325
2575,0.0315486742817583,0.0052643907234337
2575.25,0.0306246666666666,0.00457807999999993
2575.5,0.026044527027027,0.00557419294294285
2575.75,0.0267300542986425,0.00403406579185519
2576,0.0245443960244648,0.00518339516819561
2576.25,0.0293727027234368,0.00934499439969309
2576.5,0.0215157683486238,0.00478761467889898
2576.75,0.0276113287356321,0.00733929992337163
2577,0.0267805587447378,0.0061930042097206
2577.25,0.0282377142857143,0.00815128685714278
2577.5,0.0291950848082596,0.00331783628318579
2577.75,0.045298,0.00445879999999993
2578,0.0353447380410022,0.00605428914198935
2578.25,0.0374458786516853,0.00587644982022465
2578.5,0.0261613835770528,0.00338620749906254
2578.75,0.0269208333333333,0.00472402101449266
2579,0.0273063919413919,0.00539479326007318
2579.25,0.0254179999999999,0.00522086666666664
2579.5,0.0255126666666666,0.00500786666666664
2579.75,0.0257966666666666,0.00484788
2580,0.0223408276353276,0.00301385897435894
2580.25,0.0350560153096728,0.00530954502435623
2580.5,0.0270589735336194,0.00588592539341913
2580.75,0.0313795087719298,0.00467583294235585
2581,0.0260914425531914,0.00328293425531912
2581.25,0.0290489727463312,0.00299275270440252
2581.5,0.0288207461964039,0.00446128058091286
2581.75,0.0241625258119657,0.00614702222222217
2582,0.0249584540170939,0.00157481641025635
2582.25,0.0256336242299794,-0.000587535934291561
2582.5,0.027199744637385,8.01378958120526e-05
2582.75,0.0244196285998013,0.00635427907977481
2583,0.0415586666666666,0.00555219999999996
2583.25,0.0271617976782752,0.00524684112769485
2583.5,0.0263646666666666,0.00459369999999996
2583.75,0.0278047937438905,-0.000893725513196376
2584,0.0299909208494208,0.00595554305019305
2584.25,0.0269067449470644,0.00435789963811352
2584.5,0.0279204099616858,0.00407278941251595
2584.75,0.043223559354226,0.00758792440645764
2585,0.024351709090909,0.00123168381244012
2585.25,0.0264781314285714,0.0054938582857142
2585.5,0.0272216827231856,0.00580760847784197
2585.75,0.0287228940568475,0.00325069463824284
2586,0.0271629848783695,0.00507168357659427
2586.25,0.0448398646034816,0.00801553836234678
2586.5,0.0275054512635379,0.00533409287003601
2586.75,0.0318864889277388,0.00414195629370625
2587,0.0290814686325527,0.00566427695865857
2587.25,0.0330788435013262,0.00991416127320951
2587.5,0.0382713623714458,0.00295481640653351
2587.75,0.0400342756804213,0.00898454404448337
2588,0.0375292357120791,0.0170561257954896
2588.25,0.0380173079019073,0.0144570187102633
2588.5,0.0377462763037511,0.0140742397072278
2588.75,0.0319626594137201,0.0055838957388939
2589,0.0382453333333333,0.0148153333333333
2589.25,0.0325532408759124,0.00781090693430652
2589.5,0.037296485407066,0.0143211035330261
2589.75,0.031007375573921,0.00631371900826437
2590,0.0384779735349716,0.0150233852551984
2590.25,0.0399104635761589,0.0170712256701356
2590.5,0.0343463977798335,0.00917317372802957
2590.75,0.0394229703915949,0.0165767617319324
2591,0.0349649236569274,0.0105700196041469
2591.25,0.0318799555555555,0.0101293688888888
2591.5,0.0393889103182256,0.0163666890388942
2591.75,0.0394471371045061,0.0170273021412591
2592,0.0386821740496386,0.007949234055922
2592.25,0.0380226361031518,0.0156979847182426
2592.5,0.0481396099773242,0.00843620758017487
2592.75,0.0339340212560386,0.0112468390338163
2593,0.0485166666666666,0.00784313333333328
2593.25,0.0465358695652173,0.00710308695652173
2593.5,0.0461076366666666,0.00849863373333325
2593.75,0.0473783786505539,0.00874496441758969
2594,0.0334313353253652,0.0077029201195219
2594.25,0.039192,0.0172246
2594.5,0.045299483653522,0.00601944078193453
2594.75,0.0312274871287128,0.010468464950495
2595,0.0381421350984385,0.016218699185336
2595.25,0.0463401939393939,0.00795944424242417
2595.5,0.039411574074074,0.0174031956790123
2595.75,0.0369296883910386,0.0102135885947046
2596,0.0314645512953367,0.00668265243523308
2596.25,0.0325178044077135,0.00619811907713491
2596.5,0.0482654508196721,0.00926263866120212
2596.75,0.0473769388601036,0.00775602528497406
2597,0.0307825891946992,0.010516202514441
2597.25,0.0428876595456086,0.00487037368599523
2597.5,0.027907077132178,0.00617538362215421
2597.75,0.0311751194184839,0.00671682118380062
2598,0.0329733793103447,0.00505782138627655
2598.25,0.0311193891213388,0.00436093882845186
2598.5,0.027206492211838,0.0062817084112149
2598.75,0.0264983895287957,0.00335173925305406
2599,0.0291580583515682,0.00389739714806704
2599.25,0.0241483340857787,0.00182422880361165
2599.5,0.0211135220417633,0.00411333255993811
2599.75,0.0267990196078431,0.00407956555171086
2600,0.0394350069284064,0.00582337736720545
2600.25,0.0292046666666666,0.00929153333333328
2600.5,0.0214174105504587,0.00476572844036697
2600.75,0.0250764324324324,0.00514351824324314
2601,0.0269631534634519,0.00623522923842326
2601.25,0.0224208145620022,0.00463173090633286
2601.5,0.0232143465458663,0.00474215673839181
2601.75,0.0278634130925507,0.00700376267870571
2602,0.0271357245053272,0.00679782313546417
2602.25,0.026581132723112,0.00681113127383676
2602.5,0.0272848997351494,0.0078549639803253
2602.75,0.0260068983180428,0.00584531600917429
2603,0.0252355067437379,0.0042122070134874
2603.25,0.035578453038674,0.0056640897237568
2603.5,0.0324321581920903,0.00668651525423724
2603.75,0.0323088348765432,0.00666789158950612
2604,0.0253570692782009,0.00360685665578526
2604.25,0.0263870155902004,0.00519657802524123
2604.5,0.0312564547121379,0.00487299426475977
2604.75,0.0276494950819672,0.00679481639344253
2605,0.0265423503325942,0.00542181818181809
2605.25,0.0266136049382716,0.00521835390946497
2605.5,0.0264831051851851,0.00533903170370362
2605.75,0.0270074403379092,0.00617117655051036
2606,0.0269701712204007,0.00640059956284147
2606.25,0.0245054983570646,0.00669188608981374
2606.5,0.0250616721672167,0.00413565236523643
2606.75,0.0236239524309199,0.00441406925498418
2607,0.0308331370328425,0.00460049981124946
2607.25,0.0270936490500863,0.0060972249395509
2607.5,0.0335342010703364,0.0068934214831804
2607.75,0.0327147274800456,0.0056552592930444
2608,0.0327419558052433,0.00605750726591751
2608.25,0.0351926235600148,0.0058475399479747
2608.5,0.0236835749394254,0.00293543481343025
2608.75,0.0333665885885886,0.0063278057057057
2609,0.0414819388946103,0.0067294935805012
2609.25,0.0326604362519201,0.00621728786482325
2609.5,0.03976242217484,0.00652582345415771
2609.75,0.0391533048737104,0.00590012273212371
2610,0.0403466495360457,0.00688946802284075
2610.25,0.0249261530377667,0.00328647411494246
2610.5,0.0257547466918714,0.0043871557655954
2610.75,0.0252791736909322,0.00461141826309063
2611,0.0242169054820416,0.00379413799621927
2611.25,0.0236142728110598,0.00329823334562211
2611.5,0.0242242462686567,0.0034066502052238
2611.75,0.0305202860696516,0.0110978563432836
2612,0.0474548133583021,0.00899439700374522
2612.25,0.0469697584541062,0.00721890499194837
2612.5,0.037375536,0.00601689499999993
2612.75,0.0381863422354104,0.00742616458951523
2613,0.0494121621621621,0.00732711776061768
2613.25,0.0472455665694849,0.00748211661807578
2613.5,0.0399280835861138,0.00546459265251093
2613.75,0.0363413010427177,0.00524034927682465
2614,0.0375759390862944,0.0066858934010152
2614.25,0.0394465310274669,0.00849763825025422
2614.5,0.0385101389172624,0.00716756241062305
2614.75,0.0391846102040816,0.00602220551020399
2615,0.0376596074829931,0.00688003040816317
2615.25,0.0384051551956814,0.00772798110661265
2615.5,0.0399801437371663,0.00929502258726898
2615.75,0.0447789267326733,0.00738806316831674
2616,0.0315868594217347,0.006835962113659
2616.25,0.0374700271966527,0.00655845418410032
2616.5,0.0366655771508185,0.00607437520027859
2616.75,0.0365918615437867,0.00745875029421939
2617,0.0357120631944444,0.00682363743055545
2617.25,0.0384653291404612,0.00753883060796635
2617.5,0.0368916894018887,0.00718120671563476
2617.75,0.0356996210379658,0.00720840174155344
2618,0.0366008833159178,0.00777192560083592
2618.25,0.0358573125433125,0.00733092959112952
2618.5,0.036724230125523,0.00638662329149229
2618.75,0.0354203329835606,0.0065754195173137
2619,0.0366532709428671,0.0077152586750788
2619.25,0.0369768905419765,0.00742335557917104
2619.5,0.0347536778947368,0.00607159115789473
2619.75,0.0299132627118644,0.00599182838983048
2620,0.031119377966702,0.00594097215727948
2620.25,0.0372324802259886,0.00896252153954802
2620.5,0.0352717625570776,0.00655309799789244
2620.75,0.031265845824411,0.0070961890078515
2621,0.0389969926393269,0.0083429106203995
2621.25,0.0275474002111931,0.00444367432594148
2621.5,0.0268561418747737,0.00645871299312341
2621.75,0.0239604026258206,0.00569059562363232
2622,0.0342856233766233,0.00315788636363635
2622.25,0.0303740814977973,0.00105527425110122
2622.5,0.0305431076923076,0.0013221271501831
2622.75,0.0263154355345912,0.00514433514150941
2623,0.0256817883211678,0.00595121654501209
2623.25,0.0254847228915663,0.0055172189558232
2623.5,0.0256243146603098,0.00750365347636074
2623.75,0.023165632896305,0.00545098903456486
2624,0.0254981928374655,0.00709941322314045
2624.25,0.0204033427561837,0.00435357950530032
2624.5,0.0194010756880734,0.00431706055045863
2624.75,0.0192983820572311,0.00328418654292337
2625,0.0262739946050096,0.00814750581888242
2625.25,0.0252192,0.00727994239999993
2625.5,0.0252023703703704,0.00742607407407403
2625.75,0.0296183046964489,0.00470909736540655
2626,0.0247926164383561,0.00621084657534246
2626.25,0.023951533180778,0.00613732448512581
2626.5,0.0245725546727204,0.00707411548997347
2626.75,0.0235315061162079,0.0052889463302752
2627,0.0225128824662812,0.00375775776493252
2627.25,0.02310445602114,0.00463757312193275
2627.5,0.0291143856873823,0.0060024924293785
2627.75,0.0295764305555555,0.00610397847222213
2628,0.0284364102564103,0.00548478034188025
2628.25,0.0281984679334917,0.00510131908155176
2628.5,0.0318338486997636,0.00633551631205672
2628.75,0.0302350641773628,0.00667411046285492
2629,0.0305169558139534,0.00668037348837199
2629.25,0.0289079930151338,0.00482252277842447
2629.5,0.0279039953271027,0.00414130724299059
2629.75,0.0314151775700934,0.00596174392523354
2630,0.0295555189003436,0.00654319083619694
2630.25,0.0293469359120212,0.00639390405764118
2630.5,0.028523227118644,0.00492994048964218
2630.75,0.0296754004576659,0.00508134164759724
2631,0.0279288108720272,0.00416715590788968
2631.25,0.0300757509491268,0.00623355201214881
2631.5,0.0305381422018349,0.00627753990825681
2631.75,0.0295990391486126,0.00511666316989735
2632,0.0294429288389512,0.00544716254681638
2632.25,0.0313880156075808,0.00521537346711256
2632.5,0.0298932003023431,0.00564698473167045
2632.75,0.0301236156156155,0.00571279219219217
2633,0.0299182153018069,0.00442993048827374
2633.25,0.0314293333333333,0.00598293333333325
2633.5,0.0383672494669509,0.00629684719260834
2633.75,0.037272196371398,0.00561665314834574
2634,0.0309469016018306,0.00611968009153316
2634.25,0.0421519577613516,0.00514618796198514
2634.5,0.0272099583746283,0.00438051986124868
2634.75,0.0260707782178217,0.00369709372277218
2635,0.0257273571428571,0.00380610714285712
2635.25,0.0275667043010753,0.00488744913978484
2635.5,0.0240160149253731,0.00337736667910441
2635.75,0.0314608888888888,0.0107154848424543
2636,0.0383575699797159,0.00794851480730222
2636.25,0.0390810639865996,0.00636964428810718
2636.5,0.037488,0.00603499999999993
2636.75,0.0371192588196504,0.00721864701615553
2637,0.038716465116279,0.00771523761375116
2637.25,0.0373327906976743,0.00691931971688568
2637.5,0.0388413313110886,0.00531585877991226
2637.75,0.0357185166498486,0.00515054490413721
2638,0.0375759390862944,0.0066858934010152
2638.25,0.0382475483214649,0.00823935137334685
2638.5,0.0371835485188968,0.0069206554988083
2638.75,0.0389848925170067,0.00599151129251692
2639,0.0373105482993197,0.00681626081632644
2639.25,0.0374254318488528,0.00753083873144396
2639.5,0.0386070882956879,0.00897579958932228
2639.75,0.0384277410526315,0.00782769768421044
2640,0.038533501048218,0.00665405450733744
2640.25,0.036735320781032,0.00642985704323566
2640.5,0.0360950546847787,0.00597985691396724
2640.75,0.036284366908965,0.00739607172031839
2641,0.0356358368055555,0.00680907256944437
2641.25,0.0378936575821104,0.00742678853948285
2641.5,0.0357986023084994,0.00696843022035672
2641.75,0.0362411104144897,0.00731773827934508
2642,0.0364830693138279,0.00774690867293618
2642.25,0.0359734809424809,0.00735467990297988
2642.5,0.0358517322175732,0.00623488926080891
2642.75,0.0342028779293459,0.00634941154249737
2643,0.0354721773571679,0.00746664668769712
2643.25,0.0362987814381863,0.00728722068721211
2643.5,0.0341107915789473,0.00595927663157894
2643.75,0.0293248050847457,0.00587395635593217
2644,0.0305793453772581,0.00583787502656743
2644.25,0.0364221977401129,0.00876747210451977
2644.5,0.0366192813455657,0.00741564602446481
2644.75,0.0309237687366167,0.00701855017844391
2645,0.038354185068349,0.00820539011566765
2645.25,0.027487121436114,0.004433950749736
2645.5,0.027625791758646,0.00602270691685058
2645.75,0.0267140416210296,0.00725298050383347
2646,0.0344695502530729,0.00757107447577725
2646.25,0.0231398394793926,0.00333666117136651
2646.5,0.030814,0.00133385333333329
2646.75,0.0302155830469645,0.00630047331042377
2647,0.025843309002433,0.00598864557988641
2647.25,0.0253221927710843,0.00548203261044177
2647.5,0.0264367103694874,0.00774155001986486
2647.75,0.0238981430274135,0.00562335232419538
2648,0.0260997229437229,0.00726689610389608
2648.25,0.0207447114252061,0.00442641931684327
2648.5,0.019204360091743,0.00427328807339441
2648.75,0.0191024593967517,0.00325084454756371
2649,0.0265091838150289,0.00822043745664737
2649.25,0.0258034285714285,0.00744858971428566
2649.5,0.0260143024054982,0.00766531615120266
2649.75,0.0304849980908743,0.00484689537991597
2650,0.0258058523592085,0.00646467427701664
2650.25,0.0260425400457665,0.00667312265446217
2650.5,0.0278661165342413,0.00802228865682928
2650.75,0.0262819418960244,0.00590713486238526
2651,0.0234789749518304,0.0039190139499036
2651.25,0.0240547678369195,0.00482832163080404
2651.5,0.0306800760828625,0.00632528971751405
2651.75,0.0305733888888889,0.00630973055555552
2652,0.0300748717948718,0.00580080481740472
2652.25,0.0299586270783847,0.00541974536817097
2652.5,0.033868342789598,0.00674041773049643
2652.75,0.0319127187864643,0.00704443718397507
2653,0.031262180620155,0.00684350837209298
2653.25,0.0301755785797438,0.00503398540939075
2653.5,0.0295064719626168,0.00437913512461058
2653.75,0.0334005233644859,0.00633850841121487
2654,0.0324228453608247,0.00717797800687278
2654.25,0.0323727690557451,0.00705315130830486
2654.5,0.0310185762711864,0.00536123540489638
2654.75,0.0316115179252479,0.00541286453089238
2655,0.0307655945639864,0.00459042204605504
2655.25,0.0323920113895216,0.00671362414578584
2655.5,0.0325234824159021,0.00668565420489294
2655.75,0.031794183200304,0.00549612862029645
2656,0.031252072659176,0.00578186771535576
2656.25,0.0350023931623931,0.00581593162393156
2656.5,0.0325777838246409,0.00615411685563108
2656.75,0.0321414654654654,0.00609546726726722
2657,0.0314370857362553,0.00465482660515179
2657.25,0.0324431827956988,0.00617593118279569
2657.5,0.0388032409381662,0.00636840227434248
2657.75,0.0393720384204908,0.00593308431163287
2658,0.0408327537473233,0.00697247366167019
2658.25,0.0255064177339901,0.00336298110344819
2658.5,0.0416164066193853,0.00390153812056736
2658.75,0.103383783139708,0.0174601626452189
2659,0.0320061159678858,0.00569312328278313
2659.25,0.0478609289417504,0.00613262445867633
2659.5,0.0385469437386569,0.00297609321234113
2659.75,0.0401419912203687,0.00900871770558962
2660,0.0323055035460993,0.00695413528368787
2660.25,0.0355949171075837,0.00959268853615516
2660.5,0.0333439903118377,0.0072451727520435
2660.75,0.03170466485343,0.00553882393472339
2661,0.0393558087227414,0.016244432834891
2661.25,0.0389136052631578,0.0150189556390977
2661.5,0.0392898734096691,0.0156395656488549
2661.75,0.0387255629139072,0.0150323859981078
2662,0.0482823211538461,0.00933080634615383
2662.25,0.0481338479532164,0.00919351734892787
2662.5,0.038184086326402,0.0151933960302456
2662.75,0.0375074420985284,0.0144429535508636
2663,0.0376803768394113,0.0146686
2663.25,0.0486585282651071,0.00762269655620525
2663.5,0.0470057922848664,0.00944807042532144
2663.75,0.0449158653465346,0.00741065663366333
2664,0.0443685454545454,0.00732849090909089
2664.25,0.0431432778328378,0.00746797092831176
2664.5,0.0458977468013468,0.0079577134680134
2664.75,0.0420088278606965,0.00675832398009941
2665,0.043845396762471,0.00749099491245452
2665.25,0.0425628831683167,0.00679043062706269
2665.5,0.0430709241516966,0.00764276027944102
2665.75,0.0443609126984126,0.00702270767195759
2666,0.0426977505758472,0.0063594319183942
2666.25,0.0433720052648897,0.00725390108588349
2666.5,0.044623997995992,0.00760667535070132
2666.75,0.0446484629815745,0.00887551852596307
2667,0.0484008081218274,0.00915316142131973
2667.25,0.045023119266055,0.00747606116207941
2667.5,0.0430330999999999,0.00593496244897954
2667.75,0.0448797595628415,0.00779368551912568
2668,0.045299062585034,0.00882383170068026
2668.25,0.0460380162601626,0.00973776544715442
2668.5,0.0453339409197717,0.00644947888553201
2668.75,0.0365366871165643,0.0156295828220858
2669,0.0358112965235173,0.0143245186094069
2669.25,0.0352741236068895,0.0135443590003377
2669.5,0.0329404462982273,0.00512354953076118
2669.75,0.0265899336823734,0.00438259085514829
2670,0.0291994918087596,0.00447882527582747
2670.25,0.0316672948328267,0.0062669908814589
2670.5,0.0305773333333333,0.00484219999999993
2670.75,0.0296581788919838,0.00419241573506653
2671,0.0906718760469011,0.00505943383584588
2671.25,0.0819888628329599,0.00378373617127208
2671.5,0.13074188057041,0.00772436653297675
2671.75,0.139299496370048,0.0352999746940468
2672,0.184815402567094,0.0119087463243873
2672.25,0.168364905455904,0.00663998261584444
2672.5,0.194280043980209,0.0131683961517317
2672.75,0.191841455938697,0.00674037547892716
2673,0.197954227434982,0.0153296132585415
2673.25,0.194356030483764,-0.00681194184890653
2673.5,0.20654499432831,0.0096419173553719
2673.75,0.0968914256010396,0.00610354567901228
2674,0.219626666666667,0.0182091333333333
2674.25,0.216264255528255,0.0161107385094185
2674.5,0.212044455412965,0.0124897036854228
2674.75,0.203969676455948,0.0121573534428405
2675,0.213842607003891,-0.000329279766536931
2675.25,0.0974613310951239,0.00540926922462027
2675.5,0.160869585833743,0.000722305386128854
2675.75,0.161250443349754,-0.00424942344827582
2676,0.128116778639104,0.00552430146425493
2676.25,0.112584929032258,0.00783261311827954
2676.5,0.100886046511628,0.017221013520822
2676.75,0.11559067775929,0.0101129990016639
2677,0.121843940450254,0.0218206666666666
2677.25,0.192381088288288,0.0272934745945945
2677.5,0.211976649413388,0.00833743347135946
2677.75,0.216828286140089,0.0339178016227852
2678,0.235454164652811,0.0197477686483003
2678.25,0.228146666666667,-0.00491793333333325
2678.5,0.196245986329677,0.00164090017485296
2678.75,0.210510316324909,0.00509225407725321
2679,0.268000753650494,-0.000236332234259682
2679.25,0.24825926067559,0.0181380292543021
2679.5,0.252029831487723,0.0252501797464291
2679.75,0.241275667149525,-0.00820052856912917
2680,0.0393181667503767,0.0026939347061777
2680.25,0.216630663406683,-0.000734742950285233
2680.5,0.171948980522565,-0.00170480950118757
2680.75,0.169888544272136,0.0125906287810571
2681,0.153281489777778,0.0170181635555555
2681.25,0.115042584227367,0.0040485501599849
2681.5,0.1966345625367,0.00737022524955957
2681.75,0.122048875946418,0.000700598392545067
2682,0.0337282376916868,0.00413442913640022
2682.25,0.0357790589165678,0.00417027441676551
2682.5,0.203533333333333,0.0447299999999999
2682.75,0.191226666666667,0.0263646666666666
2683,0.268218519855596,0.0129047640593661
2683.25,0.0262226666666666,0.00187913333333329
2683.5,0.180813333333333,0.00280686666666661
2683.75,0.182464887759424,0.00113744345616258
2684,0.242048162746345,0.018160689637635
2684.25,0.0446887238346525,0.013751466710642
2684.5,0.109939132842152,0.0080154070104934
2684.75,0.15194,0.0189238666666666
2685,0.180100136025998,0.0236686773444754
2685.25,0.180387333333333,0.0101766666666666
2685.5,0.177104565318457,0.0208427580195257
2685.75,0.0416280344827585,0.0162641957854405
2686,0.0643753263157894,0.00629531909774436
2686.25,0.0991482436090225,0.011717519699248
2686.5,0.0434046666666666,0.0130213999999999
2686.75,0.0405312801097393,0.0108928406474623
2687,0.0345346832917705,0.0106147962759767
2687.25,0.038908,0.0106357999999999
2687.5,0.0343639999999999,0.0118002
2687.75,0.03763,0.0120079933333333
2688,0.0388133333333333,0.0106310666666666
2688.25,0.032944,0.0102097999999999
2688.5,0.0394759999999999,0.0110286666666666
2688.75,0.040727149090909,0.0122073251018181
2689,0.0353429138508371,0.0107355285235921
2689.25,0.0416059999999999,0.0172198666666666
2689.5,0.0388255938628158,0.00973240830324902
2689.75,0.037122949183303,0.0107822068965516
2690,0.0397004976359338,0.0165197655437351
2690.25,0.0398546666666666,0.0163962666666666
2690.5,0.0375063835450695,0.0138481483968541
2690.75,0.0390973333333333,0.015691
2691,0.039334,0.0156199999999999
2691.25,0.0382453333333333,0.0171441333333332
2691.5,0.0389454115384615,0.0168431798076923
2691.75,0.0397220248328557,0.0163900640560331
2692,0.0346006666666666,0.00746919999999996
2692.25,0.042622675754625,0.00735995540408954
2692.5,0.0354557606504064,0.0156533411382113
2692.75,0.040044,0.0168127999999999
2693,0.0359595130597014,0.00874588420398002
2693.25,0.0307666666666666,0.00886553333333328
2693.5,0.0308792298412698,0.00901739714920627
2693.75,0.0302620771663503,0.00565096050600884
2694,0.0344113333333333,0.00849633333333325
2694.25,0.0281633333333333,-0.000187439999999893
2694.5,0.0401498289828983,0.00794484248424836
2694.75,0.0310302226076901,0.00416894593813236
2695,0.0542365303274288,0.0221876714975845
2695.25,0.0673554659197011,0.0145022372549019
2695.5,0.0935174317152103,0.00253069428263206
2695.75,0.124313195035461,0.000425244680851017
2696,0.165100684240045,-0.00704871116096457
2696.25,0.196065638814016,0.0225854355435759
2696.5,0.256694491554636,0.020431749052051
2696.75,0.213,0.00904066666666657
2697,0.212526666666667,0.0144366666666666
2697.25,0.215389794433903,0.0069942769133459
2697.5,0.211624856199906,0.00356321584158413
2697.75,0.200407471910112,-0.0074463457116104
2698,0.218409366775043,0.000914381947669815
2698.25,0.218825692671395,0.0135662435933805
2698.5,0.193029418386491,0.0281501235146967
2698.75,0.216889021089078,0.0328174872521246
2699,0.174266167655561,0.000620349672904209
2699.25,0.172051348314607,0.00806372528089881
2699.5,0.227529434509425,0.0224685316578057
2699.75,0.0845165310846561,-0.00307847923280417
2700,0.156043486973948,-0.00103556132264519
2700.25,0.116112772987013,0.00014229506493497
2700.5,0.131870666666667,0.00633793333333332
2700.75,0.13133898341359,-0.000142759764579932
2701,0.117436925515055,-0.00396969889064969
2701.25,0.170710541602597,0.0219688774987186
2701.5,0.226638180019782,0.0106142214309264
2701.75,0.058274834969612,0.00923080991117341
2702,0.188514577046182,0.0126526826398414
2702.25,0.0522321828640629,0.00230771280653948
2702.5,0.22730259751773,-0.00514513312352236
2702.75,0.336883870967742,0.0125053204301074
2703,0.232040412434595,0.0137519460757156
2703.25,0.243590279944929,0.00652275403396052
2703.5,0.225513464892152,0.0367643799908214
2703.75,0.253368663930689,0.000184010761513867
2704,0.0464998011642156,0.00180025437806371
2704.25,0.19947983875969,0.025970016744186
2704.5,0.242552979749277,0.0150773600771455
2704.75,0.23952618793466,0.0316868303412582
2705,0.201224889346372,0.0402922137587922
2705.25,0.0628840014684287,0.00189124816446395
2705.5,0.205541705336427,0.0170103480278422
2705.75,0.158005886516168,-0.00024688419768145
2706,0.167178745496927,0.00461507522780249
2706.25,0.0290153333333333,0.00465286666666657
2706.5,0.196912147064798,0.0461675949624213
2706.75,0.191343197237457,0.0263807328864513
2707,0.298673333333333,0.0310033333333333
2707.25,0.0341008058608058,0.00560768807488799
2707.5,0.027793392108508,0.00275102675708993
2707.75,0.0727962299442299,0.00817178018018015
2708,0.167702775956284,0.00686400375956277
2708.25,0.0472085808219177,0.0122287287671232
2708.5,0.123272286040667,0.00169327457162432
2708.75,0.036352,0.0112889999999999
2709,0.147577869986169,0.0141428792070078
2709.25,0.152697333333333,0.0148626666666666
2709.5,0.047275532051282,0.0142818390532543
2709.75,0.0401386666666666,0.01633
2710,0.0433099999999999,0.0158188
2710.25,0.0424828611987382,0.017587144216614
2710.5,0.0458186666666666,0.0173855333333333
2710.75,0.0412410279815267,0.0122871778321108
2711,0.0409433333333333,0.00829279999999993
2711.25,0.0383546075589655,0.0153702188121625
2711.5,0.0356551503823279,0.0110189587085811
2711.75,0.0375826666666666,0.0147112
2712,0.0328674511545293,0.0113877442273534
2712.25,0.0377656036036035,0.00774313633633628
2712.5,0.0367019513951394,0.00882933249324929
2712.75,0.034995224416517,0.00880082603231591
2713,0.0374058057107386,0.0156953058348851
2713.25,0.0355801260762607,0.0166293265682656
2713.5,0.0357366666666666,0.0115871999999999
2713.75,0.0362368074766354,0.00893400299065419
2714,0.0319973333333333,0.0103044666666666
2714.25,0.0372018566037735,0.0154366324528301
2714.5,0.0364662316960148,0.00904070439295638
2714.75,0.0390973333333333,0.015691
2715,0.0384454895635673,0.0175203614800758
2715.25,0.0385871450381679,0.0126732290076335
2715.5,0.0348516631977294,0.00953337218543041
2715.75,0.0394561986628462,0.0162803791149315
2716,0.0329756769230769,0.01133302
2716.25,0.0351547822222221,0.0138676613968254
2716.5,0.0339853333333333,0.0101009333333333
2716.75,0.0365294310679612,0.0114278842718446
2717,0.0320779987277353,0.0122028675572519
2717.25,0.0368374155513065,0.0150848980242192
2717.5,0.0348037065637065,0.0101621148648648
2717.75,0.04189,0.0138876
2718,0.0319236654545454,0.0077908945454545
2718.25,0.0305692875226039,0.0043940397830018
2718.5,0.0275479999999999,0.0044517
2718.75,0.0501308855047941,0.0102096750592216
2719,0.102429333333333,-0.000790466666666643
2719.25,0.0823126666666667,0.025702
2719.5,0.108298666666667,0.00682073333333329
2719.75,0.155869717887155,0.0166466020408163
2720,0.149526,0.027406
2720.25,0.16874261696562,0.00665487881913303
2720.5,0.253902711442786,0.0163788446695095
2720.75,0.196766701191093,0.0142455316761608
2721,0.209791352970544,0.00244835506739884
2721.25,0.202093994811933,-0.00256394951361866
2721.5,0.196721358748778,0.00470709178885621
2721.75,0.0966075640025991,0.00608566419753079
2722,0.220167619047619,0.0182539834154351
2722.25,0.202488036351834,0.00615506858162925
2722.5,0.195671209638554,-0.000531921734939706
2722.75,0.157708513999687,-0.00485184213984043
2723,0.23371881303813,0.00608567832410816
2723.25,0.191517775665399,0.0127867670468948
2723.5,0.186669104618285,0.00847591442035808
2723.75,0.120607812698413,-0.0038905746031745
2724,0.146193053282588,0.00161648962892483
2724.25,0.144631632672789,-0.00689396616723046
2724.5,0.159335354527938,0.00566178259473344
2724.75,0.176817502909393,0.00348515356940971
2725,0.184980331658291,0.0192549859296482
2725.25,0.170011333665504,0.0411531612688921
2725.5,0.220205943003522,0.0153858796029459
2725.75,0.0587903013869409,0.00931246046439142
2726,0.279655978934325,0.00535612298636917
2726.25,0.251111405184175,-0.000945805669243579
2726.5,0.249240253853128,0.0100168147476578
2726.75,0.335216129032258,0.0124434129032258
2727,0.229471871609403,0.0363213146473779
2727.25,0.223013845924601,0.0283492177022798
2727.5,0.0275658114186851,0.00401038095155708
2727.75,0.0284113695743784,0.0028297913190054
2728,0.103015445179063,0.00899190550964182
2728.25,0.178281813287514,-0.00236681038270324
2728.5,0.0377081425025551,0.00628311333041315
2728.75,0.035784,0.00446353333333332
2729,0.0395720031372549,0.00592730051764699
2729.25,0.228978211055276,0.0274395376884422
2729.5,0.239855464452517,0.021147020238713
2729.75,0.190296877363587,0.0212906407347379
2730,0.138932985318108,0.00380411745513859
2730.25,0.145693171239017,0.0420114269320423
2730.5,0.264780572045332,0.0281329357798164
2730.75,0.128414603524229,0.0134053473568281
2731,0.114253061313076,0.00683726532826907
2731.25,0.311495721393035,0.0167505994472083
2731.5,0.272803329549754,0.00709194097616335
2731.75,0.285139937512205,0.0199882621753563
2732,0.284399427890346,0.0128427801350814
2732.25,0.274330974610975,0.010637998034398
2732.5,0.243293333333333,0.0251813333333333
2732.75,0.0441921653005464,0.0132718592896175
2733,0.20164,0.0284946666666666
2733.25,0.0390304463437797,0.0133243501899335
2733.5,0.104075256466038,0.0158864190476189
2733.75,0.0544399790888722,0.00867917998506338
2734,0.0819653729423868,0.0196281764403292
2734.25,0.0462072821341955,0.0157208808407437
2734.5,0.0458186666666666,0.0173855333333333
2734.75,0.0493759546191247,0.0171207811993517
2735,0.0431206666666666,0.0146496666666666
2735.25,0.0441990176026823,0.0161541961441743
2735.5,0.0324706666666666,0.00990024
2735.75,0.0359103057025278,0.00961713991769545
2736,0.034081463030303,0.0113757503818181
2736.25,0.0360037676254934,0.0112227533558939
2736.5,0.0366058220757825,0.0139991257550796
2736.75,0.0425739456550981,0.0169916504708097
2737,0.0403419100441501,0.00899534735099332
2737.25,0.0400913333333333,0.0152082
2737.5,0.0408134522988505,0.0174982356321839
2737.75,0.0428471263972484,0.0110097251934651
2738,0.0348685216353327,0.00812019647866298
2738.25,0.0382319236234458,0.0129334760213144
2738.5,0.0376431433756805,0.0138986430127042
2738.75,0.0373320584900029,0.00948461689048037
2739,0.0363046666666666,0.0118002
2739.25,0.0347105569932224,0.0134160558841651
2739.5,0.0344779692671394,0.00617396193853419
2739.75,0.0336231530705774,0.00971761142682546
2740,0.0399927078787878,0.0153226778181818
2740.25,0.0432557214953271,0.0155019409345794
2740.5,0.0424979041353383,0.0174113486842105
2740.75,0.0333226666666666,0.0081792
2741,0.03505918910554,0.00868425589600734
2741.25,0.040207228805834,0.0127944977210574
2741.5,0.0334968392302917,0.00873563550589688
2741.75,0.0300713503649634,0.00633256082725054
2742,0.0415376483126109,0.0142726394316163
2742.25,0.02813598791019,0.00600375795624633
2742.5,0.0428739808362369,0.0138333728222995
2742.75,0.0414763911335577,0.00499892194163853
2743,0.106514745005258,0.00534803655099888
2743.25,0.0674970681605976,0.014532725490196
2743.5,0.0952346666666666,-0.00128746666666657
2743.75,0.166984784552845,0.0101468091463414
2744,0.184707701283547,0.0119018064955269
2744.25,0.153620743145743,0.00588042388167381
2744.5,0.136556666666667,-0.00709999999999993
2744.75,0.209598913857678,-0.00578155393258419
2745,0.25524218385441,0.00341268253227555
2745.25,0.151722505504587,0.0180588174311926
2745.5,0.167973658683537,-0.000939425714716032
2745.75,0.248161312910284,0.00949858818380741
2746,0.184126666666667,0.0113221333333333
2746.25,0.232269033668561,0.00913969205655149
2746.5,0.159232244261585,-0.0061773177421683
2746.75,0.155599175047369,-0.00317549336831362
2747,0.23881002025463,0.000954290538194441
2747.25,0.189983963344788,0.0006789646882015
2747.5,0.198356563515614,-0.0031793994630493
2747.75,0.139657443041648,0.0108425829923088
2748,0.13921831759007,0.011826123705722
2748.25,0.193049531835206,0.0113375299625467
2748.5,0.123860625136612,0.0155748349102263
2748.75,0.11593424534847,-0.000530634878587146
2749,0.170166563137255,0.0319477057254901
2749.25,0.138180937069362,0.00415583187873218
2749.5,0.261745117935024,0.0153727839192998
2749.75,0.054719407537248,0.00174949973707266
2750,0.24062182482778,0.0408442547448333
2750.25,0.212842613730356,0.00839968172043007
2750.5,0.0271850393049234,0.00321878416770097
2750.75,0.172293333333333,0.00087093333333325
2751,0.173121423682409,-0.00152251991786437
2751.25,0.18941248606466,-0.00116962210144923
2751.5,0.191792665257223,-0.00176838534178999
2751.75,0.0284473333333333,0.00283337333333329
2752,0.192587750493932,0.000107567304544128
2752.25,0.0377573711891345,0.00524434252275675
2752.5,0.0274286006006005,0.00253572683483477
2752.75,0.0355873846153846,0.00443900842490839
2753,0.177360537793081,0.0152218738153796
2753.25,0.125556479803302,0.00123947994380049
2753.5,0.160608274660799,0.00219032786945361
2753.75,0.0358786666666666,0.005751
2754,0.033707808716707,0.00413192493946725
2754.25,0.122767070940171,0.00279854085470076
2754.5,0.147928892224307,-0.00160228809672704
2754.75,0.215366666666667,0.018886
2755,0.252453672388218,0.0148957157448611
2755.25,0.0317336623931623,0.00220714726495722
2755.5,0.234149033505154,0.0163525900773196
2755.75,0.191922944625407,0.0138505967426709
2756,0.19779209344115,0.0192316226415094
2756.25,0.0398892731122088,0.0154321030345801
2756.5,0.0774742945515108,0.00904259243397565
2756.75,0.0433097585034013,0.014357869776482
2757,0.130740814760148,0.0113422641476014
2757.25,0.042615291760581,0.0130636443776608
2757.5,0.0403902767094017,0.0155696476495726
2757.75,0.0381807302337798,0.0139980220646177
2758,0.0420925283630469,0.0137959444084278
2758.25,0.0399290476190476,0.0147167061224489
2758.5,0.0396616477107028,0.0144159402158063
2758.75,0.0397820337700146,0.00972502398835508
2759,0.0374045606469003,0.00758560682839168
2759.25,0.0320388858279767,0.00684595604530146
2759.5,0.0386940344514959,0.00975886310063463
2759.75,0.036895204320432,0.0063857446864686
2760,0.039334,0.00772953333333325
2760.25,0.0385526740128558,0.00682851790633599
2760.5,0.0335440076408786,0.00925776708054749
2760.75,0.0410773461169702,0.0150522178331735
2761,0.0487995701415701,0.00873455341055341
2761.25,0.0388133333333333,0.016827
2761.5,0.0434669037900875,0.00821198833819235
2761.75,0.0377044411473788,0.015276227035938
2762,0.033681771390816,0.0110398737363726
2762.25,0.0325542904619474,0.00757375805915582
2762.5,0.0316025611605671,0.00948076834817002
2762.75,0.0390406578947368,0.0163694284750337
2763,0.0468595233299764,0.00756961530714998
2763.25,0.0334920801603206,0.0131322965931863
2763.5,0.032879632392473,0.00976539153225806
2763.75,0.0368167535641547,0.0101823543788187
2764,0.0466223200815494,0.00832878491335369
2764.25,0.0388687782258064,0.00671455779569887
2764.5,0.0307363886639676,0.00945191093117405
2764.75,0.0389253669064747,0.0169246924974306
2765,0.0461026666666667,0.00845215555555545
2765.25,0.0341109723609723,0.0136161591741591
2765.5,0.034336070107108,0.0073746669912366
2765.75,0.0392775038910505,0.00592242217898832
2766,0.0412100673724735,0.0130325659287776
2766.25,0.0423011468178953,0.0140656055450536
2766.5,0.0272899657142857,0.00494630628571424
2766.75,0.0280955266347687,0.00644301967464113
2767,0.028087884,0.0080291628
2767.25,0.0341863891779396,0.0040522455775234
2767.5,0.0295050398322851,0.00583953913347304
2767.75,0.0306687926078028,0.0035398092402464
2768,0.0384504605936539,0.00255690839303982
2768.25,0.0782622014537902,0.00221031429560399
2768.5,0.0782267513550135,0.00298976863143625
2768.75,0.0236907551155115,-0.000278437161716136
2769,0.053676,0.00686333333333329
2769.25,0.0218666359269933,0.00167472153698359
2769.5,0.0230331695022054,0.00286498645242593
2769.75,0.0340206721162579,0.00367385770511649
2770,0.0973169903381642,-0.00659744347826081
2770.25,0.054102,0.00329913333333325
2770.5,0.0231961869218501,0.00137854324720892
2770.75,0.110246863636364,0.00448889431818177
2771,0.0662846542172424,0.000907102894491103
2771.25,0.0219137041860465,0.00130729823255805
2771.5,0.0245433376383763,0.000643139483394739
2771.75,0.0227622304832713,0.000878005619578674
2772,0.0253229794392523,0.00114499775700934
2772.25,0.0210728978696741,0.00210259649122801
2772.5,0.0286996104146576,0.00324391126325933
2772.75,0.0423902448066474,0.00615679143496321
2773,0.0357613502604166,0.00579267736979161
2773.25,0.042012964774951,0.00569667318982383
2773.5,0.0219361258697027,0.00244471726755208
2773.75,0.0353505405921681,0.00476852184654565
2774,0.0482326666666666,0.00643449333333325
2774.25,0.0397240506329114,0.00274758016877634
2774.5,0.0295391940018744,0.00328742642924077
2774.75,0.0290569763205828,0.00789026836672738
2775,0.0274503452272034,0.00172072559926803
2775.25,0.0339848044692737,0.00543756871508375
2775.5,0.0244198610852712,0.00223199430697666
2775.75,0.032961824090638,0.00541954812164576
2776,0.0448651586871424,0.00138622443842214
2776.25,0.0352802261484098,0.00296202968197877
2776.5,0.0373709838420107,0.00465948653500891
2776.75,0.0235036999405822,9.45822935234698e-06
2777,0.0247774165923282,-0.000596932024977624
2777.25,0.0529131479820627,0.00097101255605374
2777.5,0.028968,0.00334836
2777.75,0.0256073333333333,-0.000572733333333251
2778,0.0269303587856485,0.00316975047531429
2778.25,0.0311676649572649,0.00700557606837596
2778.5,0.0260444524197933,0.00168148307775958
2778.75,0.0356131474103585,0.0130723993094289
2779,0.0407539999999999,0.0143041333333333
2779.25,0.0419638215733981,0.0135909854555285
2779.5,0.0415464810941271,0.0136839600429069
2779.75,0.0332479462277092,0.0106696111934156
2780,0.0384021775147929,0.00708926897717658
2780.25,0.0374556269430051,0.0146890375359816
2780.5,0.0382533461314718,0.0161079133216987
2780.75,0.0398850306712962,0.0156402563657407
2781,0.0348930507308684,0.012634015534537
2781.25,0.0382858328904635,0.015689591319752
2781.5,0.0514327972027971,0.0158822572843822
2781.75,0.0357531782945736,0.0115652522361359
2782,0.0397561725067384,0.00668711979634616
2782.25,0.0372679400415553,0.00762277411694864
2782.5,0.0387659999999999,0.0160791333333332
2782.75,0.0375222356164383,0.016074866849315
2783,0.0325689405204461,0.00720764814126387
2783.25,0.0324706666666666,0.00737926666666657
2783.5,0.0378076676109537,0.0122661718602455
2783.75,0.0332426286959228,0.00656790880796756
2784,0.0328467603873789,0.0104521049671977
2784.25,0.0384032325954443,0.0161113190888675
2784.5,0.037950631884058,0.0157772289855072
2784.75,0.033999784863124,0.0112686352334943
2785,0.0345667776689519,0.0116893398628795
2785.25,0.0386170432276656,0.016583167403138
2785.5,0.0374628712998712,0.0150040453024452
2785.75,0.0311341142670584,0.0101268299053215
2786,0.033782114304592,0.0110727631318136
2786.25,0.0423633333333332,0.00828333333333325
2786.5,0.0315401055060995,0.0094620316518298
2786.75,0.031446298349835,0.0105418175577558
2787,0.0341405602129075,0.0130462334664005
2787.25,0.0468598087542086,0.0080486938720538
2787.5,0.032879632392473,0.00976539153225806
2787.75,0.0380646497461929,0.0162519504568527
2788,0.0469083465851172,0.00837988175331288
2788.25,0.0476646666666666,0.00913533333333325
2788.5,0.0308300971659918,0.00948072773279348
2788.75,0.0329779628865978,0.00901208123711336
2789,0.0460553333333333,0.00844347777777773
2789.25,0.03124,0.00994473333333325
2789.5,0.03297317872481,0.0137041821605549
2789.75,0.0278597487537387,0.00573446495181114
2790,0.0405715498007968,0.0164886939575032
2790.25,0.0409093891102257,0.0157358440903054
2790.5,0.0400123356321839,0.0136429309688013
2790.75,0.0222289523809524,-0.00029669999999992
2791,0.0316474697127033,0.00528087628937349
2791.25,0.0291882701525054,0.00349503558460413
2791.5,0.0336334157468726,0.00680258366445907
2791.75,0.0270028099547511,0.00407522972850677
2792,0.0363540035273368,0.00234588007054665
2792.25,0.0702910915443745,0.00320115779874204
2792.5,0.151260143600416,0.0145568322580644
2792.75,0.0235014251497005,0.00131758994011975
2793,0.0387748662041625,0.00230663167492559
2793.25,0.0229263937316356,0.00351506327130262
2793.5,0.070295503875969,-0.000311794573643372
2793.75,0.0211163503937008,0.0018707102362204
2794,0.02938536121673,0.00479047528517101
2794.25,0.0233581440208537,0.00227753749103934
2794.5,0.0239236055776892,0.00112581673306771
2794.75,0.0251069057471264,0.00134029346469613
2795,0.0213286290322581,0.00109744623655905
2795.25,0.021790747553816,0.00288351702544028
2795.5,0.0366833333333333,0.00524216666666664
2795.75,0.0255053120849933,8.95750332005311e-05
2796,0.157792215648855,0.0114562113231552
2796.25,0.0212326923558897,0.00211854035087712
2796.5,0.172143273753528,0.0175557685794919
2796.75,0.0424307708533077,0.00616267746883982
2797,0.0428767759051186,-8.19633395755303e-05
2797.25,0.0303772506361323,0.00531483778625946
2797.5,0.0231213569089718,0.000124324673215423
2797.75,0.041864842519685,0.00785025196850385
2798,0.020654693409742,0.00113343215536451
2798.25,0.0217733333333333,0.00177168666666661
2798.5,0.0214278180661577,0.00111386895674297
2798.75,0.0228817777777777,0.00234580422222219
2799,0.0203235374921235,0.00110812791430362
2799.25,0.0265272051048313,0.00264800875113938
2799.5,0.0264116588588588,0.00163336502102094
2799.75,0.0415493473748474,0.00245979716727717
2800,0.0233387555555555,0.000354333333333262
2800.25,0.0274770227783124,0.00445026359961497
2800.5,0.0368905838041431,0.00511708097928428
2800.75,0.0512165651777575,0.0011271417198419
2801,0.0267745513178294,0.00149118052713175
2801.25,0.0251364038165589,-0.0011958550323176
2801.5,0.0267241465066174,0.00530678781163427
2801.75,0.031883801012809,0.00524922013702702
2802,0.0404943380614657,0.00310583037825053
2802.25,0.0365725060658578,0.0133289641247833
2802.5,0.0250709687763713,0.00360603308016868
2802.75,0.0346550064479954,0.00452781351275575
2803,0.0254439338935574,0.00389462445378141
2803.25,0.024555816893424,0.00305887239229015
2803.5,0.0360547879295892,0.0115961270746017
2803.75,0.0327281098775975,0.00647027668659262
2804,0.0491270175438596,0.0151739476560253
2804.25,0.038292795640327,0.0145617797154102
2804.5,0.0333740841659098,0.00725171171662119
2804.75,0.0319913254759746,0.00558890371713505
2805,0.0337032387923147,0.00875623360780724
2805.25,0.0358617316636851,0.00817401788908763
2805.5,0.0373661984639016,0.0143478719508448
2805.75,0.0477901192411923,0.00731184125263465
2806,0.0387752885304659,0.0158423394265233
2806.25,0.0406014767090139,0.00812503297035684
2806.5,0.0411744514577697,0.00915978960024037
2806.75,0.0383283209186839,0.00840001396648042
2807,0.0348003053722902,0.0105202549167451
2807.25,0.04727130876172,0.00727911374070479
2807.5,0.0333379065656565,0.00793602499999993
2807.75,0.039334,0.0169784666666666
2808,0.0468028445322792,0.00773057167325428
2808.25,0.0381517568777991,0.0163767700575815
2808.5,0.0374294920025592,0.0159733010876519
2808.75,0.0452056411276948,0.00727262301824203
2809,0.0463945477370333,0.00792651787248096
2809.25,0.0447983287128712,0.00714707089108906
2809.5,0.0458689288090485,0.00813925482368586
2809.75,0.0465317658730158,0.00736637208994705
2810,0.0438445909838763,0.00653024310628496
2810.25,0.0444642698256005,0.00743658065153003
2810.5,0.0451326653306613,0.00769338356713422
2810.75,0.0454953252931323,0.00904386345058619
2811,0.0490045604060914,0.00926733807106591
2811.25,0.0453045137614679,0.0075227865443425
2811.5,0.0434377999999999,0.00599077714285708
2811.75,0.0461472841530054,0.00801380006830596
2812,0.0466230435374149,0.00908173074829928
2812.25,0.0481884119241192,0.0101926079945799
2812.5,0.0472692212151729,0.00672480349110429
2812.75,0.0378695705521472,0.0161997607361962
2813,0.0371461158827539,0.0148584463531015
2813.25,0.0366955623100304,0.0140901550151975
2813.5,0.0447699918367346,0.00798445714285708
2813.75,0.026054664007976,0.00628905682951141
2814,0.0280888085106382,0.00618185496260475
2814.25,0.0302090290661719,-2.17127396413109e-05
2814.5,0.0317606666666666,0.00368569046666664
2814.75,0.0408906463195691,0.00755085637342903
2815,0.0769639999999999,0.00487533333333325
2815.25,0.0818667647498132,0.00377810141896936
2815.5,0.11186905109489,9.46038487060376e-05
2815.75,0.13912677535781,0.0352562053515868
2816,0.127265361445783,0.00318986746987945
2816.25,0.190716422018349,0.0167564776758409
2816.5,0.175328794642857,0.00578585022321427
2816.75,0.0359317749303621,0.00520819610027847
2817,0.184794725738397,0.00415551216596339
2817.25,0.139207333333333,0.00747393333333325
2817.5,0.182708615542975,-0.00185541307256812
2817.75,0.10666171001032,-0.00470776160990711
2818,0.102760666666667,-0.00393339999999996
2818.25,0.097598997965412,-0.00370904577822985
2818.5,0.137550861654652,0.00956567181599719
2818.75,0.118088053913945,0.0022594837808881
2819,0.116771333333333,0.00503176999999993
2819.25,0.215703952095808,-0.0028427209580838
2819.5,0.0940470690690691,0.00315233603603599
2819.75,0.198764723498383,0.00528780262038446
2820,0.129116649440138,0.00556741515934534
2820.25,0.148173704013962,0.00168626115183244
2820.5,0.12972890260777,0.00510710292708885
2820.75,0.0840781003777658,0.00833240366972469
2821,0.121381409222948,0.0217378333333333
2821.25,0.164371386243386,0.0052192638447971
2821.5,0.166554628336756,-0.00453466940451741
2821.75,0.198538624443345,0.000418451024245362
2822,0.23579458031255,0.0197763196391171
2822.25,0.25844,0.00815553333333325
2822.5,0.0338268404808316,0.00202346009421698
2822.75,0.0321204928104574,0.00214448771241822
2823,0.241409155383623,5.65802707930365e-05
2823.25,0.27100991087344,0.00926266391184571
2823.5,0.271108681567865,-0.00246591026886945
2823.75,0.214946643913538,-0.00814907606045823
2824,0.0392984583961158,0.00269258436296665
2824.25,0.0336499593495935,0.00562408028455276
2824.5,0.0665754744933612,-0.00189134870719773
2824.75,0.180253268851872,0.0193250478237506
2825,0.167259586875466,-0.00455037464578672
2825.25,0.13753772175981,0.00826931343638523
2825.5,0.0374865473145779,0.00527361125319685
2825.75,0.175621756668835,0.00571242810670127
2826,0.197892010376135,0.0178007897103328
2826.25,0.160554666666667,0.0341746666666666
2826.5,0.208139597315436,0.0176445613178767
2826.75,0.210633333333333,0.0271219999999999
2827,0.0314766666666666,0.0019596
2827.25,0.212239950093575,0.0215421175296319
2827.5,0.190257203210815,0.00752081073088293
2827.75,0.154702607817303,0.015597724022837
2828,0.254821532364597,0.0182543157199471
2828.25,0.0475699999999999,0.00671659999999993
2828.5,0.186151,0.0237591199999999
2828.75,0.0470159886605244,0.0144973848334514
2829,0.0370251851851851,0.0114895988676575
2829.25,0.126856867193108,0.00863686202440768
2829.5,0.11108703030303,0.00386820909090908
2829.75,0.133483918206455,0.0204252184281842
2830,0.0676551711026615,0.00861238458808618
2830.25,0.0776859689330277,0.0182751504965623
2830.5,0.0681533291105833,0.0212027324359989
2830.75,0.0383566477304372,0.0145556129211918
2831,0.044446,0.016543
2831.25,0.0389408060708263,0.0106447677908937
2831.5,0.0388606666666666,0.0158093333333333
2831.75,0.0383216015981735,0.0113925254566209
2832,0.0405646666666666,0.0151798
2832.25,0.0411173937777777,0.00959720568888884
2832.5,0.0372324168146832,0.00816939703966835
2832.75,0.0430644160714285,0.0185143826190476
2833,0.0312776427054898,0.00978016924476788
2833.25,0.0346330946579193,0.00948975220243673
2833.5,0.0387429469135802,0.0132351976543209
2833.75,0.0339702786434464,0.00982822999083405
2834,0.0368937819083024,0.00723649244113995
2834.25,0.0428693882132834,0.00910026061739942
2834.5,0.0383762039660056,0.017037139439723
2834.75,0.0388606666666666,0.0177263333333333
2835,0.0362226040868454,0.00850711028097062
2835.25,0.0380990796685786,0.0170785725940089
2835.5,0.0377399221032132,0.00579153521583892
2835.75,0.0381774643320362,0.0180975408560311
2836,0.0374296728215094,0.00787918302559119
2836.25,0.034648,0.0113978666666666
2836.5,0.0386239999999999,0.00620539999999993
2836.75,0.0364707902187902,0.0079838906048905
2837,0.0378193333333333,0.0162684666666666
2837.25,0.038870660268714,0.0144606422264875
2837.5,0.0333392628882484,0.0086928689721421
2837.75,0.0303487052498419,0.00566713691967106
2838,0.0358029684601112,0.00840776994434133
2838.25,0.034270194722475,0.00675963069457073
2838.5,0.0382327570518652,0.000530615711252628
2838.75,0.059929052201808,0.00379471706036738
2839,0.0597352222222222,0.0115497555555555
2839.25,0.0711863937896965,0.00524556217360618
2839.5,0.147774666666667,0.0100062666666666
2839.75,0.124534,0.000425999999999893
2840,0.191119115110611,0.00800902628421445
2840.25,0.141460435512683,-0.00336246766702391
2840.5,0.203789984067977,0.00906416240042479
2840.75,0.208372654792197,0.00915276886174719
2841,0.218206666666667,0.0125906666666666
2841.25,0.221627638483965,0.00780905931324907
2841.5,0.211424453873959,0.00355984158415837
2841.75,0.221410319721431,0.0018433586831275
2842,0.171346666666667,0.000293466666666607
2842.25,0.179688050314465,0.006199237735849
2842.5,0.195389262650602,-0.000531155277108338
2842.75,0.198991153846154,-0.00260583653846146
2843,0.182869234661606,0.010416005376344
2843.25,0.17608,-0.00421266666666661
2843.5,0.178483285577841,-0.00278168099331423
2843.75,0.160854055829228,-0.0042389774712643
2844,0.141597547858099,0.0304673641231593
2844.25,0.165082922105263,0.0122390696842105
2844.5,0.129313104843002,0.00509073400745071
2844.75,0.0843515250944414,0.00835950091743116
2845,0.140358148342977,0.0174715176573732
2845.25,0.166637375661376,0.00529121552028214
2845.5,0.1893426943881,0.0163111338742393
2845.75,0.198734421903348,0.000418863697839337
2846,0.233124218622157,0.00994442660775648
2846.25,0.228367098228663,-0.00492268495974234
2846.5,0.206945071360609,-0.00393053568030447
2846.75,0.260241585903084,0.023985836514929
2847,0.0380666709233791,0.00490715709561221
2847.25,0.0317923000987167,0.00187456821322794
2847.5,0.0337237630662021,0.00132045156794425
2847.75,0.0856102143569292,0.0217445227650382
2848,0.0390816664992465,0.00267773058764435
2848.25,0.0336499593495935,0.00562408028455276
2848.5,0.0665754744933612,-0.00189134870719773
2848.75,0.0713619486057954,-0.0014973689083287
2849,0.14872704642272,0.00575732834516654
2849.25,0.196906666666667,0.0184315999999999
2849.5,0.151466666666667,0.0139917333333332
2849.75,0.03030836829559,0.00356959989272939
2850,0.033707808716707,0.00413192493946725
2850.25,0.168406603325416,0.0102463118764845
2850.5,0.201529555555556,0.0124672647222222
2850.75,0.205416382853787,0.0330555098845175
2851,0.331333333333333,0.04686
2851.25,0.206846666666667,0.0117576
2851.5,0.253233333333333,0.0202728666666666
2851.75,0.165340089450461,0.00544660850381065
2852,0.167717481203008,0.00949611654135332
2852.25,0.21584,0.022578
2852.5,0.251972877280265,0.0123055422056385
2852.75,0.060167619047619,0.00885485714285712
2853,0.0395233333333333,0.0137929333333333
2853.25,0.108782142857143,0.0114185700280111
2853.5,0.129882666666667,0.0134332
2853.75,0.120490680741262,0.0118689482524044
2854,0.0407894657004831,0.015252329758454
2854.25,0.0834486666666666,0.0147618466666666
2854.5,0.0438306666666666,0.00985006666666657
2854.75,0.040483875584916,0.0159523495733552
2855,0.0406665642719515,0.0157193726396916
2855.25,0.0350442258064516,0.0123104075268817
2855.5,0.0377426320046216,0.0176385164644713
2855.75,0.0382453333333333,0.0181286666666666
2856,0.0345225919335705,0.00744836743772233
2856.25,0.038242905982906,0.0181238119658119
2856.5,0.041879662835249,0.00799219357500729
2856.75,0.0360526282165039,0.00687889831410825
2857,0.0386497722419928,0.0115287829181494
2857.25,0.0416440310786105,0.0154163455210237
2857.5,0.0355614006230529,0.00979404479127722
2857.75,0.0387333132075471,0.00956466006289304
2858,0.0386344683825866,0.0124273418493803
2858.25,0.035358,0.0121362666666666
2858.5,0.0369673333333333,0.00841586666666664
2858.75,0.0314008389241462,0.0104800299909338
2859,0.0371298170173832,0.0135194263494968
2859.25,0.0370756893321244,0.00942498071925048
2859.5,0.0345533333333333,0.00938146666666657
2859.75,0.0392980457038391,0.014882184095064
2860,0.0391331367521367,0.0143882973748473
2860.25,0.0378534663056558,0.0138717083032491
2860.5,0.0399493333333333,0.0167465333333333
2860.75,0.0327840958370769,0.0106358808026355
2861,0.0329778779515485,0.00953712670959827
2861.25,0.041464,0.0166518666666666
2861.5,0.0335593333333333,0.00875193333333325
2861.75,0.0276206966911764,0.00332016882352941
2862,0.0319525818181818,0.00779795151515151
2862.25,0.0377246666666666,0.00969481333333332
2862.5,0.0311926666666666,0.0059214
2862.75,0.04860447,0.0188591028333332
2863,0.110334,0.0116014
2863.25,0.0875846147501213,0.00448151586608439
2863.5,0.141302438618926,0.0129728016197782
2863.75,0.189446842525979,-7.53051199040766e-05
2864,0.185073333333333,0.00572733333333325
2864.25,0.177026666666667,0.00318079999999993
2864.5,0.257360193036884,0.0204847359531195
2864.75,0.209213333333333,0.00385766666666664
2865,0.24424,0.0118428
2865.25,0.22152,0.00780526666666657
2865.5,0.192646666666667,0.014413
2865.75,0.0967494948018193,0.00609460493827153
2866,0.221993333333333,0.00365413333333332
2866.25,0.217587640661938,0.0134894897399526
2866.5,0.0948086666666666,-0.00205899999999996
2866.75,0.13976493873704,-0.00056853534401505
2867,0.183094201405152,0.0036145728649492
2867.25,0.17591302038881,-0.00420867172435587
2867.5,0.227419623006283,0.0224576877718704
2867.75,0.155708215475024,0.00806007855044066
2868,0.141526429049531,0.0304520615796519
2868.25,0.120383450696954,0.00366549137842021
2868.5,0.132220641896674,0.00635475375088463
2868.75,0.147372558016878,0.005213274859353
2869,0.124603535951228,0.014222088040165
2869.25,0.165678687830688,0.00526077442680768
2869.5,0.135748944672131,-0.00132147925546445
2869.75,0.203740597420231,0.0209900196877121
2870,0.164044151898734,0.0121963260759494
2870.25,0.150687995920449,0.00346491585925543
2870.5,0.0782627651403249,-0.00583059970457895
2870.75,0.240108744762862,0.010785912585889
2871,0.196334024266936,0.0166197934277047
2871.25,0.18884415821501,-0.00438297401622715
2871.5,0.192142578680203,0.00107543880203037
2871.75,0.180130645778938,-0.00558684997737158
2872,0.184103846552618,0.00745338786936228
2872.25,0.176089039787798,-0.00236228739168876
2872.5,0.0293150771986387,0.00258057925129853
2872.75,0.0317133333333333,0.00344179599999996
2873,0.137199849549031,-0.00290701604298594
2873.25,0.0278593329314848,0.00138352280490246
2873.5,0.0277220470438652,0.00144405785123959
2873.75,0.121524699599466,0.00236508678237646
2874,0.156570190915076,0.0148812634628044
2874.25,0.166566,0.00300377333333329
2874.5,0.127247484510533,0.00322265510119775
2874.75,0.186734698097601,0.0169668564929693
2875,0.252613757151939,0.0149051613477431
2875.25,0.328757931472081,0.0231313134517766
2875.5,0.0964093910726182,0.00503503051299131
2875.75,0.0406788994997726,0.019251525693497
2876,0.0429229376163872,0.014857939944134
2876.25,0.0399172655845683,0.0154429325805692
2876.5,0.137093179413179,0.0109370735930735
2876.75,0.0431515782312925,0.0143054305150631
2877,0.16046,0.0256120666666666
2877.25,0.110949333333333,0.00879926666666664
2877.5,0.0453798427194317,0.0126855134449517
2877.75,0.106567243386243,0.0110914997883598
2878,0.0422137720979765,0.0138370002129924
2878.25,0.0399631966527196,0.00840409472803339
2878.5,0.0357347372072853,0.0087984333044232
2878.75,0.037696719858156,0.00818896040189125
2879,0.0372374267744833,0.00755171224917639
2879.25,0.0392518144768856,0.00829176782238435
2879.5,0.0386239999999999,0.00974119999999993
2879.75,0.0396441238615664,0.00839998542805095
2880,0.0329388541080912,0.0104814099343954
2880.25,0.0365071506080449,0.00730615902712814
2880.5,0.0358429887218045,0.00838716416040098
2880.75,0.040158480620155,0.00879706951937983
2881,0.0403844238410595,0.00792083254493842
2881.25,0.0335579372026641,0.00868919302251818
2881.5,0.0434245383867832,0.00820398445092319
2881.75,0.0315405920155793,0.00666750146056465
2882,0.0369750602802215,0.0152516235907461
2882.25,0.0378023788027478,0.0155834525351651
2882.5,0.0317291899999999,0.00814874099999989
2882.75,0.0388837105263157,0.0163036217273954
2883,0.0380257298031229,0.0161692016293279
2883.25,0.0312737676975945,0.00671578020618547
2883.5,0.0389696502057613,0.0172080528120713
2883.75,0.0323954614325068,0.00901191460055094
2884,0.0315294936096718,0.00669644531951634
2884.25,0.0325189456712232,0.00762430998948473
2884.5,0.0482156926229508,0.00925308954918031
2884.75,0.0474753333333333,0.00777213333333325
2885,0.0383322661151327,0.0164226989314029
2885.25,0.0362489228650137,0.0148436746556473
2885.5,0.0282981868321268,0.00258149734574275
2885.75,0.0280130378006873,0.0046245252233676
2886,0.0323015510887772,0.0112627839932998
2886.25,0.0224845916837082,0.000746337286980164
2886.5,0.0226924252991452,0.000458615822222132
2886.75,0.0267433333333333,0.00446022
2887,0.0322919295454545,0.00647729772727262
2887.25,0.0271523970473969,0.0044188259518259
2887.5,0.0884305,0.0152548571428571
2887.75,0.0254852483114818,0.00599680611839483
2888,0.0278040582447854,0.00774143093270356
2888.25,0.0216900400471142,0.00462812956419307
2888.5,0.0206797270642202,0.00460158165137612
2888.75,0.0204004470224284,0.00347173526682134
2889,0.0266588289322617,0.00616485419058546
2889.25,0.0279456,0.00806696319999996
2889.5,0.0281253256968308,0.00828734555173724
2889.75,0.0329343489881633,0.00523632455135546
2890,0.0352654897494305,0.0060407145026575
2890.25,0.037488,0.00588305999999989
2890.5,0.0506368478015783,0.00579841551296496
2890.75,0.0264653042813455,0.00594834743119258
2891,0.0849605158730158,0.00110879870129866
2891.25,0.0260428,0.0033585250273224
2891.5,0.0380790228509249,0.00604225194051503
2891.75,0.0263075296655879,0.00538497087378635
2892,0.025581220166848,0.00363874047152693
2892.25,0.0300857869565217,0.00354700565217388
2892.5,0.0272311409155937,0.00592337560801138
2892.75,0.0318813132832079,0.00475060639026135
2893,0.0308885128205128,0.00501528205128196
2893.25,0.0266237081513827,0.00513832787481802
2893.5,0.0265731837742504,0.00608535365079355
2893.75,0.0274943189017951,0.00628242787750791
2894,0.0275812224546722,0.00655465167364011
2894.25,0.0265342143622721,0.00486857577706316
2894.5,0.0423074029227557,0.00756785887265126
2894.75,0.026838,0.00529896666666661
2895,0.026263238095238,0.00461826760534426
2895.25,0.0235009286432161,0.000833903919597904
2895.5,0.0445604741322855,0.00779220117878187
2895.75,0.0429356449783115,0.00807171211211203
2896,0.0431557157569516,0.00734787847579811
2896.25,0.0259572550607287,0.00421814765587034
2896.5,0.0419056316872427,0.00757066474622763
2896.75,0.0285075254787406,0.0047528197338526
2897,0.0278395228693649,0.00557027591312924
2897.25,0.0227647244094488,0.00367555446194222
2897.5,0.0257399220272904,0.00335371890838207
2897.75,0.0256661160275319,0.00375919285480162
2898,0.021333552172534,0.00205258230256893
2898.25,0.0364150017331022,0.0132715611785095
2898.5,0.0251762205344585,0.00362117175808715
2898.75,0.0340222831125827,0.0114166824503311
2899,0.0254439338935574,0.00389462445378141
2899.25,0.0247864863945578,0.00308760646258501
2899.5,0.0271206728971962,0.00600590146134231
2899.75,0.0327000170794193,0.00646472280102471
2900,0.034211249717514,0.0112462395480225
2900.25,0.0419717139639639,0.00999416148648639
2900.5,0.0383873333333333,0.0161643333333332
2900.75,0.0353106666666666,0.0110902
2901,0.037832311827957,0.0162559971326165
2901.25,0.0352165885139135,0.0105555351095322
2901.5,0.0412329895178197,0.00719677178796042
2901.75,0.0356893333333333,0.0115446
2902,0.0386713333333333,0.0157998666666666
2902.25,0.0320326253469009,0.00711048689485034
2902.5,0.034825204440333,0.00930105254394075
2902.75,0.0306438863428047,0.00552819492820042
2903,0.035186554008047,0.00782450324976783
2903.25,0.0354817478474784,0.00761605559655594
2903.5,0.0350266666666666,0.0144461333333333
2903.75,0.0391077257909875,0.0168807957174816
2904,0.0309916349809885,0.00607549429657786
2904.25,0.0379864240687679,0.0156830342566061
2904.5,0.038298051625239,0.0160164053537285
2904.75,0.0375111100658513,0.00810922859830667
2905,0.0339853333333333,0.00750706666666657
2905.25,0.0334370210560414,0.0138409290573371
2905.5,0.0436363654033042,0.00824400388726913
2905.75,0.0316020746510872,0.0066804985394352
2906,0.0404311612284069,0.00835577332053736
2906.25,0.033367291302942,0.0134507468477206
2906.5,0.0351343557723577,0.00876703843902433
2906.75,0.0325026574712643,0.00719227901477829
2907,0.0322811484374999,0.00995807356770829
2907.25,0.0365052609410989,0.00725849424152681
2907.5,0.0373988633663366,0.0143132625742574
2907.75,0.033998634,0.0103887342
2908,0.0329913333333332,0.0113069866666666
2908.25,0.039420286185295,0.0153985492911309
2908.5,0.0340061485943774,0.0137779444444444
2908.75,0.0360788531986532,0.00777846835016833
2909,0.032944,0.00686333333333329
2909.25,0.0391059479063633,0.00681871546323767
2909.5,0.0326599999999999,0.00862271333333329
2909.75,0.0375353333333333,0.0146212666666666
2910,0.0406929003984063,0.0165380120849933
2910.25,0.0407066666666666,0.0156578666666666
2910.5,0.0252286666666666,0.0035358
2910.75,0.0291192729044834,0.00604095126705653
2911,0.0282003479999999,0.00806131159999993
2911.25,0.049365472392638,0.012043473006135
2911.5,0.0242657291666666,0.00166053715277776
2911.75,0.0233126335927367,0.00362598933852138
2912,0.0280686666666666,0.00634834666666657
2912.25,0.0505046666666666,0.00501733333333332
2912.5,0.0258247708333333,0.00478802644531243
2912.75,0.0366126525369299,0.00319970962106611
2913,0.0421643133750372,0.001691310098302
2913.25,0.038985225863596,0.00185417537643931
2913.5,0.0198207909199522,0.000270283512544782
2913.75,0.0245709890758784,0.000333974608798263
2914,0.0292597278911564,0.00477346201814049
2914.25,0.0321866666666666,0.00211059333333325
2914.5,0.173183738156761,0.00478634177433237
2914.75,0.018855852932761,-0.00256097629756794
2915,0.032535038337723,0.00204344524436636
2915.25,0.0389558213058418,0.00599136712485674
2915.5,0.0406564486409156,0.00836876898426317
2915.75,0.0337679302325581,0.00348556926910299
2916,0.0741236519607842,0.000503570206971596
2916.25,0.0290143221035333,0.00537826458504518
2916.5,0.0219340324232081,0.000928524914675718
2916.75,0.0281410365093499,0.00672731849213413
2917,0.0242765589167386,0.00157465726879852
2917.25,0.029863704713231,0.00470164338444061
2917.5,0.0204662245989304,0.000952247950089106
2917.75,0.0192888573959256,-0.000109541659285446
2918,0.0215447563636363,0.000411051272727234
2918.25,0.0261744911032028,0.00192515278766303
2918.5,0.19171472212176,0.0102424882459312
2918.75,0.0200914605377277,0.000883454293148205
2919,0.0261825138041267,0.00232317117117108
2919.25,0.0614156211161388,-0.000816818268476529
2919.5,0.185664075192422,0.00953666198934279
2919.75,0.0415113333333332,0.00245754666666661
2920,0.0262939193357057,0.00261993368920517
2920.25,0.0353740565371025,0.00296990742049466
2920.5,0.0372707935368043,0.00464699461400357
2920.75,0.0274176264949401,0.00131068482060717
2921,0.0266508241860465,0.0014842896744186
2921.25,0.052865262780269,0.000970133811659146
2921.5,0.0267487091412742,0.00531166537396119
2921.75,0.0258431282995703,-0.000578007120932998
2922,0.0358483893108298,0.00615759932489449
2922.25,0.0359549959644874,0.00734258810868977
2922.5,0.0261925524741707,0.00169104471995647
2922.75,0.0443889705499087,0.0137936364868386
2923,0.0824622974195264,0.00806593242883744
2923.25,0.0360262330043859,0.0108598081140351
2923.5,0.032964067768595,0.0100741407107437
2923.75,0.0363242597257206,0.00756676787013705
2924,0.0493811228070175,0.0152524335921771
2924.25,0.0343051575342465,0.0123895486301369
2924.5,0.040839766722878,0.00834264367622249
2924.75,0.0352794459180665,0.0110803943412908
2925,0.0368678696562032,0.00980940245141997
2925.25,0.0328538248175182,0.00788302980535273
2925.5,0.037679907219662,0.0144683298310291
2925.75,0.0355616434108527,0.011503295527728
2926,0.0325824976873265,0.00791154116558741
2926.25,0.0321048444444444,0.0091192933333333
2926.5,0.0385098273471959,0.0153230079395085
2926.75,0.0379004698944754,0.00830624636871499
2927,0.0347673817153629,0.0105103019792648
2927.25,0.0470438241189783,0.00724408431943095
2927.5,0.0390876567020251,0.0162415135969141
2927.75,0.0489433586744639,0.00861384087069518
2928,0.0389417105691057,0.0163179842601625
2928.25,0.0469661888997078,0.00869952560856862
2928.5,0.0479515646258503,0.00840325364431481
2928.75,0.0318873165997322,0.00687022423025427
2929,0.0476935296074517,0.00771006620093142
2929.25,0.0393636701607267,0.0077148967155834
2929.5,0.0460134433333333,0.00848127186666661
2929.75,0.0470909466263846,0.00869191104397446
2930,0.0480717524386142,0.00892159300369994
2930.25,0.037677284130284,0.00770301781011773
2930.5,0.0383899079497907,0.00667629735006965
2930.75,0.0315761296485841,0.00691957618560213
2931,0.0372831875219067,0.00784785173501576
2931.25,0.0372561119376549,0.00747941112291882
2931.5,0.0352831136842105,0.00616408547368418
2931.75,0.030567104519774,0.00612279731638408
2932,0.0314568983351044,0.00600540786397446
2932.25,0.0377186497175141,0.00907955120056495
2932.5,0.0352717625570776,0.00655309799789244
2932.75,0.0317105460385439,0.00719711948608129
2933,0.0397255078864353,0.00849876719242897
2933.25,0.0279693516367475,0.0045117393593805
2933.5,0.0302927398119122,0.00729951222570527
2933.75,0.0286781453529,0.00347329419986014
2934,0.0325329849246231,0.0113434794773869
2934.25,0.0254397142857142,0.00354642857142851
2934.5,0.0225075582905982,0.000454879644444405
2934.75,0.0222514285714285,-0.000296999999999979
2935,0.0271298085539714,0.00363691209775963
2935.25,0.0257183076923077,0.00092414769230769
2935.5,0.0257788285605192,0.00194469037953416
2935.75,0.0211332538011695,0.00363898555945412
2936,0.0244884862385321,0.00517158788990816
2936.25,0.0293727027234368,0.00934499439969309
2936.5,0.0831245589970501,0.00918993421828903
2936.75,0.022294,0.000804666666666607
2937,0.0721107142857142,0.000775485714285633
2937.25,0.0294542953846153,0.00459126536752127
2937.5,0.0352781401709401,0.00725156473162386
2937.75,0.0333561567839196,0.00715451658291451
2938,0.023688371204367,0.000136845172296042
2938.25,0.0874128584571833,0.00433019603680107
2938.5,0.0310224291845493,0.00455375107296127
2938.75,0.0304863430420712,0.00294416396979498
2939,0.0849605158730158,0.00110879870129866
2939.25,0.0353823204419889,0.00563286541436456
2939.5,0.0257297957446808,0.00505048680851056
2939.75,0.0257966666666666,0.00484788
2940,0.0415699435736677,0.00669648852664568
2940.25,0.0363226513569937,0.00550138830897698
2940.5,0.0268581115879827,0.00584223347639485
2940.75,0.0312456942355889,0.00465589335624769
2941,0.0314630256410256,0.00510856410256409
2941.25,0.0264510138282386,0.00510499818049484
2941.5,0.0261579777777777,0.00527348555555552
2941.75,0.0240626301969365,0.00493794901531724
2942,0.0265935737704917,0.00631122491803274
2942.25,0.0322998574137277,0.00703726583238528
2942.5,0.0310532338983051,0.00536722561205268
2942.75,0.023700987058412,0.00442846295907655
2943,0.0308669082672706,0.00460553869384667
2943.25,0.0273239882556131,0.00614906107081174
2943.5,0.0246156144578312,0.00477393734939749
2943.75,0.0276822067340067,0.00702159878787878
2944,0.0306353854375417,0.00745762325317295
2944.25,0.0270363535450753,0.00437889144754566
2944.5,0.0274747230320699,0.00554190994493029
2944.75,0.0230007716938841,8.53636887608062e-05
2945,0.0254179999999999,0.00326126666666664
2945.25,0.0263330009970089,0.00426566301096703
2945.5,0.0264109113333332,0.00411733212666661
2945.75,0.0257931760078662,0.00377780272041943
2946,0.0270824621959237,0.00505664894148576
2946.25,0.0330723461538461,0.00841364304029303
2946.5,0.0270042844284428,0.000558088544854413
2946.75,0.0322517086247085,0.0041893972027971
2947,0.0255932089994078,0.00185132184724681
2947.25,0.0368146971053417,0.00498304738883915
2947.5,0.0380991240169389,0.00294151840290381
2947.75,0.0481110780669144,0.0105911192688971
2948,0.0479935624219724,0.00909650936329585
2948.25,0.0482986589371981,0.00742314718196451
2948.5,0.0373326184812442,0.0139200014638609
2948.75,0.0382682694106641,0.0148726558154038
2949,0.039064553894081,0.0161242150155763
2949.25,0.0389136052631578,0.0150189556390977
2949.5,0.0386951354961832,0.0154028267175572
2949.75,0.0387619249448123,0.015046500914538
2950,0.0350769500775194,0.0115958036589146
2950.25,0.0396847682119204,0.0169746871649322
2950.5,0.0478994051083091,0.00837528212091817
2950.75,0.0457353692810457,0.00721121013071891
2951,0.0486481429512515,0.00883829328063233
2951.25,0.0478989805068226,0.0075037081221572
2951.5,0.0473341760633036,0.00951407490933064
2951.75,0.0464221900990099,0.00765918475247522
2952,0.0318714257228315,0.00689754735792622
2952.25,0.0319939321357284,0.00665756087824346
2952.5,0.030775119047619,0.00666794246031742
2952.75,0.0314395508701472,0.00677375167336011
2953,0.0478872089155023,0.0077413761144377
2953.25,0.0389144996505939,0.00762686366177493
2953.5,0.0369697670514165,0.00719640503672607
2953.75,0.0363958216649251,0.0073489772901428
2954,0.0367186973180076,0.00779694252873556
2954.25,0.0362832633402633,0.00741801406791404
2954.5,0.0370018430962342,0.00643490230125515
2954.75,0.0358388331584469,0.00665310975865685
2955,0.0370469688047668,0.0077981293375394
2955.25,0.0370566680835989,0.00743937144881325
2955.5,0.035510014736842,0.00620372589473684
2955.75,0.030501720338983,0.00610970042372879
2956,0.0315244024087849,0.00601829500531342
2956.25,0.0374755649717513,0.00902103637005643
2956.5,0.0351569954337899,0.00653177555321382
2956.75,0.0315395074946466,0.00715830007137755
2957,0.0398969232386961,0.00853543932702409
2957.25,0.0278487940865891,0.00449229220696932
2957.5,0.0270020991675714,0.00649381469417296
2957.75,0.034138037870668,0.00704510753840652
2958,0.0266680753138075,0.00471514267782427
2958.25,0.0269860152777777,0.00667021826388885
2958.5,0.0342943509513742,0.00551176152219873
2958.75,0.0279002908567314,0.00434528178545707
2959,0.0267886944444444,0.00467733454861108
2959.25,0.026817469879518,0.00580574698795174
2959.5,0.0278584028605483,0.0081578689709972
2959.75,0.0248748232022249,0.00585317004370273
2960,0.0266344163715073,0.00741576977567881
2960.25,0.0209810435806831,0.00447684687868077
2960.5,0.0201633486238532,0.00448667889908252
2960.75,0.0206698406805877,0.00351758051044082
2961,0.0277859252408477,0.00861635206165695
2961.25,0.0272315428571428,0.0078608387047619
2961.5,0.0271510072546773,0.0080002550591828
2961.75,0.032218384879725,0.0051224914089347
2962,0.0269140791476408,0.00674229832572295
2962.25,0.0258841304347825,0.00663253188405794
2962.5,0.0258318577374195,0.00743665228906537
2962.75,0.024601120030581,0.00552935298165132
2963,0.0229812909441232,0.0038359425818882
2963.25,0.0240547678369195,0.00482832163080404
2963.5,0.0309037461393596,0.00637140361581919
2963.75,0.0317549691358024,0.00655358487654314
2964,0.0304389743589743,0.00587103247863242
2964.25,0.0303537648456056,0.0054912288202692
2964.5,0.0343071552403466,0.0068277494089834
2964.75,0.0271995214814814,0.00608672218518515
2965,0.0262474353288987,0.00536157575757572
2965.25,0.0304220535506402,0.00507510314318971
2965.5,0.0304818925233645,0.00452389992211831
2965.75,0.0238480247994164,0.0048939093362509
2966,0.026535635701275,0.00629747497267753
2966.25,0.0321904899507015,0.00701343761850579
2966.5,0.0306026847457626,0.00528935291902064
2966.75,0.0317171243325706,0.00543094759725391
2967,0.0251346931659692,0.0055433423291492
2967.25,0.0271800262521589,0.00611666348877365
2967.5,0.0239381204819277,0.00464254457831315
2967.75,0.0274287582491582,0.00695731151515144
2968,0.0428458798489529,0.00729512447648468
2968.25,0.0261430431848852,0.00424833889676108
2968.5,0.0255719291497975,0.00338981116059373
2968.75,0.0258564586241276,0.00398180043336649
2969,0.025269211707317,0.00324217632520316
2969.25,0.0411398486082823,0.00517227528852676
2969.5,0.0387430258997645,0.00503659336696937
2969.75,0.0400165409060175,0.00685188884381339
2970,0.0268219901960784,0.00488017803921566
2970.25,0.0416742402826854,0.00427137338044757
2970.5,0.0332941857549857,0.00848907150997141
2970.75,0.034771886739557,0.00454308438463694
2971,0.0252727383753501,0.00386842008403351
2971.25,0.0248703662131519,0.00309805521541945
2971.5,0.0377409237693389,0.0113649490295358
2971.75,0.0363854631961936,0.00757951726840181
2972,0.0350808031358885,0.0150560983739837
2972.25,0.0336628355555555,0.00792371359999993
2972.5,0.0372500766961652,0.0102977227138642
2972.75,0.0371894905771495,0.00841382614840979
2973,0.0376974372759856,0.0161980434886498
2973.25,0.0396485175438596,0.0153025997493734
2973.5,0.0374707680491551,0.0143880245775729
2973.75,0.0387619249448123,0.015046500914538
2974,0.0347840998449611,0.0114989926821705
2974.25,0.0321513746530989,0.0071368464384828
2974.5,0.0357172536647546,0.0113952782664117
2974.75,0.0393856733524355,0.0165610788920726
2975,0.0378262834293026,0.0147253999999999
2975.25,0.0401066761723701,0.0176977173637516
2975.5,0.0390876567020251,0.0162415135969141
2975.75,0.0392585752636625,0.016945909683605
2976,0.0463435428194993,0.00765470737812904
2976.25,0.04534767888999,0.00784954608523288
2976.5,0.0483800215488215,0.00838808821548821
2976.75,0.0449805134328358,0.00723640477611939
2977,0.0468116815328708,0.00799778526593987
2977.25,0.0440382772277227,0.00702581320132005
2977.5,0.0460982734530937,0.00817995109780433
2977.75,0.0472868452380952,0.00748590753968247
2978,0.0393428374063213,0.00710724574780053
2978.25,0.0345334156138646,0.0123252642047294
2978.5,0.0340326666666666,0.00833066666666664
2978.75,0.0358786666666666,0.00925839999999996
2979,0.0362920625798212,0.0085234230523627
2979.25,0.0320446666666666,0.00960866666666664
2979.5,0.0392866666666666,0.0103092
2979.75,0.0388345908183632,0.0167302075848303
2980,0.0392474584165003,0.0169567934797072
2980.25,0.0385076626506024,0.0162949704819276
2980.5,0.0478498053037932,0.00680740087277601
2980.75,0.0384968098159508,0.0164680797546011
2981,0.0369554274028629,0.0147821709611451
2981.25,0.0365459371833839,0.0140327028031071
2981.5,0.044860987755102,0.00800068571428566
2981.75,0.0341615290581162,0.00421688777555105
2982,0.0300272282076395,0.00273413281096958
2982.25,0.0282384057686004,0.00635364129793501
2982.5,0.0467162434895833,0.00267220703124996
2982.75,0.0519714774609015,0.00045398196872121
2983,0.030644690742333,0.00576673029521348
2983.25,0.0390197286821705,0.00167430108527128
2983.5,0.095992,0.00410461418853252
2983.75,0.111903388007055,-0.0016021243915343
2984,0.106336884758364,0.0192175092936803
2984.25,0.0350920117994099,0.00435131563421819
2984.5,0.144548228018178,0.00903486433511156
2984.75,0.0352377285051068,0.00510759628597956
2985,0.0966665783664458,-0.00194091325974981
2985.25,0.048369023948909,0.0183886901543374
2985.5,0.0359443659305993,0.00546050473186118
2985.75,0.106442579635363,-0.00469808978328171
2986,0.102656605232067,-0.00392941681012653
2986.25,0.137005484631148,0.0108448862704917
2986.5,0.126828563918757,0.00638411544632184
2986.75,0.125467473041709,0.00766824075957943
2987,0.18631984063745,0.00763629043824699
2987.25,0.212173083832335,-0.00279618832335322
2987.5,0.0940470690690691,0.00315233603603599
2987.75,0.0846846395502645,-0.00308460251322745
2988,0.110504835805627,0.00456772235294108
2988.25,0.126159532182104,0.00517553218210361
2988.5,0.128175652114364,0.0112373174456428
2988.75,0.183170389170897,0.0163761920473773
2989,0.165382666666667,0.0218206666666666
2989.25,0.144246883868808,0.0171733744979919
2989.5,0.226706077433287,-0.0093546086688261
2989.75,0.190750930626057,-0.00303892413987591
2990,0.0736308712759977,-0.00101361978639678
2990.25,0.211965635511442,0.00836507240143363
2990.5,0.02723015970211,0.0032241265480623
2990.75,0.174862745098039,0.000883921568627407
2991,0.173050472279261,-0.00152189593429153
2991.25,0.18688512605042,0.0108858214285714
2991.5,0.190034413735343,0.00130147638190947
2991.75,0.197770341163311,-0.00733358920581651
2992,0.195281644309823,0.0155564942737631
2992.25,0.231730476190476,0.0120950834467119
2992.5,0.0273049369369369,0.00252429434234231
2992.75,0.251930664785199,0.0146857143618689
2993,0.251653734738251,0.0245043692925238
2993.25,0.0332043967828418,0.00234612780697048
2993.5,0.145809645584046,0.0748432778727445
2993.75,0.0292993333333333,0.002556
2994,0.0347227909992372,0.0029329877955758
2994.25,0.0446826666666666,0.00350124666666661
2994.5,0.244616133410898,0.020542088423502
2994.75,0.224833333333333,0.0144319333333333
2995,0.331333333333333,0.04686
2995.25,0.316742932061978,0.0546928486293205
2995.5,0.0288733333333333,0.00536286666666661
2995.75,0.217392880733945,0.00198921590214064
2996,0.226312680056807,0.0119298437817001
2996.25,0.278018707946336,0.0193239578947368
2996.5,0.139302,0.0137550666666666
2996.75,0.24992,0.0223839333333333
2997,0.0424792098116513,0.0127154749014454
2997.25,0.153518316268487,0.00816859151763358
2997.5,0.177352784751278,0.0208719700139469
2997.75,0.137047424154589,0.0138186716908212
2998,0.0780241563486282,0.00620969895605727
2998.25,0.0992230160401002,0.0117263564411027
2998.5,0.0682073333333333,0.0212195333333333
2998.75,0.0362864089815557,0.0102179874899759
2999,0.043878,0.0133338
2999.25,0.0368726666666666,0.0104512
2999.5,0.044465871256647,0.0170066600055975
2999.75,0.0393194876079086,0.0116537276524644
3000,0.0379428507936507,0.0153661458008658
3000.25,0.035358,0.0107541333333333
3000.5,0.0360839425587467,0.0113737530316216
3000.75,0.0447773333333333,0.0162353333333333
3001,0.0323475,0.0119094604166666
3001.25,0.0307947128532361,0.00913465936189598
3001.5,0.0402589328493647,0.0170329901996369
3001.75,0.036980298359641,0.0138416027236149
3002,0.0444805830258302,0.00865427121771217
3002.25,0.0388960266909311,0.0138291719745222
3002.5,0.0327369059674503,0.0125262488245931
3002.75,0.041464,0.0145881333333332
3003,0.0381979999999999,0.0158708666666666
3003.25,0.0357047499999999,0.0123141083333333
3003.5,0.03763,0.0148153333333333
3003.75,0.0335885407600812,0.00730041485349571
3004,0.0390973333333333,0.0143751333333332
3004.25,0.0347746875576036,0.00967911262672803
3004.5,0.041208487250384,0.0140364927803379
3004.75,0.0350118722480619,0.00868427088372092
3005,0.035784,0.0141621333333333
3005.25,0.0354672509225092,0.0116143424354243
3005.5,0.0317429996881821,0.0111654816962893
3005.75,0.0317312586419753,0.0107063441975308
3006,0.0318369163636363,0.00776972363636358
3006.25,0.0280686666666666,0.00769639999999993
3006.5,0.0311660062678062,0.00591633897435891
3006.75,0.0346390554203839,0.00826044595836706
3007,0.1031058667676,0.00705386343679026
3007.25,0.0682518307180218,0.0114903185924869
3007.5,0.12376179483871,0.0126129988387096
3007.75,0.0980827059503177,-0.00145970421721544
3008,0.167276373333333,0.00930995199999995
3008.25,0.186218104366347,0.00707439261625838
3008.5,0.204953333333333,0.0163252666666666
3008.75,0.193973633748801,0.00112126222435281
3009,0.154875720470006,-0.00679615337043903
3009.25,0.154642936343115,-0.00702922437923244
3009.5,0.145830944224857,-0.00675974879227046
3009.75,0.247404393873085,0.00946961645514219
3010,0.155387096961768,0.0323054025294374
3010.25,0.291062930526316,0.0144776682947368
3010.5,0.287870254060808,0.00927111553519362
3010.75,0.233447808367071,0.0162277005937921
3011,0.214816015169985,0.00138299691182443
3011.25,0.268896775738228,0.0255664596967278
3011.5,0.229856774193548,0.0110104232576662
3011.75,0.197765062028048,0.00913306432038831
3012,0.177857490713991,0.0070907111019397
3012.25,0.171879206984668,0.00114302742759793
3012.5,0.140854906700594,0.0159844445858071
3012.75,0.137976666666667,0.0147396
3013,0.14311232354158,0.00476898960970891
3013.25,0.13320239897767,0.00198880225988699
3013.5,0.264891535104128,0.0230074530490085
3013.75,0.358121400915171,0.0214398507567758
3014,0.23818846934071,0.0381481134163208
3014.25,0.431524048957989,0.0524903023486602
3014.5,0.347992115768463,0.000617175648702554
3014.75,0.263668049281314,0.0355337586128222
3015,0.372790747247599,0.0433888334504568
3015.25,0.371304214665741,0.0275650971547536
3015.5,0.39902,0.0447299999999999
3015.75,0.0449039972686923,0.00326488494366676
3016,0.404034694541231,0.070244249941928
3016.25,0.067609945054945,0.00458292429792429
3016.5,0.365728829506963,0.0442177952578095
3016.75,0.254339662816939,0.0592362246117084
3017,0.230812960716349,0.00238064374061229
3017.25,0.156173088071349,0.00466145813027548
3017.5,0.242346666666667,0.031098
3017.75,0.245566997587039,0.0347491523612547
3018,0.209657051961824,0.0929700954400848
3018.25,0.0330455953947368,0.00219513782894731
3018.5,0.0292653610503282,0.0030160758570386
3018.75,0.0339095052807115,0.00488277932184544
3019,0.351103760589319,0.0367170419889502
3019.25,0.365413333333333,0.0405173333333333
3019.5,0.272648327657964,0.00708791146424517
3019.75,0.15057277394636,0.0078561772030651
3020,0.252613895953757,0.0112493603853564
3020.25,0.0520522901124925,0.00919543181369644
3020.5,0.07668,0.00570177333333325
3020.75,0.0408265348980852,0.0151607584928968
3021,0.11139693374613,0.0160843531888544
3021.25,0.0401603875079669,0.0141105342681113
3021.5,0.0401062024432809,0.0132103368237346
3021.75,0.127857661173368,0.0108842204350692
3022,0.0989266666666666,0.00885133333333332
3022.25,0.0394661773921426,0.015644676307544
3022.5,0.050299040553907,0.0160684025717112
3022.75,0.0447299999999999,0.0149952
3023,0.0430593018575851,0.0156036678018575
3023.25,0.0477593333333333,0.0153502
3023.5,0.0454873333333333,0.0162684666666666
3023.75,0.0434642532258064,0.0139331545161289
3024,0.038908,0.0146070666666666
3024.25,0.0416389535864978,0.0143882548523206
3024.5,0.0451859075342465,0.0104785787671233
3024.75,0.045724,0.00967966666666657
3025,0.0373614005123825,0.0125799146029035
3025.25,0.0378520773448773,0.0162967642135642
3025.5,0.0422574199430199,0.014553228034188
3025.75,0.0366046066838046,0.0112036580405598
3026,0.0419695611594203,0.0151449215072463
3026.25,0.0420524346549192,0.0162445247577092
3026.5,0.0372513333333332,0.0120747333333333
3026.75,0.03621,0.012354
3027,0.0386519103448275,0.0140621131034483
3027.25,0.0373459999999999,0.0158093333333333
3027.5,0.0345699923167849,0.00619044048463351
3027.75,0.0428839999999999,0.0163867999999999
3028,0.035910417699115,0.0139946403539822
3028.25,0.0364465848458657,0.0166464583117256
3028.5,0.0461026666666666,0.0184363333333333
3028.75,0.0328135250074872,0.0106454282719376
3029,0.042590762160549,0.016756788182632
3029.25,0.0380959572573464,0.00721321222914805
3029.5,0.041822817204301,0.0157617964157705
3029.75,0.0398311270125223,0.00991704968395935
3030,0.029966556808326,0.00816967996530789
3030.25,0.0287786666666666,0.00514039999999993
3030.5,0.0351117133603238,0.00588345668016191
3030.75,0.041038,0.00532026666666661
3031,0.0732312194403534,0.00407366421207653
3031.25,0.0996728042049934,0.0180055626806833
3031.5,0.0783786753503059,0.0121721940398658
3031.75,0.14697,0.00974119999999993
3032,0.145623547246084,-0.00332921475492667
3032.25,0.231483414161009,0.0119001371483996
3032.5,0.254767426710098,0.0140641055374592
3032.75,0.241873333333333,0.0134805333333332
3033,0.22984296359743,0.0125373188579586
3033.25,0.242446975717439,0.01045079053532
3033.5,0.269436506253399,0.0219716237085372
3033.75,0.228987556270096,0.00179397290460875
3034,0.295833144226928,0.00975871314422692
3034.25,0.337222721250662,0.039617774244833
3034.5,0.212443126310272,-0.00316062379454925
3034.75,0.341299322429907,0.0359608364485981
3035,0.232810607866508,-0.00223404118659779
3035.25,0.199674285714286,0.0147265714285713
3035.5,0.192250636027903,0.00165667832033911
3035.75,0.180358612030905,0.00530130590507724
3036,0.17144776891873,0.0085793901244929
3036.25,0.191967845564397,0.017605091364574
3036.5,0.139961535199321,0.0158830633305061
3036.75,0.13791797816532,0.0147333304976605
3037,0.146976465430017,0.0169526149241146
3037.25,0.262109071993342,0.0525169538077403
3037.5,0.182254738497837,0.0074671823305806
3037.75,0.0710497638680659,0.00127464692653663
3038,0.344586666666667,0.0338433333333333
3038.25,0.0284599652911684,0.00301722673351329
3038.5,0.339421542553191,0.00480524601063821
3038.75,0.0392717060167554,0.00283891850723527
3039,0.384708447817837,0.0180160762049335
3039.25,0.374444767801857,0.0376335902992775
3039.5,0.0409893021685495,0.0033244779639007
3039.75,0.331463318948607,0.0177569635151039
3040,0.283622730627306,-0.00544441623616235
3040.25,0.0905774808582246,0.00605428977702978
3040.5,0.0520504461451246,0.00281506950113372
3040.75,0.259501643026005,0.0121605879432623
3041,0.273456696753761,0.03141440253365
3041.25,0.0285847702297702,0.00277788977688977
3041.5,0.187572463615641,0.018090745221813
3041.75,0.131534007077141,0.0114125791932059
3042,0.0330568582089552,0.00246158059701483
3042.25,0.145850168190784,0.0420566978662363
3042.5,0.029345760393873,0.00302436177972275
3042.75,0.030616478422619,0.00450519828869044
3043,0.0251872175976633,0.00110010961664831
3043.25,0.11955671178793,0.00495191295356268
3043.5,0.0329719450800915,0.00934126041189925
3043.75,0.146864126430095,0.00796183013379869
3044,0.244281232097312,0.00643069162252297
3044.25,0.0854657076093469,0.00697361174715397
3044.5,0.261119409956976,0.0137797253841425
3044.75,0.0421471033163264,0.0158323630527211
3045,0.17284455927835,0.0149808078608247
3045.25,0.269621560846561,0.0253538871252204
3045.5,0.120901606143971,0.00668777028885829
3045.75,0.173882177622378,0.0229253538461538
3046,0.104606666666667,0.0164530666666666
3046.25,0.0962286666666666,0.0268853333333333
3046.5,0.0618173333333333,0.0101387999999999
3046.75,0.0420224584980237,0.0167140173913043
3047,0.0399019999999999,0.008307
3047.25,0.0361450823723228,0.0091163298187808
3047.5,0.0373933333333333,0.0116913333333332
3047.75,0.0418776814504881,0.0130417711576011
3048,0.0405781284403669,0.0171723991103697
3048.25,0.0418443670286828,0.0176010522417153
3048.5,0.038845894854586,0.00944618467561516
3048.75,0.045724,0.00967966666666657
3049,0.0465286666666666,0.0185783333333333
3049.25,0.0369350756253635,0.00873956719022679
3049.5,0.0404226666666666,0.0177973333333333
3049.75,0.0428366666666666,0.0161406666666666
3050,0.0370772595793719,0.0143816258138864
3050.25,0.0372662330434782,0.00948208086956513
3050.5,0.0305299999999999,0.0127231999999999
3050.75,0.0386576153176675,0.00788312155497525
3051,0.0397253054101221,0.0159705186154741
3051.25,0.0391238992180712,0.00869419982623804
3051.5,0.0400793745583038,0.016647626737338
3051.75,0.0365261533039647,0.0149089240528634
3052,0.0377246666666666,0.0157241333333333
3052.25,0.039924923766816,0.0166975953363229
3052.5,0.0382453333333333,0.0107219466666666
3052.75,0.0327840958370769,0.0106358808026355
3053,0.0400800756756756,0.011843993993994
3053.25,0.0381979999999999,0.00723253333333332
3053.5,0.0363841130742049,0.014321507008245
3053.75,0.03195,0.00580306666666657
3054,0.0355946666666666,0.00925839999999996
3054.25,0.0457800337268127,0.0152946930860033
3054.5,0.0351117133603238,0.00588345668016191
3054.75,0.0389553333333333,0.00619640666666664
3055,0.107205942857143,0.00709034013605433
3055.25,0.0839873974599209,0.0211520278992296
3055.5,0.173868208637128,0.00981123634324164
3055.75,0.195824552341598,0.0169730340909091
3056,0.173876597744361,0.0234993984962405
3056.25,0.211365334491746,0.00424630582102509
3056.5,0.348646139389193,0.0514916241190289
3056.75,0.295973113195747,0.0312521130706691
3057,0.323286666666667,0.0119895333333333
3057.25,0.170844431444241,0.00387216087751368
3057.5,0.242522726722363,0.0298416636396658
3057.75,0.182442448782839,0.0330854181730537
3058,0.137678322719141,0.00430598869409652
3058.25,0.193679179706022,0.00382199834044565
3058.5,0.2683813423136,0.0448885607940446
3058.75,0.26654735042735,-0.00671162393162393
3059,0.359516248216833,0.00517248673323814
3059.25,0.277187758478081,0.0304906534325889
3059.5,0.276004573061808,0.0317405259021078
3059.75,0.20732,0.0195486666666666
3060,0.318555082532643,0.0345495200788371
3060.25,0.175865867623604,-0.00599092870334927
3060.5,0.163792575611066,-0.00499913994090785
3060.75,0.179065286236297,0.0637150290973068
3061,0.202586666666667,0.015975
3061.25,0.185268290429043,0.0103514232079207
3061.5,0.182254738497837,0.0074671823305806
3061.75,0.0712366666666666,0.001278
3062,0.19671115942029,0.000361986637189842
3062.25,0.405173333333333,0.031524
3062.5,0.0533760300233788,0.00361686597760544
3062.75,0.0402097278208441,0.00170903211517165
3063,0.0479778365988909,0.00217952414048052
3063.25,0.374444767801857,0.0376335902992775
3063.5,0.356643235485975,0.0107988915851271
3063.75,0.327073333333333,0.0206846666666666
3064,0.29832,0.0137653371428571
3064.25,0.215276479620324,0.011662780709101
3064.5,0.0279860681622087,0.00213091889559962
3064.75,0.038981521262604,0.0039643025865848
3065,0.0274136417670682,0.00268464629718869
3065.25,0.180708416751787,0.0179285515832482
3065.5,0.197589978723404,0.0161625759574467
3065.75,0.18394764957265,0.000429669471153832
3066,0.138100598151169,0.0037813259017582
3066.25,0.223413333333333,0.051972
3066.5,0.167181602272727,0.0185178488636363
3066.75,0.141348250143431,0.0310023828647925
3067,0.268696567541302,0.0333505422740524
3067.25,0.0264275823008849,0.00268064723697143
3067.5,0.209717765722323,0.00837447639140041
3067.75,0.164942398315283,0.00543350782190123
3068,0.127253754208754,0.0188981321548821
3068.25,0.225457653624118,0.0184124541372674
3068.5,0.170038313622427,0.0100933606219885
3068.75,0.249423470198675,0.0223394619426048
3069,0.234147416552355,0.0190541015089163
3069.25,0.180764712691771,0.0101979567642956
3069.5,0.177104565318457,0.0208427580195257
3069.75,0.120321333333333,0.0118522666666666
3070,0.0408486666666666,0.0152744666666666
3070.25,0.0776859689330277,0.0182751504965623
3070.5,0.0669293333333333,0.013845
3070.75,0.043168,0.017182
3071,0.0430624318374259,0.0167228145639288
3071.25,0.0428839999999999,0.0162163999999999
3071.5,0.0355946666666666,0.0110002666666666
3071.75,0.0383544674657534,0.0114022960616438
3072,0.0380086666666666,0.0153928
3072.25,0.0365576893542757,0.0117449282140779
3072.5,0.041879662835249,0.00799219357500729
3072.75,0.0401386666666666,0.0142567999999999
3073,0.0333047805309734,0.0107068
3073.25,0.0359413285883748,0.0095339103202846
3073.5,0.0388255938628158,0.00973240830324902
3073.75,0.0367449559748427,0.0087724444444444
3074,0.0411697231231231,0.0166621307507506
3074.25,0.03621,0.0112511333333333
3074.5,0.0422213333333333,0.0148484666666666
3074.75,0.0409162058734483,0.016890927944293
3075,0.0401754911314984,0.0164823742507645
3075.25,0.038020925345622,0.00802506347158209
3075.5,0.0380913024118738,0.0132466768089054
3075.75,0.0360541120396162,0.00644331043020731
3076,0.0332916976456009,0.0130660455390334
3076.25,0.0342848330241187,0.0108056335807049
3076.5,0.0424979041353383,0.0174113486842105
3076.75,0.0353437290886391,0.0129767391385768
3077,0.0397027534591194,0.0135927445911949
3077.25,0.0377719999999999,0.0104005533333332
3077.5,0.0347899999999999,0.0125717333333333
3077.75,0.0339536601429015,0.0113683285492388
3078,0.033654,0.0117859999999999
3078.25,0.0343327315741582,0.00677196578707906
3078.5,0.03195,0.00157903999999993
3078.75,0.0477188593220339,0.00866884728813559
3079,0.0651306666666666,0.0322339999999999
3079.25,0.0972890755919854,0.00541389549180318
3079.5,0.127408122653317,0.0110230565707133
3079.75,0.203652988438174,0.0276115563394081
3080,0.16602717517293,-0.00708826621798465
3080.25,0.141611973204716,-0.0033660696677384
3080.5,0.257227052740434,0.0204741385729059
3080.75,0.18252701409374,0.012762704949197
3081,0.270139930898322,0.0248377344521223
3081.25,0.203435150345715,-0.00246960810419671
3081.5,0.200878737277354,0.00978397614503816
3081.75,0.218206666666667,0.00960109333333332
3082,0.207601730444137,0.00444995964346079
3082.25,0.191433996299722,-0.000548304779525027
3082.5,0.19303241723356,0.00136731295540431
3082.75,0.169133897996357,-0.0098069234972677
3083,0.209591914444946,0.00858711793944865
3083.25,0.239506666666667,0.00100819999999993
3083.5,0.141407405870601,-0.00339226586752719
3083.75,0.162428706282884,0.000691387496131206
3084,0.146193053282588,0.00161648962892483
3084.25,0.131443349328215,0.00425517581573891
3084.5,0.148932612331218,0.000156123767691529
3084.75,0.162826666666667,0.00803719999999993
3085,0.161243958333333,0.00580667392473109
3085.25,0.168336371905002,0.0149611314805457
3085.5,0.226638180019782,0.0106142214309264
3085.75,0.216180715350224,0.0338165040569631
3086,0.211735094213774,0.0238958177755544
3086.25,0.232867105827968,-0.000187337081063139
3086.5,0.159919462036091,0.0068863472931562
3086.75,0.236977938662644,0.0106452738059326
3087,0.193939567901235,0.00977766858024683
3087.25,0.0315399802566633,0.00185969068772617
3087.5,0.193479771505376,0.0137606588709677
3087.75,0.0798076505124197,-0.00319612228591271
3088,0.0733833489030431,-0.00283698513800422
3088.25,0.166780812545587,0.0130219541210794
3088.5,0.148378265552461,0.0101313057753017
3088.75,0.126461969439728,0.0136381477079796
3089,0.147403600157418,-0.000728503030303026
3089.25,0.0374435599022004,0.00682766552567229
3089.5,0.0375586368286444,0.0052837528132992
3089.75,0.175850878334418,0.00571988072001731
3090,0.166034781507283,0.0132544005066497
3090.25,0.16075586299081,0.034217492063492
3090.5,0.156649773341919,0.0240693017385705
3090.75,0.17833520716219,0.026017072662919
3091,0.251973418097054,0.0148673789362153
3091.25,0.237291044585987,0.0230186522292993
3091.5,0.032944,0.00447583999999993
3091.75,0.155213514712341,0.0156492356609573
3092,0.152519095270733,0.00838384286040662
3092.25,0.0437680066714319,0.0146145439123182
3092.5,0.0403720751386787,0.0155131240544628
3092.75,0.039816190184049,0.015827990797546
3093,0.145455295192049,0.020500314585012
3093.25,0.033831316462585,0.00486354829931963
3093.5,0.0419629819376026,0.015773922714833
3093.75,0.0407400327868852,0.0169402740983607
3094,0.0380717123098202,0.0150868027662517
3094.25,0.0354635266955267,0.00713073593073583
3094.5,0.0397114875444839,0.00806105195729529
3094.75,0.037563280141844,0.00815997293144207
3095,0.0337148571428571,0.0080185405666063
3095.25,0.0321275543311906,0.00686490241812058
3095.5,0.0333059172794117,0.00819619301470584
3095.75,0.0378138886827458,0.00878350352504628
3096,0.0386456814326107,0.00794173477851079
3096.25,0.0352888373382624,0.0108599158964879
3096.5,0.0350767688022284,0.0107081448467966
3096.75,0.0401959069767441,0.00880526809302317
3097,0.0402696953642384,0.00789833017975402
3097.25,0.0390499999999999,0.0094146
3097.5,0.036636,0.00722779999999993
3097.75,0.035784,0.0115398666666666
3098,0.0335746603174603,0.0116286545333333
3098.25,0.0372513333333332,0.00925366666666657
3098.5,0.0331483897535668,0.00695123151750966
3098.75,0.0316025920792079,0.0105942122772276
3099,0.0375553373015873,0.00773781666666661
3099.25,0.034682304950495,0.0109448257425742
3099.5,0.0496124690117252,0.00875933065326628
3099.75,0.0466233333333332,0.00816499999999993
3100,0.0354410602085435,0.011703130844265
3100.25,0.0325002026666666,0.00765738786666661
3100.5,0.0339039257028112,0.0137365277777777
3100.75,0.0310349049558724,0.00990274066530883
3101,0.03458841285956,0.00654336961082902
3101.25,0.0342138195138195,0.0136572129204129
3101.5,0.0322642669322709,0.00932971115537845
3101.75,0.0375725338619094,0.014635757515692
3102,0.0348946840521564,0.00627629555332657
3102.25,0.0233365924466338,0.00375558522167487
3102.5,0.0240453333333332,0.00406119999999996
3102.75,0.04402,0.0144224666666666
3103,0.0276642896935932,0.00374059028164648
3103.25,0.025134,0.00469262666666664
3103.5,0.0296288805031446,0.00586404926624729
3103.75,0.0239914369747899,0.00177225546218483
3104,0.0361626666666666,0.00233353333333332
3104.25,0.0264041522419186,0.000632943899895672
3104.5,0.151417215400624,0.0145719483870967
3104.75,0.0237142811881188,-0.000278713663366305
3105,0.0329913333333332,0.0028542
3105.25,0.0229487391446294,0.00351848925889649
3105.5,0.0892341333333333,-0.00549496888888885
3105.75,0.0465940018921475,0.00393931106906331
3106,0.052023604010025,0.00631783001253128
3106.25,0.0232440905832518,0.00226641670250886
3106.5,0.0435317047154471,0.00384996865040642
3106.75,0.0259904921744922,0.00065924788544778
3107,0.0269051562819203,0.00174103313585284
3107.25,0.022294,0.00180486733333332
3107.5,0.091531909090909,0.00672620847107432
3107.75,0.0826880723729993,-0.000533626513569832
3108,0.0264684595404595,0.00173316603396598
3108.25,0.0687700950481887,0.00763071851113317
3108.5,0.0355675645161289,0.00246996975806449
3108.75,0.0309562865792128,0.0032222680121089
3109,0.0254850555555555,0.00680876531165302
3109.25,0.0259295271002709,0.00724529024390243
3109.5,0.0287611376210235,0.00445205352697088
3109.75,0.0243113709401709,0.00618488888888888
3110,0.0414699048569527,0.00715911470392543
3110.25,0.043483620020429,0.00716004902962196
3110.5,0.027171847463398,8.00557030983992e-05
3110.75,0.0260925,0.00415864071038246
3111,0.0259751836872261,0.00404383168183341
3111.25,0.0235481192629815,0.000835578425460534
3111.5,0.0263226452905811,0.00433920507682028
3111.75,0.0276258848484848,0.00700731272727266
3112,0.0306659291917167,0.00746505857047428
3112.25,0.0292235447470817,0.00658475502594027
3112.5,0.0261702550607287,0.00346912515519565
3112.75,0.0286194294060369,0.00477147653359293
3113,0.027866950970714,0.00557576386969397
3113.25,0.0409734589273591,0.00515135607603522
3113.5,0.038586171543895,0.00501620230070629
3113.75,0.0398129979716024,0.00681703691683565
3114,0.021050452901998,0.00202534424357747
3114.25,0.0324414401440143,0.00433183078307824
3114.5,0.0305835144609991,0.00392606976336546
3114.75,0.0354678824577025,0.00451668744434548
3115,0.0253908022498519,0.00183668046181168
3115.25,0.032932993221338,0.00987044804008243
3115.5,0.0332990414477525,0.00730384419147691
3115.75,0.0411473362598771,0.0092343385425812
3116,0.0326808132387706,0.00703492505910165
3116.25,0.0336628355555555,0.00792371359999993
3116.5,0.033012957917045,0.00717324414168935
3116.75,0.0315613345421577,0.00551378404351762
3117,0.0385596785388128,0.0149371031963469
3117.25,0.0396117719298245,0.0152884175438596
3117.5,0.0375056245775729,0.0144014087864823
3117.75,0.0384927084917617,0.0155011177439797
3118,0.0350444111627907,0.0115850468837209
3118.25,0.0321216873265494,0.00713025655257469
3118.5,0.0355473333333333,0.0113410666666666
3118.75,0.039273782234957,0.0165140303724927
3119,0.0348332290292176,0.0105302078542255
3119.25,0.04727130876172,0.00727911374070479
3119.5,0.0387110896817743,0.016085044294439
3119.75,0.03903230105465,0.0168482387344199
3120,0.0380450038240917,0.0128774994263862
3120.25,0.0320010018903591,0.010534843100189
3120.5,0.0379872637681159,0.0157924579710145
3120.75,0.0340326666666666,0.0112795333333333
3121,0.0393945829212001,0.0175446079788987
3121.25,0.0463948517786561,0.00708156245059284
3121.5,0.0377895823714585,0.00735598740818462
3121.75,0.046851419939577,0.008647699899295
3122,0.0477774355869492,0.00886697100571811
3122.25,0.0312501838383838,0.00687130350168346
3122.5,0.0381122949790794,0.00662801834030679
3122.75,0.0366377880377754,0.00680142749213002
3123,0.0337973243523316,0.00860724048359238
3123.25,0.0389829118457299,0.0174645330578512
3123.5,0.0358881831578947,0.00626979326315789
3123.75,0.0375353333333333,0.00560899999999993
3124,0.0316256585193056,0.00603762571732195
3124.25,0.0381643050847457,0.00918682838983048
3124.5,0.0359986210045662,0.00668814014752366
3124.75,0.0373525026624068,0.00707782037628681
3125,0.0406682923238696,0.00870046393270242
3125.25,0.0284515818373811,0.00458952796902489
3125.5,0.0299752058516196,0.0072229974225008
3125.75,0.0330991046831955,0.0037070997245179
3126,0.0330419310344827,0.00506833660745381
3126.25,0.0269022944444444,0.00664952472222213
3126.5,0.0360206666666666,0.00298673333333329
3126.75,0.028258,0.0040896
3127,0.0301547587719298,0.00355563121345029
3127.25,0.0409885101246106,0.00755622476635507
3127.5,0.0882214444444444,0.0152187936507936
3127.75,0.0252715995232419,0.00594653349225262
3128,0.0279377316017316,0.00777864935064935
3128.25,0.0221101861012955,0.00471777856301525
3128.5,0.0209010321100917,0.00465082568807337
3128.75,0.0277379862068965,0.00737296643678158
3129,0.0266588289322617,0.00616485419058546
3129.25,0.0291072094920281,0.0023196134371523
3129.5,0.0283201893852615,0.00834476365024817
3129.75,0.032369114165712,0.00514645628102326
3130,0.0271357245053272,0.00679782313546417
3130.25,0.025979176201373,0.00665688634630052
3130.5,0.0274463488460083,0.00790144305713201
3130.75,0.0264653042813455,0.00594834743119258
3131,0.0253526088631984,0.00423175321772629
3131.25,0.0254802355605889,0.00511444439411097
3131.5,0.0318729830508474,0.00657123050847455
3131.75,0.0274943834808259,0.00563356202064887
3132,0.0414827948450017,0.00668244976663173
3132.25,0.0356893333333333,0.00540546666666661
3132.5,0.0311527275394206,0.00485682282361567
3132.75,0.0266259466666666,0.00595836733333332
3133,0.0327898914728681,0.00717793488372092
3133.25,0.0268222222222221,0.00525925925925918
3133.5,0.0268853333333333,0.00509306666666664
3133.75,0.0334783800623053,0.00635328348909649
3134,0.025927285974499,0.00615310054644808
3134.25,0.03080516875237,0.00671161357603327
3134.5,0.0250890619728639,0.00414017220388702
3134.75,0.0240091255683805,0.00448603777544589
3135,0.0305291959229897,0.00455514986787456
3135.25,0.0268057250431778,0.00603242977547493
3135.5,0.0330649388379204,0.00679695810397549
3135.75,0.032643916381604,0.00564301847206378
3136,0.0418721098523858,0.00712932619292815
3136.25,0.039937783802572,0.00549263107403539
3136.5,0.0242172177223953,0.00300157658497747
3136.75,0.0422937803108808,0.00838365056994815
3137,0.0431787243391692,0.0070047581187778
3137.25,0.0408486666666666,0.00513566666666664
3137.5,0.0390175210225361,0.00507227773292969
3137.75,0.0268589492966961,0.0056323405822701
3138,0.0282006925446704,0.0069888672828096
3138.25,0.0305978968531468,0.00439531458041953
3138.5,0.0250709687763713,0.00360603308016868
3138.75,0.0275951308810949,0.00456599846022239
3139,0.0923773031825796,0.0134255013958682
3139.25,0.0342820385964911,0.00570893146198827
3139.5,0.0370442853083262,0.00605965529980107
3139.75,0.0330090378593793,0.00652581554227154
3140,0.0494234736842105,0.0152655145815358
3140.25,0.0374556269430051,0.0146890375359816
3140.5,0.0333740841659098,0.00725171171662119
3140.75,0.0371367528261533,0.0134091732355637
3141,0.0369341787742899,0.00982704526158436
3141.25,0.0404845542530808,0.0166636893297265
3141.5,0.0352947343425349,0.00724844879786286
3141.75,0.0482684552845528,0.00738502619692859
3142,0.0360490666666666,0.0152558894189602
3142.25,0.0379522109090909,0.0164270763636363
3142.5,0.0409872948602344,0.0091181541929666
3142.75,0.032009331476323,0.0113621271432992
3143,0.0375344702495201,0.0146118
3143.25,0.0473168056902682,0.00728611962495956
3143.5,0.0332428364898989,0.00791339374999993
3143.75,0.0487534717348927,0.00858042150747236
3144,0.0407397557632398,0.00830753084112149
3144.25,0.0383744325015994,0.016472354318618
3144.5,0.0376136922584772,0.016051909852847
3144.75,0.0451155900497512,0.007258135721393
3145,0.0467189851337958,0.00798194806739342
3145.25,0.0449324554455445,0.00716846930693062
3145.5,0.0384625345167652,0.0162958443786981
3145.75,0.0473812301587301,0.00750084947089939
3146,0.0443297926949653,0.00660250937808485
3146.25,0.0379472310717797,0.0153550589970501
3146.5,0.0375964296005239,0.0155514643091028
3146.75,0.0387971638530287,0.0166389310824229
3147,0.0363636826640548,0.00849274045053862
3147.25,0.0360919674160964,0.0160099054415118
3147.5,0.0334623410404623,0.0103785173410404
3147.75,0.0380292023346303,0.0180272591439688
3148,0.037025232142857,0.0174061148809523
3148.25,0.0345813692307692,0.0113759476923077
3148.5,0.0395363779527558,0.0171308464566929
3148.75,0.0395149309664694,0.00828676429980276
3149,0.0351238147049126,0.0150867392021101
3149.25,0.0366581560283688,0.0140757919621748
3149.5,0.0310506666666666,0.00807506666666664
3149.75,0.0301513333333333,0.00182611999999993
3150,0.0359003060635226,0.0156974918190567
3150.25,0.0374642211690363,0.0032721914691943
3150.5,0.0355946666666666,0.00270273333333325
3150.75,0.0598766666666666,0.0037914
3151,0.038796221116639,0.00375108895522383
3151.25,0.0729310226385636,0.00279048659901114
3151.5,0.080278463483146,0.00904193974719099
3151.75,0.10512347584057,0.0101611450011133
3152,0.12462973836478,0.00363778993710689
3152.25,0.143222170186335,0.0133654986335403
3152.5,0.153330042194093,0.0271855105485232
3152.75,0.0979397544463568,0.00328059919678705
3153,0.146338464298529,0.0117023565482597
3153.25,0.0487578424693986,0.018536509207025
3153.5,0.108249709762533,-0.00221856154089699
3153.75,0.03660569664903,0.00610252388007048
3154,0.133129006269592,0.000595465203761658
3154.25,0.116274553147575,0.00467328008255926
3154.5,0.143574217491573,0.0116066119567145
3154.75,0.116111684810783,0.00222166815275612
3155,0.130246139308668,0.00480247601181166
3155.25,0.130284211111111,0.00403013749999993
3155.5,0.128576766226913,0.00469556158311345
3155.75,0.122595158589543,0.0104254885530657
3156,0.113550608695652,0.0102625097826086
3156.25,0.132190742342342,0.00733789477477473
3156.5,0.0591120821556434,-0.0014812737893348
3156.75,0.0572837368622938,-0.0013326103567318
3157,0.0657291918367346,0.00584101061224488
3157.25,0.101878977678571,0.0147989198660714
3157.5,0.0583970324615098,0.00326852602485616
3157.75,0.152097369238736,0.0140583456240289
3158,0.162390481012658,0.0120733792405063
3158.25,0.193492869745719,0.0108337083549559
3158.5,0.2248081234445,0.00481999880537573
3158.75,0.224448703800104,0.0198048580253339
3159,0.192938847736625,0.00972721621399168
3159.25,0.188362903989182,-0.00437180435767403
3159.5,0.193429468697123,0.00108264163790185
3159.75,0.0793124634358172,-0.00317629112384921
3160,0.184296222567824,0.00746117615344737
3160.25,0.0278618947368421,0.00200099062200957
3160.5,0.164462595837897,-0.00452391314348296
3160.75,0.165470813736469,0.00183961821575204
3161,0.0296480453567936,0.0014966105962854
3161.25,0.0373517864710676,0.00681093105134466
3161.5,0.0276011409196863,0.00143775977961427
3161.75,0.124219744486059,0.0112819531835205
3162,0.151230416247906,0.00923685619765493
3162.25,0.150535575868373,0.0152940749542961
3162.5,0.0361095517170471,0.00455521283158535
3162.75,0.177754154351396,0.0120409529556649
3163,0.207405900145018,0.0211279996685311
3163.25,0.229185891089109,0.0184386179867986
3163.5,0.0445234653299916,0.0132059525480367
3163.75,0.0475426841544039,0.0147868606525911
3164,0.158093333333333,0.0245565333333333
3164.25,0.222615076717812,0.0224983322214809
3164.5,0.157714666666667,0.0188575999999999
3164.75,0.0601272380952381,0.00884891428571424
3165,0.142662666666667,0.0173713333333333
3165.25,0.211627333333333,0.011715
3165.5,0.120984585969739,0.00669236038514438
3165.75,0.0863043344947734,0.0120788069686411
3166,0.114026,0.00572733333333325
3166.25,0.10437,0.026554
3166.5,0.0618173333333333,0.0101387999999999
3166.75,0.0362282576851109,0.010201612510024
3167,0.0431206666666666,0.0146496666666666
3167.25,0.0397126666666666,0.00758753333333329
3167.5,0.0348256900535362,0.008746587827557
3167.75,0.0424252495697074,0.016348432300631
3168,0.0395581863609641,0.0149089356261022
3168.25,0.0392393333333333,0.0151892666666666
3168.5,0.0372986666666666,0.00818393333333329
3168.75,0.0403498985898589,0.0168770301830182
3169,0.031363178647255,0.00980691537761601
3169.25,0.0306992397868561,0.0133030039076376
3169.5,0.0388606666666666,0.00974119999999993
3169.75,0.0402591985428051,0.0170141347905282
3170,0.0411697231231231,0.0166621307507506
3170.25,0.0344276228228228,0.00796848138138134
3170.5,0.0422213333333333,0.0148484666666666
3170.75,0.0332925920577616,0.0105216886462093
3171,0.0401386666666666,0.0164672666666666
3171.25,0.0340326666666666,0.00736033333333332
3171.5,0.04074492481203,0.015667844924812
3171.75,0.0334014218455743,0.00875069874450711
3172,0.0362438411214952,0.00881696579439249
3172.25,0.0347426666666666,0.0096702
3172.5,0.037914,0.0142662666666666
3172.75,0.0353767915106117,0.0129888782771535
3173,0.0321086660305343,0.0122145337786259
3173.25,0.038908,0.0144745333333333
3173.5,0.0333072981107908,0.00868453448607107
3173.75,0.0331806666666666,0.0112747999999999
3174,0.0337483570093458,0.011819044859813
3174.25,0.0377581105200945,0.00970340802600466
3174.5,0.0571786666666666,-0.000591666666666607
3174.75,0.04860447,0.0188591028333332
3175,0.0275264106583072,0.0034824220219435
3175.25,0.0788682914201183,0.00701856741124257
3175.5,0.127534231864708,0.00503212421005776
3175.75,0.155682486994798,0.0166266061224489
3176,0.120936666666667,-0.00137266666666657
3176.25,0.172770335917313,-0.00790851466223698
3176.5,0.189402228212039,0.0132724325247079
3176.75,0.208478642917727,0.00915742439016112
3177,0.270806943073379,0.0248990621915103
3177.25,0.238549740558292,0.012150830410509
3177.5,0.192646666666667,0.00227199999999996
3177.75,0.258586480858562,0.0171046653852314
3178,0.224616730892742,0.0219698806679512
3178.25,0.183092604961832,-0.0099352576335877
3178.5,0.214165938104449,-0.00335117802707925
3178.75,0.261178009808574,0.014059055845594
3179,0.234150227552275,0.00609691169434191
3179.25,0.238738313473877,0.00100496562786434
3179.5,0.186053905120955,0.00844798061577122
3179.75,0.192937983034873,0.0282313666352497
3180,0.146332351094196,0.00161802987630828
3180.25,0.12091618679868,0.00702124389438936
3180.5,0.131370663904713,-0.000194167167270836
3180.75,0.128567950155763,-0.00566514382139142
3181,0.147312980172852,-0.000737273817996902
3181.25,0.180924997506234,0.0204686165586034
3181.5,0.217995462696125,0.0152314324367594
3181.75,0.0587903013869409,0.00931246046439142
3182,0.189119067215363,0.0126932546867855
3182.25,0.0453542625152625,0.00187394703907195
3182.5,0.169848467556374,0.00150923847215826
3182.75,0.0459918670953912,0.00493148149441124
3183,0.229262594936709,0.0362881898734176
3183.25,0.245050249349855,0.00656184845647844
3183.5,0.0354053333333333,0.00120699999999996
3183.75,0.264555607043559,0.0171654618473895
3184,0.226358128763316,0.0110290393700787
3184.25,0.18034,0.00828806666666664
3184.5,0.192930852105779,0.015254777668952
3184.75,0.222058579179383,0.0114738190912173
3185,0.188518854278553,0.00518545563909764
3185.25,0.138180048202138,0.00312217842565593
3185.5,0.182953736263736,0.0126065831501831
3185.75,0.156947115343915,0.00673170759788356
3186,0.033796,0.00372986666666664
3186.25,0.159797333333333,0.00975066666666661
3186.5,0.245186666666667,0.02059
3186.75,0.0582975055292259,0.00772394474723532
3187,0.168601333333333,0.0205426666666666
3187.25,0.0263340884955752,0.00267116381514251
3187.5,0.0795650625129802,0.00939927343717544
3187.75,0.180721558603491,0.0070967421446383
3188,0.194901443519112,0.0325388315182575
3188.25,0.222318256615521,0.0224683344451856
3188.5,0.18091647761194,0.031851158751696
3188.75,0.036427628294036,0.0113124861303744
3189,0.179849823119777,0.0236357813370473
3189.25,0.0395706666666666,0.0065604
3189.5,0.0423167847274554,0.014279542828435
3189.75,0.123303333333333,0.028968
3190,0.0672961216730038,0.00856667822560202
3190.25,0.0747152158730158,0.0231848734391534
3190.5,0.065909818936877,0.007663380675526
3190.75,0.0312816917441532,0.00841108932093547
3191,0.0388746598114823,0.0174321163096258
3191.25,0.0406947200464171,0.0184334290687553
3191.5,0.036241528115942,0.00861858504347823
3191.75,0.0375970201577563,0.011997469237511
3192,0.0379482184115523,0.0154351180505414
3192.25,0.0372378218181818,0.00857038418181809
3192.5,0.034473672705314,0.013903274879227
3192.75,0.0340161171497584,0.00865089553140094
3193,0.036636,0.00882293333333329
3193.25,0.040044,0.0169926666666666
3193.5,0.0371227955028866,0.00859262667882094
3193.75,0.0381394160353535,0.00913450858585851
3194,0.0385238735303463,0.0123917673975214
3194.25,0.0389313867151956,0.0138417439490445
3194.5,0.0354210970614425,0.0126882247551202
3194.75,0.0314008389241462,0.0104800299909338
3195,0.0401386666666666,0.0164672666666666
3195.25,0.0484662614259597,0.0100912157221206
3195.5,0.0348846666666666,0.0095424
3195.75,0.0395701241642788,0.0163273869468321
3196,0.0361626666666666,0.00823126666666657
3196.25,0.0362573333333333,0.0121234866666666
3196.5,0.0398326873857404,0.00905245240706881
3196.75,0.033796,0.0101506333333333
3197,0.0372986666666666,0.0129267333333333
3197.25,0.040207228805834,0.0127944977210574
3197.5,0.0419278752260397,0.0147197636528028
3197.75,0.0300713503649634,0.00633256082725054
3198,0.0327073333333333,0.0100796333333333
3198.25,0.0620676538461538,0.00335848122377612
3198.5,0.0571295441008018,-0.000591158361970176
3198.75,0.0330585655058043,0.00132376144278603
3199,0.059782,0.0115588
3199.25,0.0984735181236674,0.00771613063255152
3199.5,0.142190943100065,0.0110403746239372
3199.75,0.204370919067215,0.0277088943758573
3200,0.119461362223441,-0.00473533779484364
3200.25,0.159455168858495,0.00985193310888998
3200.5,0.190559773380687,0.0190323346862845
3200.75,0.182257535234349,0.0127438623729924
3201,0.240547497183325,0.0122745778206984
3201.25,0.250406076923077,0.00815363999999989
3201.5,0.20212643129771,0.00984474618320601
3201.75,0.195128468468468,-0.00172922565277131
3202,0.203727714980249,0.014038777575205
3202.25,0.278919770219199,0.00599985312169308
3202.5,0.258716497476996,0.00404743413475808
3202.75,0.213191978368634,0.00958890142706924
3203,0.19307325361677,-0.00103889539415405
3203.25,0.154028080338884,-9.48740870581357e-05
3203.5,0.144734255319149,-0.00130284517881387
3203.75,0.170783438343834,0.00266137524752471
3204,0.155253333333333,0.00747393333333325
3204.25,0.155751540816327,0.00425724035250454
3204.5,0.124034749726776,0.0155967301795472
3204.75,0.15245876976269,0.0144987155115511
3205,0.163890671541743,0.0103234129798902
3205.25,0.207974416848221,0.0477062045025417
3205.5,0.210959530791789,0.0251074877810361
3205.75,0.227109083633453,0.0143835752967853
3206,0.25717278948738,0.0324199339058027
3206.25,0.393886684567191,0.00897468178493799
3206.5,0.340115768339768,0.0086686888030888
3206.75,0.111367774820613,-0.0046186125244618
3207,0.0456956871165643,0.00315810069018395
3207.25,0.338942779291553,0.0170648274296094
3207.5,0.400759330143541,0.00821414513556612
3207.75,0.0393191854565188,0.00588127743861072
3208,0.273113333333333,0.0654619999999999
3208.25,0.295361885790173,0.0393658321381141
3208.5,0.251389761704514,-0.00139398458088024
3208.75,0.03411,0.00142124999999998
3209,0.251455824884793,0.0575838574500767
3209.25,0.174919267689263,0.064374082797295
3209.5,0.186983847098018,0.0180339751008241
3209.75,0.18394764957265,0.000429669471153832
3210,0.209657051961824,0.0929700954400848
3210.25,0.0400010112721416,0.0035698302021828
3210.5,0.0361904797843665,0.00288861528840966
3210.75,0.0431681034608378,0.00781564896174856
3211,0.203645720596356,0.042149928216455
3211.25,0.275932843835617,0.00919776146118715
3211.5,0.203281681222707,0.0370076906841339
3211.75,0.35216,0.0180955333333333
3212,0.222338443804035,0.0254506559077809
3212.25,0.0521757098875074,0.00921723485297014
3212.5,0.0480433333333333,0.0161028
3212.75,0.185300835894284,0.0096678696988322
3213,0.0409093542319748,0.0151699623824451
3213.25,0.0582829722410291,0.0072038320920785
3213.5,0.0413041065145031,0.016119022301474
3213.75,0.114248912827782,0.030077968343964
3214,0.07668,0.0133764
3214.25,0.0724614253548702,0.0108029957905041
3214.5,0.047120422238918,0.0144905932381668
3214.75,0.0419562292490118,0.0166876753623188
3215,0.043878,0.0133338
3215.25,0.0415586666666666,0.0161075333333333
3215.5,0.0397271947194719,0.0133842810781077
3215.75,0.0393194876079086,0.0116537276524644
3216,0.0343520034482758,0.0107450420689655
3216.25,0.035358,0.0107541333333333
3216.5,0.0326308652988402,0.0114870104073743
3216.75,0.0398546666666666,0.0137172
3217,0.0406593333333332,0.0168790666666666
3217.25,0.0307947128532361,0.00913465936189598
3217.5,0.0379613333333333,0.00898386666666661
3217.75,0.0406316313364055,0.0140273620276497
3218,0.0415113333333332,0.0160980666666666
3218.25,0.0413111929203539,0.0163965640707964
3218.5,0.0444378189300411,0.0197080305702527
3218.75,0.0333226666666666,0.0105311933333333
3219,0.0396906108202443,0.0159565705642815
3219.25,0.0444933333333332,0.0159371333333333
3219.5,0.0375973633998265,0.0148024839549002
3219.75,0.0392747159603246,0.00852294499549136
3220,0.0381033333333332,0.0144982
3220.25,0.0332923181542198,0.0107282603642987
3220.5,0.0363046666666666,0.0142331333333333
3220.75,0.0353106666666666,0.0129646
3221,0.0357168,0.0141355377777777
3221.25,0.0353106666666666,0.00757806666666661
3221.5,0.0317133333333333,0.0111550466666666
3221.75,0.0339853333333333,0.0113789333333333
3222,0.0568413957597172,0.00837264782096584
3222.25,0.0290075,0.00658446666666658
3222.5,0.0429486091753774,0.0138574518002323
3222.75,0.0263393562064155,0.00410249684797761
3223,0.090100424382716,0.00162748325617276
3223.25,0.130922583036351,0.0124006990734141
3223.5,0.108298666666667,0.00682073333333329
3223.75,0.154546016887817,0.00452906344993961
3224,0.177452666666667,0.0180718666666666
3224.25,0.153620743145743,0.00588042388167381
3224.5,0.172766666666667,-0.00371566666666657
3224.75,0.214528074596774,0.00648319942876339
3225,0.257966666666667,0.0050268
3225.25,0.151514,0.018034
3225.5,0.242279679572764,0.00173799068387479
3225.75,0.17916725104353,0.00523206493738814
3226,0.225204519966015,0.00201456538091184
3226.25,0.267129481972648,0.00918434579361784
3226.5,0.256222465753425,0.00325795981735152
3226.75,0.231747257759784,0.016109489905533
3227,0.232810607866508,-0.00223404118659779
3227.25,0.268574357541899,0.0255358044692737
3227.5,0.193756512283528,0.00308784709356952
3227.75,0.15478,0.0185073333333333
3228,0.16046,0.0225306666666666
3228.25,0.171585772572402,0.00114107603634295
3228.5,0.138532140797286,0.0157208533220242
3228.75,0.163650303501946,-0.00617727626459139
3229,0.0433039522998296,0.00411340374787049
3229.25,0.262109071993342,0.0525169538077403
3229.5,0.32509154220993,0.0642126880021072
3229.75,0.263004360294118,0.0555020051470588
3230,0.321237666666667,0.0494320333333333
3230.25,0.33382595980596,0.0403806472626472
3230.5,0.0365541638576779,-0.00065532335205984
3230.75,0.078492129197165,-0.000506172998721922
3231,0.369933117826189,0.0430562361208714
3231.25,0.36911803170097,0.0400662557369292
3231.5,0.267629686735193,0.0386049902104747
3231.75,0.178040724923827,-0.00162583510054844
3232,0.178457251832526,0.00288639301776613
3232.25,0.347123639817629,0.053787679331307
3232.5,0.066892062992126,0.00475235984251959
3232.75,0.0303499356993736,0.00417902541405705
3233,0.0588496409090908,0.00503412590909082
3233.25,0.185922647754137,-0.00374691050320837
3233.5,0.209933534482759,0.0154282234913793
3233.75,0.0352719063300402,0.00362175338455902
3234,0.316488739859383,0.107861633315306
3234.25,0.0396438345076784,0.00462148710388432
3234.5,0.197236125673917,0.0536235716675961
3234.75,0.0306850483630951,0.00451528831845234
3235,0.243766666666667,0.0601133333333333
3235.25,0.0408034751131222,0.0129683266968326
3235.5,0.035257309090909,0.00765803917888559
3235.75,0.0919959402110199,0.0147845555685814
3236,0.257485334942667,0.00683308227720777
3236.25,0.277674625386997,0.0193000421052631
3236.5,0.191597980582524,0.0463344621359222
3236.75,0.227854069132541,0.0208744033025099
3237,0.113297885958981,0.00341030425963487
3237.25,0.184347945933562,0.0130256128293241
3237.5,0.112416666666667,0.0116298
3237.75,0.128029972380952,0.0164623507619047
3238,0.109008666666667,0.0182138666666666
3238.25,0.0834486666666666,0.0147618466666666
3238.5,0.0447299999999999,0.0151798
3238.75,0.0513982173678532,0.00748471736785326
3239,0.0409433333333333,0.00829279999999993
3239.25,0.0428839999999999,0.0162163999999999
3239.5,0.0376773333333333,0.017608
3239.75,0.0360206666666666,0.0104512
3240,0.0375353333333333,0.00848213333333329
3240.25,0.03763,0.00771533333333329
3240.5,0.0326308652988402,0.0114870104073743
3240.75,0.0403862826282628,0.0168922484248424
3241,0.0386842194543297,0.0115390581257413
3241.25,0.0346006666666666,0.013206
3241.5,0.0339654012623985,0.0125790744815149
3241.75,0.0426380017841213,0.0186943950044603
3242,0.0355,0.0112321999999999
3242.25,0.0355628288610614,0.0129530037567084
3242.5,0.0376773333333333,0.0139112666666666
3242.75,0.0337628882800609,0.00754923007610348
3243,0.0370959085086916,0.013507079841415
3243.25,0.0483777385740401,0.0100727842778793
3243.5,0.040044,0.0166329333333332
3243.75,0.0393100985873158,0.00853062332431612
3244,0.030672,0.00848260666666657
3244.25,0.0358462559470038,0.00853121975308635
3244.5,0.0366018564771668,0.00883362634358492
3244.75,0.0353767915106117,0.0129888782771535
3245,0.0359595130597014,0.00874588420398002
3245.25,0.0345533333333333,0.0104938
3245.5,0.0316836669784845,0.0111446116370439
3245.75,0.04189,0.0138876
3246,0.0313533667883212,0.00795420255474447
3246.25,0.0505541149836163,0.0160600350312778
3246.5,0.0359733333333332,0.00725619999999996
3246.75,0.0398835731138545,0.00465465871056238
3247,0.059782,0.0115588
3247.25,0.082371672162485,0.0257204243727598
3247.5,0.162233547194719,0.0139685353135313
3247.75,0.124239593380615,0.000424992907801356
3248,0.165100684240045,-0.00704871116096457
3248.25,0.141460435512683,-0.00336246766702391
3248.5,0.18979973750631,0.0124078037354871
3248.75,0.118721720238095,0.00324088468915339
3249,0.240663145018509,0.0122804790600353
3249.25,0.185500874418605,0.00453131906976736
3249.5,0.193327651723086,0.0145444788350106
3249.75,0.195128468468468,-0.00172922565277131
3250,0.253465231990232,0.0288050207570207
3250.25,0.23856,0.0120558
3250.5,0.226830669724771,-0.00693751422018347
3250.75,0.230700583744948,0.0054131394701392
3251,0.18972319847552,0.0102478914687775
3251.25,0.182865539173171,0.00810783052905456
3251.5,0.193948693009118,0.0201970901722391
3251.75,0.139657443041648,0.0108425829923088
3252,0.19965909688733,0.00697387461639625
3252.25,0.17876461172977,0.0155008359613956
3252.5,0.186343859649123,0.0234341520467835
3252.75,0.168174335472044,0.0371503758020165
3253,0.172135990804598,0.0237101915708811
3253.25,0.275132125912409,0.0691381934306569
3253.5,0.335283621399177,0.0275751728395061
3253.75,0.244096149642707,0.0515104253888188
3254,0.274360162601626,0.0264094986449864
3254.25,0.168239172451341,0.00411830537634406
3254.5,0.178520313660751,-0.00319631861328925
3254.75,0.0270081854804868,0.00280498624422995
3255,0.310696648124376,0.0160755868777635
3255.25,0.28488864516129,0.000696917677419328
3255.5,0.0278552162629758,0.00405248468858124
3255.75,0.0988328788682581,-0.00118961096374887
3256,0.195620822154911,0.0155835138035482
3256.25,0.228723682539682,0.0119381450037792
3256.5,0.240229675345548,0.0149329409193185
3256.75,0.222171013903018,0.0114796286198711
3257,0.188518854278553,0.00518545563909764
3257.25,0.027471795187465,0.00238905663122546
3257.5,0.0289982050373868,0.0038047726446281
3257.75,0.037488,0.00572733333333325
3258,0.195608397129187,0.0162062029505582
3258.25,0.193600720288115,0.0113185591836735
3258.5,0.201768476190476,0.0124820451190476
3258.75,0.233637218167072,0.0508030624493106
3259,0.345578969921714,0.0381980585084466
3259.25,0.0340175824175824,0.00559400244200239
3259.5,0.231891024208566,0.0255127548106766
3259.75,0.161676760828625,0.00417428595940569
3260,0.16214384516129,0.000921809032257985
3260.25,0.043594,0.0141053333333333
3260.5,0.0371566666666666,0.0122545999999999
3260.75,0.0387659999999999,0.00819339999999996
3261,0.0371040740740741,0.011514079547063
3261.25,0.200620831509847,0.0348947133479212
3261.5,0.136136247605011,0.0278051417342176
3261.75,0.0400776192648922,0.0163051634980988
3262,0.0420583900594272,0.0137847554835223
3262.25,0.0398073333333332,0.015478
3262.5,0.0411664373289545,0.00846067400109466
3262.75,0.0438401415012941,0.00825726937014659
3263,0.0390869074889867,0.0137614514537444
3263.25,0.0435140158172231,0.0069340172231985
3263.5,0.0420603234501348,0.0078078310871518
3263.75,0.0395004857316333,0.00836955069823914
3264,0.0399966666666666,0.00672133333333332
3264.25,0.0365071506080449,0.00730615902712814
3264.5,0.0348818978644382,0.0106486551532033
3264.75,0.049984,0.0151987333333333
3265,0.0411418703703703,0.00895190351851847
3265.25,0.0331009450204209,0.0116643841602261
3265.5,0.0385656475023562,0.0138154088595664
3265.75,0.0385123699421965,0.0164527109826589
3266,0.0371566666666666,0.0153265333333333
3266.25,0.0343781497910639,0.0124272046287367
3266.5,0.0351686666666666,0.0087756
3266.75,0.0313525221122111,0.0105103807260726
3267,0.0342087731204258,0.0130722998669327
3267.25,0.0467180956228956,0.00802435306397301
3267.5,0.0332141149193548,0.00986473427419346
3267.75,0.0369673333333333,0.010224
3268,0.0352981527077026,0.0116559408005382
3268.25,0.0394617034013604,0.017771995510204
3268.5,0.0308613333333332,0.00949033333333332
3268.75,0.0311296198234894,0.00993296266123549
3269,0.0334784208416833,0.0127908373413493
3269.25,0.0340067004048583,0.00775940890688252
3269.5,0.0313819999999999,0.00486113333333329
3269.75,0.0333155474254742,0.011753116802168
3270,0.0407333505976096,0.0165544514608233
3270.25,0.025362857142857,0.00353571428571427
3270.5,0.027290984423676,0.00630121682242981
3270.75,0.0244964579055441,0.00227433264887059
3271,0.0245186666666666,0.00222466666666657
3271.25,0.0256905641025641,0.000923150769230767
3271.5,0.0211379025522041,0.00411808236658926
3271.75,0.0211579999999999,0.00364324666666657
3272,0.0245443960244648,0.00518339516819561
3272.25,0.025483642017444,0.00274542509215013
3272.5,0.0831245589970501,0.00918993421828903
3272.75,0.0261419367502726,0.00404896043620499
3273,0.0322595897435897,0.00585939487179487
3273.25,0.072243343412527,0.000975378473722071
3273.5,0.0267981376576576,0.00506050747387386
3273.75,0.028028857858933,0.00575626208378086
3274,0.0236154090754009,0.000136423677925618
3274.25,0.0246606666666666,0.000610599999999964
3274.5,0.0226969574036511,-0.000118213319810631
3274.75,0.0248672244508117,0.00487546895893025
3275,0.159548938053097,0.00462135299901669
3275.25,0.0262605884254768,0.00223119508567731
3275.5,0.0213473333333333,0.00190753333333332
3275.75,0.0245184835589941,0.00189080498259178
3276,0.03763,0.00604446666666661
3276.25,0.0231917883283877,5.21696669963728e-05
3276.5,0.0360365080645161,0.00250253528225799
3276.75,0.0313345711402623,0.00326164399596365
3277,0.0254850555555555,0.00680876531165302
3277.25,0.0263559119241192,0.00736443170731697
3277.5,0.0263192566897918,0.00011645688800785
3277.75,0.0211167160975609,0.00180932936585363
3278,0.0262749030544489,-0.000163625298804726
3278.25,0.0235235940886699,0.00100070128078813
3278.5,0.0361103746031746,0.00594870907936505
3278.75,0.02059,0.000927733333333321
3279,0.0203428197857593,0.00110917926906109
3279.25,0.0297531179094964,0.00472937833014657
3279.5,0.0245659999999999,0.00472528666666657
3279.75,0.0381259962299717,0.00401102488218662
3280,0.0233826666666666,0.000354999999999964
3280.25,0.0350023650940486,0.0051305480111008
3280.5,0.0258439999999999,0.00311973999999996
3280.75,0.043590898385565,0.00765241101614428
3281,0.0226157683349071,0.00251495896065468
3281.25,0.0261312105943152,0.00367069999999993
3281.5,0.0296594064015519,0.00652412182347227
3281.75,0.0253479588704726,-0.000566932166973549
3282,0.0332932556634304,0.00144712162400697
3282.25,0.0311412068376068,0.006999629059829
3282.5,0.0258328809135399,0.00166782358890699
3282.75,0.0334371237311385,0.00800220839506165
3283,0.0924546063651591,0.0134367361250697
3283.25,0.0247864863945578,0.00308760646258501
3283.5,0.0268604023372287,0.00273246562047853
3283.75,0.0365996753428491,0.00762414016232852
3284,0.0341531661016949,0.0112271457627119
3284.25,0.0376174922279793,0.0147525165227403
3284.5,0.0504145254091301,0.0144416609244903
3284.75,0.0396437210648148,0.0155456307870369
3285,0.0370586279683377,0.0145165963060686
3285.25,0.0403753333333333,0.0166187333333333
3285.5,0.0410489101654846,0.0165046885342789
3285.75,0.031439634527089,0.00640173553719002
3286,0.0386366816009558,0.0157857090800478
3286.25,0.0322404366327474,0.00715661609620715
3286.5,0.0410995888187555,0.00914313543733088
3286.75,0.0381143954065797,0.00835313016759776
3287,0.0348003053722902,0.0105202549167451
3287.25,0.0352521986469864,0.00756678351783508
3287.5,0.0352307725453986,0.00832770341643575
3287.75,0.0374527669172931,0.017023984962406
3288,0.0329388541080912,0.0104814099343954
3288.25,0.038446662993572,0.00680974104683195
3288.5,0.0348169408851748,0.0106288252553388
3288.75,0.0392359523809523,0.0173399130158729
3289,0.0367658830297219,0.0132897296260785
3289.25,0.033654,0.00871406666666664
3289.5,0.0366012739336493,0.00722094900473925
3289.75,0.040792374764595,0.00826744413057119
3290,0.0405865163147792,0.00838788003838768
3290.25,0.0337162783109404,0.00775048809980801
3290.5,0.0351343557723577,0.00876703843902433
3290.75,0.0348373333333333,0.0107848999999999
3291,0.0398546666666666,0.0182801333333333
3291.25,0.0391625440313111,0.0174176477495108
3291.5,0.0394853666346461,0.0132973474223502
3291.75,0.0333852012820512,0.00942446262820504
3292,0.038482,0.00912113333333329
3292.25,0.0335297097505669,0.00963208493683183
3292.5,0.0355946666666666,0.00828333333333325
3292.75,0.0399966666666666,0.00705739999999993
3293,0.0487540758169934,0.0090583934640522
3293.25,0.0420904043607532,0.0145355975553353
3293.5,0.036375202614379,0.00458233071895423
3293.75,0.0392011627756161,0.005910911154345
3294,0.0257936301886791,0.00217854792452822
3294.25,0.0403967492795388,0.0142883919308357
3294.5,0.0407930363984674,0.0141614849936143
3294.75,0.0423704669826224,0.0141581672037914
3295,0.0308906135357368,0.00748576217583805
3295.25,0.049416,0.0120558
3295.5,0.0315552390504847,0.00368128709461717
3295.75,0.0246898514680483,0.00195619592400688
3296,0.0266215571380128,0.000378281451339389
3296.25,0.0219347931148626,0.0032897512744124
3296.5,0.0306411428571428,0.00200964285714285
3296.75,0.0236190499001996,0.0013241844843646
3297,0.0537815575221238,0.00687683054736152
3297.25,0.0221208991354466,0.00169419504322766
3297.5,0.0893179999999999,-0.00550013333333329
3297.75,0.025227348189415,0.00501506379449085
3298,0.0255367807183364,0.00513341408317573
3298.25,0.0537948930936612,0.00328040599180062
3298.5,0.0644595732323232,-0.0011180222979797
3298.75,0.0225953312820513,0.00226431015384613
3299,0.0270977289751446,0.00175349451821577
3299.25,0.0238089512358049,0.00139520454241808
3299.5,0.0215839999999999,0.00254653333333332
3299.75,0.0359592399608226,0.00449014848188044
3300,0.160074648854962,0.0116219231552162
3300.25,0.0326121640926641,0.00620438114543104
3300.5,0.0217696473567584,0.00222633434631212
3300.75,0.0268589233791747,0.00120581434184673
3301,0.0307778698224851,0.00433221834319519
3301.25,0.0265424552845528,0.00741655609756088
3301.5,0.0266108093822266,0.000117746944169098
3301.75,0.0352159999999999,0.00475037333333329
3302,0.028684,0.00555693333333325
3302.25,0.0218627508839601,0.00255618714239789
3302.5,0.0264903577557755,0.00196442706270624
3302.75,0.0227733333333332,0.00233468666666663
3303,0.0416410426164519,0.00556320535183344
3303.25,0.0232649755443886,0.000825531390284757
3303.5,0.0247661686746987,0.00480313574297184
3303.75,0.0428065799132466,0.00804744844844835
3304,0.0254233267522211,-0.00126879032576502
3304.25,0.0307132078431372,0.00567302065359475
3304.5,0.0271787172011661,0.00548220278587618
3304.75,0.0229566666666666,8.51999999999995e-05
3305,0.024351709090909,0.00123168381244012
3305.25,0.0228094488188976,0.00368277559055115
3305.5,0.0229566666666666,0.00283053333333325
3305.75,0.0253952264150943,0.00380928396226406
3306,0.0243970997485331,0.00273849154400669
3306.25,0.0241389242424242,0.00253152850729514
3306.5,0.0342985235661555,0.0125398055082339
3306.75,0.0276658272027373,0.00457769615055598
3307,0.0292079098005204,0.00568890424978317
3307.25,0.0314766666666666,0.00610126666666657
3307.5,0.037203273657289,0.00608566240409198
3307.75,0.0328404810703102,0.00649249222886412
3308,0.0490423157894736,0.015147785677308
3308.25,0.0356578612580834,0.0096096517342739
3308.5,0.0377157026548672,0.0104264442477876
3308.75,0.0319913254759746,0.00558890371713505
3309,0.0384548968036529,0.0148965132420091
3309.25,0.04052096122633,0.0166786746618575
3309.5,0.0361153333333333,0.00773426666666664
3309.75,0.0357531782945736,0.0115652522361359
3310,0.0361153333333333,0.0152839333333333
3310.25,0.0323591859389454,0.00718297563983961
3310.5,0.0344102386679001,0.00919022423681771
3310.75,0.0376249424657534,0.0161188673972602
3311,0.0348990763430725,0.0105501137291863
3311.25,0.0316712,0.0100630399999999
3311.5,0.0378076676109537,0.0122661718602455
3311.75,0.0332736097105509,0.00657402987861809
3312,0.0390442487945998,0.0158327535197685
3312.25,0.0384486577095328,0.0165042157389635
3312.5,0.0377242124120281,0.0160990751119642
3312.75,0.0385776326530611,0.0164861678004535
3313,0.0386340777135517,0.016219692357097
3313.25,0.0379580705501618,0.015821336699029
3313.5,0.0387668869165022,0.0164247927021695
3313.75,0.0388137053045186,0.0162579956777995
3314,0.0396123088954056,0.00715592551319638
3314.25,0.03621,0.00824546666666664
3314.5,0.0350059612027157,0.0148810766246362
3314.75,0.0357235512943431,0.0149716740172579
3315,0.0385293333333332,0.0157477999999999
3315.25,0.0361980162919518,0.016056947279244
3315.5,0.0373828303747534,0.0170094247205785
3315.75,0.0379180058365758,0.0179745478599221
3316,0.0405970134382169,0.00794392494264171
3316.25,0.0424560181759169,0.00733117747484572
3316.5,0.0379993707414829,0.015929412024048
3316.75,0.0456592583586626,0.00612618980074297
3317,0.0451980208965285,0.00689364772497462
3317.25,0.0366955623100304,0.0140901550151975
3317.5,0.0446789959183673,0.00796822857142851
3317.75,0.0260286613492854,0.0062827803256896
3318,0.0279266666666666,0.00237565999999993
3318.25,0.0294789537572254,0.00311214204238917
3318.5,0.0336216533580934,0.00405451532033425
3318.75,0.0747776046304541,0.0249890917186108
3319,0.0964345819848975,0.00293177209546921
3319.25,0.0682518307180218,0.0114903185924869
3319.5,0.0935779999999999,0.00253233333333325
3319.75,0.139299496370048,0.0352999746940468
3320,0.187328295589988,0.00813175101311078
3320.25,0.189625366972477,0.0166606168195718
3320.5,0.193213157412498,0.0130960820597397
3320.75,0.127892058556101,-0.00540188761593009
3321,0.184697362869198,0.00415332274964832
3321.25,0.169236418816388,0.021379726858877
3321.5,0.171424448897796,0.0140758519706079
3321.75,0.218386533333333,0.00699311659999993
3322,0.142900057942387,-0.00268114933333332
3322.25,0.19738,-0.006177
3322.5,0.270617923601205,0.0224726422570929
3322.75,0.106394394577352,-0.00189061562998395
3323,0.183780590163934,0.00362812327868846
3323.25,0.185764873112253,0.0160584468316986
3323.5,0.211499972054029,0.00468050386585929
3323.75,0.148832731989373,0.0136829327082356
3324,0.0555173264701294,0.00017969833099356
3324.25,0.150553733916707,-0.00226803292821258
3324.5,0.173888624285234,0.0666178217288933
3324.75,0.159904495805513,-0.00167000849169657
3325,0.130200124740125,0.000849028135828117
3325.25,0.200589776401789,0.0100011034743722
3325.5,0.161011760883691,0.0195108369070824
3325.75,0.220109407012441,0.00556691394409426
3326,0.217400793201133,0.0134095467422095
3326.25,0.209503504392048,-0.00206185575589457
3326.5,0.246884478130428,0.00341803170693185
3326.75,0.180552544871795,-0.00401753044871788
3327,0.242112288845906,5.67450676982589e-05
3327.25,0.247188151688974,0.0180597731357552
3327.5,0.0419046529080674,0.00280314571607251
3327.75,0.157074382091383,0.000955693529592096
3328,0.244340235294118,0.0145702691764706
3328.25,0.197193981841764,0.0142539015239947
3328.5,0.236666666666667,0.02911
3328.75,0.159737982728843,0.00245750742659751
3329,0.199842997802198,0.00129407304761898
3329.25,0.184967030442275,0.00226643744974148
3329.5,0.170502280912365,0.00328856274309716
3329.75,0.028545346223565,0.0036840454259818
3330,0.158659504293521,0.00559807564402805
3330.25,0.112588229239766,-0.00035375438596485
3330.5,0.175873090481786,0.0173698315707011
3330.75,0.0582975055292259,0.00772394474723532
3331,0.0821178437869822,0.0118289360946745
3331.25,0.0263185061946902,0.00266958324483769
3331.5,0.212400162698413,0.0181178757936507
3331.75,0.21699423853211,0.00198556819571862
3332,0.226726666666667,0.0119516666666666
3332.25,0.108530801099133,0.0219620843796237
3332.5,0.270945405982906,0.00798699935897434
3332.75,0.259259705685619,0.0556910702341137
3333,0.271406405498282,0.0251039083619702
3333.25,0.0445572920110193,0.0137503235537189
3333.5,0.0479355730283535,0.0155601143674052
3333.75,0.096393558531746,0.0132907703373015
3334,0.0476646666666666,0.00923946666666661
3334.25,0.0819813333333333,0.0296779999999999
3334.5,0.0788718122141511,0.0115779472693031
3334.75,0.0431907420338043,0.0119894475588806
3335,0.0398340817021276,0.0177670399999999
3335.25,0.0373877647058823,0.00799522968325788
3335.5,0.0358468311150547,0.0102669485950902
3335.75,0.0369619225922592,0.00639729214521445
3336,0.0391809453197404,0.00968010973123261
3336.25,0.0387546505576208,0.00914856115241627
3336.5,0.0367098489731437,0.0169037158925749
3336.75,0.0341493740458015,0.00792685190839694
3337,0.0360679999999999,0.0084348
3337.25,0.0400068189415041,0.0169768888888888
3337.5,0.0436960219378427,0.00959988360755627
3337.75,0.0372241016333937,0.0108115862068965
3338,0.0443986666666666,0.00863833333333332
3338.25,0.0353723981395348,0.0127633826976744
3338.5,0.0406504,0.0175072799999999
3338.75,0.0378193333333333,0.00757333333333332
3339,0.0384921787206685,0.0157326140790742
3339.25,0.037488,0.00851053333333332
3339.5,0.0377032814021421,0.00578591236611486
3339.75,0.0381033333333332,0.0180624
3340,0.0404376532284497,0.00791274172402487
3340.25,0.0428309977280104,0.0073959278156442
3340.5,0.0375715993558776,0.0161894268599033
3340.75,0.0365294310679612,0.0114278842718446
3341,0.0378925556631171,0.0162999641819941
3341.25,0.0384917994791666,0.00870535807291657
3341.5,0.0311242040285899,0.0024709291747888
3341.75,0.0304064573055027,0.00567792119544584
3342,0.0309559999999999,0.00394854666666661
3342.25,0.0305415979505726,0.00439005967450267
3342.5,0.0463510821428571,0.00872685511904756
3342.75,0.0454778036605657,0.0167083555740432
3343,0.0387290517412935,0.00469299402985074
3343.25,0.056764436036036,0.00168102734234231
3343.5,0.138408949585195,0.00937074945756215
3343.75,0.12851,0.000610599999999964
3344,0.10732270260223,0.0193956691449813
3344.25,0.116629333333333,0.00954713333333329
3344.5,0.126120915106825,-0.000787070372471113
3344.75,0.0357136460538532,0.00517657901578453
3345,0.146654359526372,0.0117276179763186
3345.25,0.193970212060968,-0.00679841938369773
3345.5,0.206343879436072,0.00963252892561978
3345.75,0.259206295050456,0.0171456641037962
3346,0.259162049311559,0.0165162505283381
3346.25,0.194435965746908,0.011215635585157
3346.5,0.203710916784203,-0.00703557147782477
3346.75,0.166721960674157,-0.00762780212234706
3347,0.159584438425104,0.026589521018354
3347.25,0.138938178787879,0.00617240651515144
3347.5,0.212639655913978,0.0101288621812595
3347.75,0.168821333333333,0.0174590577777777
3348,0.146332351094196,0.00161802987630828
3348.25,0.105917085798817,-0.000945266272189305
3348.5,0.173538042381433,0.0664835116044399
3348.75,0.159575812360897,-0.00166657579181645
3349,0.1613253125,0.00580960362903223
3349.25,0.163845281850766,0.023514394916911
3349.5,0.287989460347255,0.0138887527921163
3349.75,0.213574266351458,0.00203629566587864
3350,0.0449295459662288,0.00350554396497807
3350.25,0.249941724617524,-0.00503649049605932
3350.5,0.247230901626401,0.00342282782251697
3350.75,0.21041054840248,0.00508984068669527
3351,0.260661146376125,-0.00916091710090002
3351.25,0.247902224346718,0.0181119438814531
3351.5,0.204953333333333,0.0107967333333333
3351.75,0.241508334138097,-0.00820843650410424
3352,0.0385766666666666,0.00203059999999993
3352.25,0.207896201320132,0.00766232468646864
3352.5,0.20299408077761,0.0298799698340875
3352.75,0.228872477907388,0.00844264036762105
3353,0.199512496703297,0.00129193290476186
3353.25,0.13753772175981,0.00826931343638523
3353.5,0.184430085470085,0.0127083122507122
3353.75,0.0304353333333332,0.00358455333333325
3354,0.135669526123937,0.0124694864317537
3354.25,0.151272141377209,0.0153689083485679
3354.5,0.148207652699604,-0.00160530748384406
3354.75,0.177863743842365,0.0120483764778325
3355,0.346434363411619,0.0382926081582199
3355.25,0.21078805988771,0.021394752297775
3355.5,0.0332398029134532,0.00631556255355606
3355.75,0.209960946152169,0.0157541802485284
3356,0.254316935270806,0.0182181685601056
3356.25,0.036993022932592,0.0120973342599026
3356.5,0.0472285901027077,0.0144818521008403
3356.75,0.172203350175438,0.0260698713450292
3357,0.0371566666666666,0.0115303999999999
3357.25,0.0425859260859131,0.0151626693544515
3357.5,0.111247676767677,0.00387380303030299
3357.75,0.0468706606606607,0.0138145105105104
3358,0.0642786666666666,0.00628586666666664
3358.25,0.0799797529173008,0.0192641947742262
3358.5,0.0535764873015872,0.0126196076190476
3358.75,0.0441980800653594,0.0152300994008714
3359,0.0409433333333333,0.00829279999999993
3359.25,0.0389408060708263,0.0106447677908937
3359.5,0.0356249085244973,0.0110096126876239
3359.75,0.0406463878069432,0.0125255302286198
3360,0.0380086666666666,0.0153928
3360.25,0.0370098445040214,0.00830833243967827
3360.5,0.0378193333333333,0.00895546666666657
3360.75,0.0430644160714285,0.0185143826190476
3361,0.0349319999999999,0.00815079999999997
3361.25,0.0377843154320988,0.0159602083333333
3361.5,0.0436960219378427,0.00959988360755627
3361.75,0.0405565960061443,0.0140014573886328
3362,0.0369280061957868,0.0072432053283766
3362.25,0.0354053333333333,0.0127752666666666
3362.5,0.0363983243744207,0.00902386881680564
3362.75,0.0314293333333333,0.01048954
3363,0.0371298170173832,0.0135194263494968
3363.25,0.0429786666666666,0.0161406666666666
3363.5,0.0361626666666666,0.013845
3363.75,0.03337,0.00874246666666657
3364,0.0346806867924527,0.00927660993710682
3364.25,0.0341893320964749,0.0107755343228199
3364.5,0.0324405454545454,0.00860667532467524
3364.75,0.0334173333333333,0.00801353333333328
3365,0.0393455970961887,0.016069271506352
3365.25,0.0347112253393665,0.00794953266968324
3365.5,0.032595100548446,0.0110719113345521
3365.75,0.0407645422302374,0.0114679831680192
3366,0.0319236654545454,0.0077908945454545
3366.25,0.0374149676823638,0.00682858725761772
3366.5,0.0369516093128904,0.00358647972742753
3366.75,0.0484388532477946,0.00671055332798713
3367,0.0731234472263132,0.00406766912125665
3367.25,0.0799910013315579,0.00532347411451398
3367.5,0.116277160101652,0.00243447903430739
3367.75,0.124313195035461,0.000425244680851017
3368,0.21584,0.0161028
3368.25,0.180241129385965,0.00790506370614028
3368.5,0.204006666666667,0.0090738
3368.75,0.0601888971867007,0.00621335345268542
3369,0.186112731804586,-0.000481998825523418
3369.25,0.249566592948718,0.00812630499999996
3369.5,0.211624856199906,0.00356321584158413
3369.75,0.20656857773573,0.00771552589088609
3370,0.218308016720855,0.000913957640501586
3370.25,0.195903387290168,0.0204589224220623
3370.5,0.182150575234635,0.0101105397214652
3370.75,0.193593333333333,0.000137266666666572
3371,0.159111382405745,-0.00715054129263906
3371.25,0.198620415537489,0.0060768389039445
3371.5,0.166765561139028,0.00561886237246833
3371.75,0.168099025735294,-0.007773392800245
3372,0.15194,0.00453311333333329
3372.25,0.174186666666667,0.00162163999999993
3372.5,0.149441659346022,0.000156657393850645
3372.75,0.153209203539823,-0.000496511307767865
3373,0.179062606837607,0.0181009972057856
3373.25,0.175823854115328,0.0225719812715623
3373.5,0.28826,0.0139018
3373.75,0.221097758757331,0.0174363575844032
3374,0.219521932920044,0.00585707226196143
3374.25,0.0553119877068557,0.0131371865090622
3374.5,0.254071187739464,0.0158794492337164
3374.75,0.221152684252598,0.00271823641886485
3375,0.237368348579682,0.00221259518536343
3375.25,0.248973333333333,0.0181902
3375.5,0.271637674117266,-0.00247072180110137
3375.75,0.0358491333002152,0.00515242497102159
3376,0.0387072077682906,0.00265207406663311
3376.25,0.0381271454918032,0.00287008770491794
3376.5,0.219518954593453,0.0412601217881027
3376.75,0.0352714543771978,0.00100708039977781
3377,0.0298044535679374,0.00150450596285435
3377.25,0.0373288431132843,0.00680674743276275
3377.5,0.185679304029304,0.0127943907203907
3377.75,0.146927083282177,-0.000175025823613602
3378,0.0299801039274924,0.00420100350453167
3378.25,0.193134773909564,0.0112913183673468
3378.5,0.126932515489467,0.00321467823213543
3378.75,0.223288082051282,0.0179485611487179
3379,0.210673211233211,0.0196106392348392
3379.25,0.0340591941391941,0.00560084525844519
3379.5,0.190984300802704,0.00754955268272072
3379.75,0.158674261646458,0.0218959106573069
3380,0.195026220371557,0.032559663036515
3380.25,0.175736987012987,0.0115882480952381
3380.5,0.313609664879357,0.0101651156836461
3380.75,0.0382926666666666,0.0126616666666666
3381,0.180100136025998,0.0236686773444754
3381.25,0.18089050581125,0.0102050534635053
3381.5,0.0491793333333332,0.0152886666666666
3381.75,0.0963217837301587,0.0132808740079365
3382,0.111044,0.0103470666666666
3382.25,0.077248,0.0166944666666666
3382.5,0.0731393638479441,0.010966167571761
3382.75,0.0446353333333333,0.0117528666666666
3383,0.038482,0.0149762666666666
3383.25,0.0422559978106185,0.013428122353585
3383.5,0.0415932412645591,0.0156993168053244
3383.75,0.0393194876079086,0.0116537276524644
3384,0.0343816683908046,0.0107543210344828
3384.25,0.0365576893542757,0.0117449282140779
3384.5,0.0372986666666666,0.00818393333333329
3384.75,0.0403862826282628,0.0168922484248424
3385,0.0345533333333333,0.0102476666666666
3385.25,0.0346006666666666,0.013206
3385.5,0.0402589328493647,0.0170329901996369
3385.75,0.0367504574565416,0.0088580457456541
3386,0.0395593618960802,0.016108003646308
3386.25,0.042629223573433,0.00904927876520109
3386.5,0.0364662316960148,0.00904070439295638
3386.75,0.0327582538508933,0.0107431967960567
3387,0.0441619999999999,0.0185120666666666
3387.25,0.0363046666666666,0.0116108666666666
3387.5,0.0369673333333333,0.0100204666666666
3387.75,0.0352159999999999,0.00865821333333325
3388,0.0328019999999999,0.0110395533333332
3388.25,0.040044,0.0150661999999999
3388.5,0.0352778195348836,0.0103658150697674
3388.75,0.0353437290886391,0.0129767391385768
3389,0.0359595130597014,0.00874588420398002
3389.25,0.0317725,0.0108168764925373
3389.5,0.0355473333333333,0.00755439999999996
3389.75,0.0440608727948004,0.0160608987929433
3390,0.0327658961504028,0.0100976810205908
3390.25,0.0465139208261617,0.0162158623063683
3390.5,0.0363567811447811,0.00808137777777773
3390.75,0.0572733333333333,0.00213473333333329
3391,0.0444317013888889,0.00374685243055545
3391.25,0.130922583036351,0.0124006990734141
3391.5,0.135518185511171,0.035002951929587
3391.75,0.109977694356373,-0.00120776537729863
3392,0.106139721189591,0.01918187732342
3392.25,0.140178551668677,0.00893864591877761
3392.5,0.126192331253545,-0.000787516052183734
3392.75,0.126567835606474,-0.00534595526459347
3393,0.146425231846019,0.00224361242344698
3393.25,0.176936300833759,0.0046362987919006
3393.5,0.170485370741483,0.0139987432197728
3393.75,0.184218822155489,0.00469923746079406
3394,0.20269013278856,0.00144440398365678
3394.25,0.118414200550396,0.00475927629858953
3394.5,0.137196349124614,0.00954101802265698
3394.75,0.125210630722279,0.00765254323499488
3395,0.188093426294821,0.00770898057768919
3395.25,0.209926167664671,-0.00276657664670658
3395.5,0.0942813667000333,0.00316018938938937
3395.75,0.0844324768518518,-0.00307541759259258
3396,0.170226829268293,0.00320121009485093
3396.25,0.113310503225806,0.00788309182795689
3396.5,0.102482170542636,0.0174934681809987
3396.75,0.130989491706795,-0.000142379882289948
3397,0.121051029774873,0.0216786666666666
3397.25,0.105356075892857,0.0153040024553571
3397.5,0.18693313142239,0.0261989616008652
3397.75,0.0631550889894419,0.003412877903469
3398,0.0880702965029761,0.0300950985863095
3398.25,0.0578495235955056,0.00296999647940075
3398.5,0.185338229970065,0.00164412945941177
3398.75,0.182575900444444,0.00406654879288881
3399,0.130467112100965,-0.00510836302895317
3399.25,0.120529475301866,-0.00543138309549943
3399.5,0.155199685466377,0.000916010375994121
3399.75,0.18656746681019,0.00435165037674911
3400,0.0729154423213021,-0.00281889596602964
3400.25,0.162232577015311,0.000731453237410015
3400.5,0.168610832383124,0.00522503059673126
3400.75,0.163298897301495,0.00782216000776543
3401,0.0973959586316626,0.0110179178202068
3401.25,0.114281939393939,0.0142566242424242
3401.5,0.118540508635578,0.000964974611398889
3401.75,0.0950587792706333,0.0108131137555981
3402,0.151418214063472,0.0156489183986725
3402.25,0.159797333333333,0.00975066666666661
3402.5,0.127326226765799,0.00322464931846342
3402.75,0.178669585675619,0.0260658546741619
3403,0.0313993284193283,0.00195478525798524
3403.25,0.21131601996257,0.0214483396548139
3403.5,0.0964093910726182,0.00503503051299131
3403.75,0.154702607817303,0.015597724022837
3404,0.147725447419987,0.0117073481384715
3404.25,0.159768849557522,-0.000850840027229317
3404.5,0.199647120274914,0.0249049717296678
3404.75,0.192173333333333,0.0234773333333333
3405,0.0372513333333332,0.0069864
3405.25,0.0486477304452466,0.0142637034897713
3405.5,0.111167353535353,0.00387100606060598
3405.75,0.0415680517241379,0.0162407603448275
3406,0.0456766666666666,0.0166423999999999
3406.25,0.0455611280518186,0.0123875224713502
3406.5,0.0486586666666666,0.00631899999999996
3406.75,0.0422821742605915,0.0169696243005595
3407,0.0344773167082294,0.0105971637240232
3407.25,0.0382453333333333,0.0173239999999999
3407.5,0.044465871256647,0.0170066600055975
3407.75,0.0358786666666666,0.0100441333333333
3408,0.0425753547116736,0.0161134250351617
3408.25,0.0372986666666666,0.0145408
3408.5,0.0372986666666666,0.00818393333333329
3408.75,0.0430644160714285,0.0185143826190476
3409,0.0313346666666666,0.009798
3409.25,0.0307947128532361,0.00913465936189598
3409.5,0.0371905378304466,0.00860830665451228
3409.75,0.036645823899371,0.00874877777777776
3410,0.0411326666666666,0.0166471333333333
3410.25,0.035358,0.00880399999999993
3410.5,0.0354526666666666,0.0126995333333333
3410.75,0.0402565017543859,0.0173069766081871
3411,0.0328966666666666,0.00551906666666664
3411.25,0.0351991685458224,0.0113130032957502
3411.5,0.035876147639485,0.00829042723891264
3411.75,0.0319105418833043,0.0135797610629694
3412,0.0377246666666666,0.0157241333333333
3412.25,0.0349793333333333,0.00771533333333329
3412.5,0.034506,0.00714733333333332
3412.75,0.0409433333333333,0.0174707333333333
3413,0.0425526666666666,0.0167418
3413.25,0.0437833333333333,0.017182
3413.5,0.0300165259326661,0.00817511701546859
3413.75,0.0307193333333333,0.00720413333333329
3414,0.032025327500729,0.00749942210557008
3414.25,0.0432626666666666,0.0106357999999999
3414.5,0.0363567811447811,0.00808137777777773
3414.75,0.0505450703999999,0.00649932864
3415,0.0386424741293532,0.00468250298507458
3415.25,0.0984735181236674,0.00771613063255152
3415.5,0.108157744523964,0.00681185794838428
3415.75,0.110047388712746,-0.00120853075459729
3416,0.172766666666667,0.0176032666666666
3416.25,0.140766478488138,0.00897613574587851
3416.5,0.107674763452915,0.00528654166666657
3416.75,0.201120340425532,0.00610001787234038
3417,0.185807782369146,0.00121833457300274
3417.25,0.202485827111332,0.0126175163763066
3417.5,0.196817367220593,0.0047093890518084
3417.75,0.206721673881674,0.0180244308802308
3418,0.259037691322446,0.016508325264169
3418.25,0.203079818240831,0.0061730570918532
3418.5,0.214581592520954,-0.00335768201160531
3418.75,0.200534322916667,0.0100220197916666
3419,0.196054302213667,0.00932915399422514
3419.25,0.0977891683453237,0.00542746474820137
3419.5,0.170711521464646,0.0145885053661616
3419.75,0.160616223316913,-0.00423270988505747
3420,0.145042634599156,0.00992272033755265
3420.25,0.115992386493506,0.000142147532467467
3420.5,0.129590303352847,0.0051016466205428
3420.75,0.131269085072231,-0.000142683788121913
3421,0.121843940450254,0.0218206666666666
3421.25,0.105124269345238,0.015270330282738
3421.5,0.187541373715522,0.0262842076798269
3421.75,0.10556843036592,0.0132662898962315
3422,0.0873456369047619,0.0298474702380952
3422.25,0.057024008988764,0.00292761453183519
3422.5,0.0618782511210762,0.00344138273542599
3422.75,0.0774935861271676,0.00341997287090557
3423,0.0590333255406195,-0.00409345140074021
3423.25,0.0615556408131043,-0.00307538314584566
3423.5,0.0758028388825105,0.0132447225794106
3423.75,0.111733368203974,-0.00423156539182599
3424,0.116881450777202,-0.00428795854922275
3424.25,0.123022485234511,-0.00293681324840754
3424.5,0.116839358834244,-0.00237727140255008
3424.75,0.112132666666667,-0.00275716666666657
3425,0.124929319367426,0.00260931197371118
3425.25,0.137579769032258,0.0109172226236559
3425.5,0.125423757411179,0.0060239401312514
3425.75,0.0273475792966157,0.000729900729926977
3426,0.15052,0.0089034
3426.25,0.13632,0.00661246666666657
3426.5,0.182356877260157,0.00677932950436075
3426.75,0.120074094754653,0.00193111290186122
3427,0.253254096206823,0.014942943759271
3427.25,0.200349007731959,0.0178088006872852
3427.5,0.0329655884665792,0.00447877305373522
3427.75,0.0385982849533954,0.0182726929871283
3428,0.0415689879629629,0.0186373159259259
3428.25,0.0416321125667151,0.0135797748665696
3428.5,0.0400913333333333,0.0157336
3428.75,0.149911749640288,0.0121195195203836
3429,0.130163592619926,0.0112921879261992
3429.25,0.0434046666666666,0.0126143333333333
3429.5,0.0473456217948718,0.0143030130177514
3429.75,0.0401997140684411,0.0163548365019011
3430,0.0433435736434109,0.0158310626356589
3430.25,0.0544652046970909,0.0165105071257006
3430.5,0.0494226896740618,0.0121262943850999
3430.75,0.0382926666666666,0.0145313333333333
3431,0.0346356167527251,0.0101827768215719
3431.25,0.035074,0.0123208666666666
3431.5,0.0415113333333332,0.0197474666666666
3431.75,0.0423824961101137,0.00819648049072402
3432,0.0391921280432822,0.00770165404268105
3432.25,0.0419081221513218,0.00928876754785772
3432.5,0.0349143763540699,0.0106585701021355
3432.75,0.0335759756468797,0.00708878697108066
3433,0.0357697255627505,0.007367142152328
3433.25,0.033482542320714,0.00902661045860256
3433.5,0.0405831208997188,0.014971817244611
3433.75,0.0376185622413244,0.00836231263928676
3434,0.0397697437834435,0.00903212968209002
3434.25,0.0375709118483411,0.00832434957345961
3434.5,0.0335119999999999,0.0086478
3434.75,0.040194460547504,0.0153542839291464
3435,0.0322811484374999,0.00995807356770829
3435.25,0.0328814127604166,0.0107239837565104
3435.5,0.0411655781249999,0.00686725312499989
3435.75,0.0342970136452241,0.00631613047433398
3436,0.0317146301369862,0.00992214857142854
3436.25,0.0382639285714285,0.016718030026455
3436.5,0.0331007858546169,0.00741457603143415
3436.75,0.0374508095238095,0.00620870112433854
3437,0.0355946666666666,0.00622906666666657
3437.25,0.0377143444662737,0.0148583146037983
3437.5,0.0394286666666666,0.0142615333333333
3437.75,0.0385480432645034,0.0146255811209439
3438,0.0368382760416666,0.013301655859375
3438.25,0.0404354434838296,0.0143020781300032
3438.5,0.0432626666666666,0.0160128666666666
3438.75,0.0317465352657005,0.00264554460547504
3439,0.0308906135357368,0.00748576217583805
3439.25,0.0382093546566321,0.00846469614299143
3439.5,0.022955152,0.00277928079999996
3439.75,0.030388,0.00350739999999996
3440,0.0510448522336769,0.00699041357388306
3440.25,0.0264215730337078,0.00364732584269653
3440.5,0.0255984583333333,0.00474606710937493
3440.75,0.0211106666666666,0.00137739999999996
3441,0.0293068907563024,0.00554157983193276
3441.25,0.046351101529052,0.00574505944954126
3441.5,0.0298119721964781,0.00745535532900828
3441.75,0.0337198954248366,0.00450229178743951
3442,0.0473695414859785,0.00536792020815258
3442.25,0.196407939020815,0.0115158802814424
3442.5,0.0301198649478207,0.00508617151626762
3442.75,0.02835746101903,0.0057853014119091
3443,0.0327647649985366,0.00205787380743338
3443.25,0.0295778961116057,0.00493752419115456
3443.5,0.0422951468531468,0.00196444835664331
3443.75,0.0238156895368782,0.000332754145225812
3444,0.0388133333333333,0.00743606666666664
3444.25,0.0945231719298245,0.001188614736842
3444.5,0.0423895930434783,0.00384066782608694
3444.75,0.029536,0.00335119999999993
3445,0.0277903533568905,0.00629215547703173
3445.25,0.0173227787663107,9.49193357058123e-05
3445.5,0.0250393333333333,0.00116913333333325
3445.75,0.0192209388839681,-0.000109155949217589
3446,0.0189639583333332,-0.000543854166666589
3446.25,0.0264106052793124,0.0015251061510128
3446.5,0.0291943178016726,0.00792349820788522
3446.75,0.0262724018664333,0.00523089652960041
3447,0.0308613333333332,0.00513093333333325
3447.25,0.0453518459232613,0.000397242446043096
3447.5,0.0265070078078078,0.00163926164564563
3447.75,0.0219708362989323,0.00122847686832731
3448,0.0321673811632712,0.00214084390315911
3448.25,0.0275948005772005,0.00164434770562765
3448.5,0.0595029080257762,0.00139092785002928
3448.75,0.0298459304347825,0.00326523953855063
3449,0.0247230987341771,-1.89812658227844e-05
3449.25,0.0454377744192555,0.00186511694374466
3449.5,0.0297058866064091,0.00236599769926042
3449.75,0.0424306836248013,0.0141011305246423
3450,0.0440299174603173,0.0138874534920635
3450.25,0.0244431410658306,0.00454756112852654
3450.5,0.0368294820717131,0.0130257561752987
3450.75,0.03996252583668,0.0150130764123159
3451,0.0389706033789219,0.0133268085277554
3451.25,0.039966945736434,0.00920047645014699
3451.5,0.0459231783578031,0.00748675502990749
3451.75,0.0416059999999999,0.00642786666666661
3452,0.0400948581560283,0.00788611292962348
3452.25,0.0473288605861407,0.00805779797315796
3452.5,0.0407016779089376,0.00831443524451934
3452.75,0.0403215565068492,0.00757028989726024
3453,0.0393151462184874,0.0111282655462185
3453.25,0.0513530753054845,0.0151027310031258
3453.5,0.0413038723404255,0.0166072021276595
3453.75,0.0356729124024284,0.00850938715235609
3454,0.0338204193168433,0.00729609045936393
3454.25,0.051604294736842,0.0158862126315789
3454.5,0.050554594753905,0.0151190869437076
3454.75,0.0500814435555555,0.0149818709333333
3455,0.0362881124780316,0.00970990509666074
3455.25,0.0493280711743772,0.0139810117437722
3455.5,0.0491374879227053,0.0155019324879226
3455.75,0.0511223342465753,0.0153555298630136
3456,0.0334809703703703,0.00896136141975303
3456.25,0.0310792847926267,0.0085420656221198
3456.5,0.0357089962406014,0.00835581027568921
3456.75,0.0346806867924527,0.00780315452830182
3457,0.0352961059479553,0.011498476394052
3457.25,0.0389521959654178,0.0167270907460774
3457.5,0.040435804816223,0.00694931622306712
3457.75,0.0402593122605364,0.00759876819923365
3458,0.0339493524942186,0.011127578790882
3458.25,0.0323608986374211,0.00752876543702219
3458.5,0.0331510658800392,0.0133505365453949
3458.75,0.0324706666666666,0.00718519999999993
3459,0.0375926686507936,0.00774550833333325
3459.25,0.034682304950495,0.0109448257425742
3459.5,0.0494633333333333,0.008733
3459.75,0.0381033333333332,0.0162684666666666
3460,0.0352624258324924,0.0116441432896064
3460.25,0.039300963265306,0.0176996044897959
3460.5,0.0308613333333332,0.00949033333333332
3460.75,0.0310033333333333,0.00989266666666657
3461,0.030814,0.0105269333333333
3461.25,0.0340067004048583,0.00775940890688252
3461.5,0.0323608665338645,0.0093576444223107
3461.75,0.0305175536005213,0.00693494871293571
3462,0.0353951771653543,0.00689026115485563
3462.25,0.023405703776683,0.00376670738916246
3462.5,0.030282263073468,0.00696350324029513
3462.75,0.0317465352657005,0.00264554460547504
3463,0.0389665426653882,0.0137465303291786
3463.25,0.0291661969111968,0.00761593424710417
3463.5,0.0224611822660098,0.00125782620689648
3463.75,0.0333919275825346,0.00437340189563361
3464,0.0336900707395498,0.00592774662379413
3464.25,0.0785511705685618,0.00310357859531767
3464.5,0.0346105021645021,0.00595754545454535
3464.75,0.0281440105485232,0.00496510040084381
3465,0.0228409406779661,0.00121402478813551
3465.25,0.0292734092307692,0.00456306926495718
3465.5,0.0203331214829526,0.000723480834160854
3465.75,0.0416134001966567,0.00225669374041294
3466,0.031888219544846,0.00670080321285132
3466.25,0.0285463917525773,0.00521923195876281
3466.5,0.0209213333333333,0.00157619999999989
3466.75,0.0260941431901432,0.000661876989676945
3467,0.159866448377581,0.00463054972140274
3467.25,0.0238089512358049,0.00139520454241808
3467.5,0.0907831818181818,0.00667118836088152
3467.75,0.0244947253384912,0.00188897280722114
3468,0.0255321650358773,0.00018169840182639
3468.25,0.068562120970422,0.00760764174144223
3468.5,0.0256828612754766,0.00149972912557526
3468.75,0.0270173831041256,0.00121292829076616
3469,0.0411149967762733,0.00537512572533845
3469.25,0.0268997023809524,0.00170935810515864
3469.5,0.0228082518822724,0.00431248459958924
3469.75,0.0270212524837273,0.00327247002398076
3470,0.0245776027350427,0.00155078564102559
3470.25,0.0291517293868921,0.00752610007047213
3470.5,0.043026,0.00769639999999993
3470.75,0.026199,0.00417561475409836
3471,0.0339948,0.00609049694117643
3471.25,0.0341751955307262,0.00546803128491614
3471.5,0.0265070078078078,0.00163926164564563
3471.75,0.0415873614163614,0.00246204766788762
3472,0.0524437828328783,0.00129811343645735
3472.25,0.0338263375224416,0.00565193566726502
3472.5,0.0367869585687381,0.00510270715630882
3472.75,0.04293785121874,0.00753776815447923
3473,0.0242587636363636,0.00122698272918656
3473.25,0.0294031025641026,0.00447211705128201
3473.5,0.0370367555555556,0.0051144866666666
3473.75,0.0252085973333333,0.00194965368888885
3474,0.0332001007556674,0.00230319787293586
3474.25,0.108009662427133,0.00852385288818226
3474.5,0.0368294820717131,0.0130257561752987
3474.75,0.0396405070950468,0.014892100776439
3475,0.0360387240259739,0.00629022348484845
3475.25,0.0408486666666666,0.0096276
3475.5,0.04106445328911,0.00860983128800442
3475.75,0.0397556898454745,0.0150146192052979
3476,0.0400621276595744,0.00787967528641567
3476.25,0.0335459341150195,0.010001834617532
3476.5,0.0405635890949972,0.00828622681281618
3476.75,0.0514547632850241,0.0157816677465188
3477,0.0392820526610644,0.0111188983193277
3477.25,0.0330579134125636,0.0107024403508771
3477.5,0.0360228879408418,0.00965961058020468
3477.75,0.038482,0.0171157333333333
3478,0.0387752885304659,0.0158423394265233
3478.25,0.0380423622931441,0.0150321812647753
3478.5,0.0407905506726457,0.0173869130044843
3478.75,0.0364762552686256,0.0076165444939151
3479,0.04047,0.0139775333333333
3479.25,0.0351523318623124,0.00846972222418352
3479.5,0.032944,0.0102178466666666
3479.75,0.0368593678373382,0.0157860428835489
3480,0.0364332562907735,0.0152839642124883
3480.25,0.0365668754716981,0.0164409207547169
3480.5,0.0407066666666666,0.00724673333333329
3480.75,0.0341817124681934,0.00793435839694647
3481,0.0406166333973128,0.00796637715930898
3481.25,0.0337508925143954,0.0110689635956494
3481.5,0.0415459283639883,0.00683011293965786
3481.75,0.0337181639656815,0.0114101128693994
3482,0.0396123088954056,0.00715592551319638
3482.25,0.0346342921930677,0.0123612678976351
3482.5,0.0339999114533205,0.00832264870067364
3482.75,0.0356551153723234,0.0149429926494087
3483,0.0383435602700096,0.0156718703953713
3483.25,0.0360212681655261,0.0159785442163571
3483.5,0.0411991397423191,0.008758946547737
3483.75,0.0407678582261787,0.00872989594460925
3484,0.0372090714285714,0.0174925404761904
3484.25,0.0387791164658634,0.0164098393574296
3484.5,0.0393813333333332,0.0170636666666666
3484.75,0.0395149309664694,0.00828676429980276
3485,0.0455169585439838,0.00694229241658233
3485.25,0.0465717271815445,0.00942375807422266
3485.5,0.0352526633565044,0.00830584839457126
3485.75,0.0330240303931284,0.00334646666666664
3486,0.0270746666666666,0.00503484666666661
3486.25,0.034457805277525,0.00679663597209584
3486.5,0.040186,0.00795199999999993
3486.75,0.0433370650616222,0.00448780438521064
3487,0.0909992260713369,0.00802155340005125
3487.25,0.0484693333333333,0.00373933333333332
3487.5,0.103275727693857,0.00645592060422953
3487.75,0.0977409543616406,-0.00145461813980353
3488,0.172388,0.00666926666666664
3488.25,0.165467856365615,0.0162814305404424
3488.5,0.190376052498738,0.0124454792529025
3488.75,0.162672455364455,-0.00340047085995077
3489,0.129374375318066,0.0122785647582697
3489.25,0.18602,0.00454399999999993
3489.5,0.205910251098556,0.00763386161330819
3489.75,0.191875549450549,0.00890681562881556
3490,0.204285618353084,0.0140772224247949
3490.25,0.19776244985454,0.000638706476802873
3490.5,0.219076338921613,0.00201389006796553
3490.75,0.213752610733182,0.0085311882690854
3491,0.15861170556553,-0.00712808557749844
3491.25,0.154710716204118,0.0200130376007161
3491.5,0.200488271549799,0.00619475581360723
3491.75,0.155756759381898,0.0210827055187637
3492,0.120055253427687,0.00818472675807162
3492.25,0.184137718904356,0.00212575976650192
3492.5,0.181818034032209,0.0116269090853844
3492.75,0.163526281755196,0.0142291564588144
3493,0.163965781840341,0.0103281441499085
3493.25,0.197351352002409,0.0162150702198132
3493.5,0.26128,0.0153454666666666
3493.75,0.0551491411042944,0.00176323926380358
3494,0.141400348530902,-0.000214387320885735
3494.25,0.255657222952256,0.0189604520367936
3494.5,0.228113306737589,-0.00516348402186758
3494.75,0.243587380106572,0.0505948354055653
3495,0.230099701627486,0.0364206889692585
3495.25,0.278664610535795,0.00346803511931559
3495.5,0.28913195275349,0.0265432612363859
3495.75,0.209975710382514,0.000533271645415803
3496,0.208434502869552,0.0273982909880564
3496.25,0.169616190933846,0.000397982123978841
3496.5,0.171785686144101,-0.00170319049881233
3496.75,0.221046666666667,0.0114215333333333
3497,0.188417934121017,0.00518267969924805
3497.25,0.0276107756015668,0.00240114292109672
3497.5,0.206377726218097,0.0170795359628769
3497.75,0.029536,0.00283999999999993
3498,0.0346432883295194,0.00292627231121279
3498.25,0.0445543419490714,0.00349119139192035
3498.5,0.169357651044607,0.0331619311123658
3498.75,0.200790638792102,0.0518154041811846
3499,0.0361834140371008,0.00395460087970926
3499.25,0.0336734756944444,0.00727460740740739
3499.5,0.0352366545454545,0.00765355292277606
3499.75,0.254644680073126,0.00751130676416809
3500,0.22213147479776,0.0137920438083384
3500.25,0.22502491340603,0.0183771135343168
3500.5,0.250703022396173,0.0234620186997173
3500.75,0.128974995311453,0.0105624032150033
3501,0.22892564171123,0.0140862734402852
3501.25,0.0393813333333332,0.0132296666666666
3501.5,0.106405333333333,0.00463866666666661
3501.75,0.190093743660673,0.0495753162747809
3502,0.0779674115076475,0.00620518281136196
3502.25,0.0991482436090225,0.011717519699248
3502.5,0.0729692723041117,0.0109406648564778
3502.75,0.0362864089815557,0.0102179874899759
3503,0.0422941687074829,0.0135861156462585
3503.25,0.0385293333333332,0.0141621333333333
3503.5,0.0446353333333333,0.0156484
3503.75,0.040612,0.0125149333333333
3504,0.0436139213002565,0.0143647151411462
3504.25,0.0340386140958983,0.00969699214326972
3504.5,0.0340189247311828,0.0105836654719235
3504.75,0.0404226666666666,0.0169074666666666
3505,0.0400326348920863,0.0166621037769784
3505.25,0.0346006666666666,0.013206
3505.5,0.0339348842801322,0.0125677725278028
3505.75,0.0340326666666666,0.00984627999999996
3506,0.0353092102564102,0.00922651378220202
3506.25,0.0398181697191696,0.0163812517704517
3506.5,0.0327073333333333,0.0125149333333333
3506.75,0.0358786666666666,0.0123113999999999
3507,0.0327073333333333,0.0108393333333333
3507.25,0.0403279999999999,0.0139964666666666
3507.5,0.0458659999999999,0.0101056666666666
3507.75,0.0322813333333333,0.00947139999999996
3508,0.0343639999999999,0.00837326666666664
3508.25,0.0433364978193146,0.015530889470405
3508.5,0.0326913135186961,0.0122379221476509
3508.75,0.0341746666666666,0.0124628666666666
3509,0.0329778779515485,0.00953712670959827
3509.25,0.0415404313364055,0.0166825613517664
3509.5,0.0299074740673339,0.00814541631786469
3509.75,0.0299893375912408,0.00631529020681265
3510,0.041464,0.0142473333333333
3510.25,0.0540514576271186,0.0217628237288135
3510.5,0.0353400432612312,0.00402099580698829
3510.75,0.0460347967741936,0.00785104258064512
3511,0.0731773333333333,0.00407066666666664
3511.25,0.0564975783783783,0.00167312459459458
3511.5,0.102964843504532,0.0064364867673715
3511.75,0.170791724137931,0.00282755187739457
3512,0.130945649180328,0.0347802229508197
3512.25,0.165493465760585,-0.00647788708834288
3512.5,0.204953333333333,0.0163252666666666
3512.75,0.25563615576635,0.00662092900649018
3513,0.258455934882251,0.005036333997155
3513.25,0.153338801504891,-0.00696994552294956
3513.5,0.245362153483576,0.00436763616732943
3513.75,0.248269444201313,0.00950272700218814
3514,0.235223119730185,0.0239001804384486
3514.25,0.266463323663489,0.0091614421881475
3514.5,0.204866635645798,0.00802433750705016
3514.75,0.259277680672269,-0.00170801537815121
3515,0.200976611134021,-0.00708828865979372
3515.25,0.220665200610857,0.000625060224906204
3515.5,0.212526666666667,0.00150993333333325
3515.75,0.178719693671237,0.0021705363689239
3516,0.172177333892852,0.0086158981675758
3516.25,0.17876461172977,0.0155008359613956
3516.5,0.18148579459131,0.0116056630203585
3516.75,0.133723400909091,0.00706668378787875
3517,0.135659654221023,0.00124869080821707
3517.25,0.193765569395018,0.0354842081850533
3517.5,0.333373592004703,0.0274180837742504
3517.75,0.191812927241963,-0.00305584320360964
3518,0.0731391793142214,-0.00100685103991002
3518.25,0.31184297470114,0.019928567000278
3518.5,0.277368478632479,0.0625149538461538
3518.75,0.131391571014493,0.00158819797101439
3519,0.259745926251097,0.0160909999122036
3519.25,0.028116,0.00422658266666664
3519.5,0.027626104094579,0.00401915256343709
3519.75,0.263527379886601,-0.000259284541927723
3520,0.288138200390566,0.0126705723298783
3520.25,0.271802461103253,0.00725917256011314
3520.5,0.241855988428158,0.0150340343297974
3520.75,0.169036118059029,0.0125274545272636
3521,0.200290890375708,0.0401051947160747
3521.25,0.17253,0.000709999999999929
3521.5,0.167086666666667,0.00343166666666664
3521.75,0.191226666666667,0.0213946666666666
3522,0.206830923872875,0.0642314382852919
3522.25,0.0725260140584535,0.00702951746207912
3522.5,0.0438035463800904,0.00581542875188533
3522.75,0.141348250143431,0.0310023828647925
3523,0.280995193434935,0.0120629249706917
3523.25,0.303115823293173,0.0234914763052208
3523.5,0.234156169429098,0.00591303458154286
3523.75,0.254334893357709,0.00750216892138929
3524,0.0819310380368097,0.0161686078527607
3524.25,0.189428,0.0236666666666666
3524.5,0.0433502066081137,0.0131043372647427
3524.75,0.223269659163987,0.0723734276527331
3525,0.0426753539202803,0.0127741875164257
3525.25,0.174518,0.017466
3525.5,0.0558253288409703,0.00778529353099721
3525.75,0.190206471232877,0.0120815804566209
3526,0.0901401357314148,0.0074177326618705
3526.25,0.0387001066468254,0.00742738888888881
3526.5,0.0479594455445544,0.017027022086824
3526.75,0.041464,0.0148674
3527,0.054661414300736,0.0104250173501577
3527.25,0.0344586666666666,0.0111801333333332
3527.5,0.0388606666666666,0.0158093333333333
3527.75,0.0375826666666666,0.009372
3528,0.041748,0.0165808666666666
3528.25,0.0415339814345991,0.0143519819409283
3528.5,0.0360839425587467,0.0113737530316216
3528.75,0.0329809067599067,0.0105179797202796
3529,0.0372328841857731,0.0123700115226337
3529.25,0.039618,0.00982639999999993
3529.5,0.0433573333333333,0.0168364666666666
3529.75,0.035673569530558,0.00887338588721577
3530,0.0348373333333333,0.00811293333333325
3530.25,0.0408140721196129,0.0175547968337731
3530.5,0.0327369059674503,0.0125262488245931
3530.75,0.0409534362700575,0.0169062973054798
3531,0.0418526648841354,0.0160837190136661
3531.25,0.0418997213751868,0.0159654017339312
3531.5,0.0347271931435567,0.0118489372513009
3531.75,0.0353106666666666,0.00865253333333329
3532,0.0401386666666666,0.0153786
3532.25,0.0386060969372583,0.0167356479333928
3532.5,0.0298135667566756,0.00861805796579655
3532.75,0.0355946666666666,0.0106310666666666
3533,0.0413693333333333,0.0142946666666666
3533.25,0.0314394761904762,0.00877270451770448
3533.5,0.041822817204301,0.0157617964157705
3533.75,0.0405017411764706,0.0139679081749622
3534,0.0313533667883212,0.00795420255474447
3534.25,0.03976,0.00688226666666664
3534.5,0.0571786666666666,-0.000591666666666607
3534.75,0.0355191881762998,0.00645588440221693
3535,0.0604919999999999,0.00996366666666661
3535.25,0.0799910013315579,0.00532347411451398
3535.5,0.0761934322396575,0.0114052637660485
3535.75,0.145650250611247,0.0113530562347188
3536,0.131843174134997,0.0104925784080166
3536.25,0.165666666666667,-0.00648466666666657
3536.5,0.137503099009901,-0.00714920792079207
3536.75,0.194717897091722,0.00112556442953015
3537,0.220239515477793,0.00420839838492596
3537.25,0.15015191565569,0.0299930086655112
3537.5,0.239095319879777,-0.00247128166595101
3537.75,0.229326735632184,-0.000506231632183819
3538,0.286486686225203,0.00352307594300075
3538.25,0.291800732631579,0.0145143670736842
3538.5,0.204866635645798,0.00802433750705016
3538.75,0.160517522466473,-0.00413166403981745
3539,0.214468275768658,0.00138075814709458
3539.25,0.226697664310029,0.012648591437549
3539.5,0.201007641633729,-0.00170265296442686
3539.75,0.166200732424485,-0.000112718430900723
3540,0.211672232489621,0.0180226468461229
3540.25,0.124259797223391,0.0032782226335717
3540.5,0.163825124251716,-0.00471745997663892
3540.75,0.0437993767538029,0.00451411519716428
3541,0.198375373790677,0.0247257343887423
3541.25,0.246924759486528,0.0621325016222316
3541.5,0.193283177017321,-0.00275144287283473
3541.75,0.096074271685761,-0.000167293507910448
3542,0.278772552845528,0.0268342287262872
3542.25,0.167827494215326,0.00410822795698922
3542.5,0.211236246953696,-0.00557625886812885
3542.75,0.174291764705882,0.000881035294117618
3543,0.172837618069815,-0.00152002398357288
3543.25,0.194135886996261,0.00727891488713472
3543.5,0.190984095842142,-0.00176093009161371
3543.75,0.197770341163311,-0.00733358920581651
3544,0.192998560541914,0.000107796756985545
3544.25,0.190558625909753,0.0110184393595341
3544.5,0.0274780660660661,0.00254029983183177
3544.75,0.252049332079022,0.0146926317968014
3545,0.210791268260292,0.00378573555776882
3545.25,0.172620519412382,0.000710372507869836
3545.5,0.238610108977686,0.0210372226258432
3545.75,0.0451797407794015,0.00345826078636042
3546,0.266759184700554,0.11032632947492
3546.25,0.233002275756022,0.0599897474799247
3546.5,0.0483273584705257,0.00761608667020706
3546.75,0.253973305307409,0.0466249500788229
3547,0.23572,0.0500786666666666
3547.25,0.383565152173913,0.0202350668840579
3547.5,0.202616637554585,0.0368866186317321
3547.75,0.0763825902192242,0.00905591231028664
3548,0.0832603228803716,0.00613322628726281
3548.25,0.292691264637002,0.00502145490827477
3548.5,0.2201,0.0115493333333333
3548.75,0.0400697867154174,0.013519403778184
3549,0.0382220697485807,0.0130797057988645
3549.25,0.136556666666667,0.00607097333333329
3549.5,0.207450062735257,0.0112487191551651
3549.75,0.0392701235880398,0.0133603790033222
3550,0.169320876088413,0.0134719290020093
3550.25,0.100168023582766,0.0211523521995464
3550.5,0.0403682985877606,0.00999280833893736
3550.75,0.041643188146106,0.0100444693314955
3551,0.037062,0.0122309333333333
3551.25,0.0363346410803127,0.00939198294243069
3551.5,0.0382715599705665,0.00899025091979391
3551.75,0.0421291799410029,0.00944615206489672
3552,0.0456099854014598,0.015483762919708
3552.25,0.0359733333333332,0.00876613333333332
3552.5,0.0346913101749199,0.0113101233308696
3552.75,0.0417153333333333,0.0173104444444444
3553,0.0469546666666666,0.0153880666666666
3553.25,0.0398063286163521,0.015746985062893
3553.5,0.041277737341772,0.0170329973628691
3553.75,0.0427054455445543,0.0155969777227722
3554,0.0409296039441249,0.015883907641742
3554.25,0.0415804612822647,0.0174429323896752
3554.5,0.037186893007582,0.0120869275484414
3554.75,0.038766,0.0164246666666666
3555,0.0367306666666666,0.0101104
3555.25,0.0469074916387959,0.00998903511705686
3555.5,0.0437833333333333,0.0163252666666666
3555.75,0.0364059289617486,0.00591239890710376
3556,0.0443986666666666,0.018531
3556.25,0.0483861955403087,0.0115295231560891
3556.5,0.0421372630662021,0.0138187522648083
3556.75,0.0390221520869067,0.0137217628359061
3557,0.0354496010362694,0.0161350259067357
3557.25,0.0328106620410523,0.0113389647875108
3557.5,0.040132159821179,0.0134938485610505
3557.75,0.0317234509803921,0.00451156862745088
3558,0.0393966108401083,0.0119466793495934
3558.25,0.0356685677419355,0.00836984645161283
3558.5,0.027604602929838,0.00350130177332296
3558.75,0.0452104155388471,0.0120592734837092
3559,0.0343155217691776,0.00564299691315355
3559.25,0.0953293333333333,0.0074124
3559.5,0.253674762734844,0.0430535858996707
3559.75,0.19258156133829,0.02115551141795
3560,0.240932562697226,0.0468111101145989
3560.25,0.244861522406384,0.0971347556783302
3560.5,0.199531367153912,0.0365099948409286
3560.75,0.155971158521037,0.0313462133446663
3561,0.231363558333333,0.0168862278055555
3561.25,0.260707139364303,0.0158133838630807
3561.5,0.216705784195748,-0.0102650108303249
3561.75,0.330899022900763,-0.00017760117048337
3562,0.284013921568627,0.0343856319758672
3562.25,0.194513404457089,0.00383846064485534
3562.5,0.290548772288472,0.040003778762067
3562.75,0.235326655332653,0.0307297785333786
3563,0.226976611130001,0.032654431372549
3563.25,0.185327293310463,0.0151200528301887
3563.5,0.334887485380117,-0.00297153684210517
3563.75,0.174182949812222,0.0310130617958347
3564,0.203489312831389,0.0385364107458465
3564.25,0.18053111685753,0.00937336561999748
3564.5,0.230022889462683,0.048713525144473
3564.75,0.216960251713396,0.0226455229906541
3565,0.223814569536424,0.0306099337748344
3565.25,0.136896493970092,0.00750371017848518
3565.5,0.245703393045311,0.0409347544783982
3565.75,0.0316213964984552,-0.000569754891863972
3566,0.321920666666667,0.0495371333333333
3566.25,0.372406035852053,0.053456765146358
3566.5,0.276065963855422,0.0376582289156626
3566.75,0.0783546167073312,-0.000505286220518146
3567,0.372011393769033,0.0432981250878425
3567.25,0.373116086051353,0.0276996079111728
3567.5,0.166670825856913,0.00771326066252579
3567.75,0.25648230125523,0.0449670627615063
3568,0.401037805605247,0.0390658003577817
3568.25,0.380287977126519,0.0550093180843459
3568.5,0.287680550639135,0.0516689410029498
3568.75,0.266311805820307,0.041572922607701
3569,0.0319420041101521,0.00068717961364567
3569.25,0.0393769230096238,0.00376657049868765
3569.5,0.229772648422312,0.0449122620008972
3569.75,0.0316518444345104,0.00120172922068239
3570,0.25558780840488,0.0574716927248079
3570.25,0.329114450434262,0.0602824022162324
3570.5,0.341021442495127,0.0595714379967011
3570.75,0.20136423919479,0.0422396613380698
3571,0.300020926009986,0.0479088533817521
3571.25,0.300799652333028,0.0560174626410491
3571.5,0.265830939849624,0.0157424705513784
3571.75,0.227467789340902,0.0181222271838537
3572,0.105290044530494,0.00408187614391731
3572.25,0.1543252433281,0.0169924734693877
3572.5,0.0448713603603603,0.0173775406188796
3572.75,0.0386652476190476,0.013330712063492
3573,0.154683513913914,0.0131902506506506
3573.25,0.0912175697227281,0.014595754948391
3573.5,0.067887715,0.00777285812499996
3573.75,0.100630666666667,0.0204006666666666
3574,0.0453633621691413,0.0178378768237573
3574.25,0.0628653104786545,0.0120148900388098
3574.5,0.0403954826272136,0.00999953750280204
3574.75,0.0532641146555709,0.0135469969486823
3575,0.0427765450292397,0.0171862450526316
3575.25,0.0463393333333333,0.00945246666666661
3575.5,0.0382995977434388,0.00899683718420403
3575.75,0.0420353510324483,0.00942511386430677
3576,0.0463186049661399,0.0128165417607223
3576.25,0.0374406666666666,0.00893179999999993
3576.5,0.0364209002506265,0.0089958672681704
3576.75,0.0408355476718403,0.016683967972407
3577,0.0341784221556885,0.0110593979041916
3577.25,0.0416688826219512,0.0127844483231706
3577.5,0.0405331723602484,0.0119518467391304
3577.75,0.039981289912629,0.0172365893566322
3578,0.0365795065535852,0.0100333711128244
3578.25,0.044411967840735,0.0148702052067381
3578.5,0.0350941074935399,0.00910460335917313
3578.75,0.0469438939984411,0.0160016623538581
3579,0.0462115706036745,0.0152583584251968
3579.25,0.0390486022878424,0.0156241855812716
3579.5,0.0461072753391859,0.0150060794892258
3579.75,0.0415586666666666,0.0177405333333332
3580,0.0404557457719584,0.0160828169667212
3580.25,0.0409377926421404,0.0167740468227424
3580.5,0.0353003197389886,0.00787286916802605
3580.75,0.0420076390053087,0.0182112123498183
3581,0.040544817204301,0.0157831805900192
3581.25,0.0409291948051948,0.0158695373376623
3581.5,0.0388608579897601,0.016890071571005
3581.75,0.0401877840149692,0.0164784148623362
3582,0.0364276156436156,0.00982456109816107
3582.25,0.0324621466666666,0.00261016389743588
3582.5,0.0396278518518518,0.00783031111111104
3582.75,0.0334152144404332,0.00642865304933813
3583,0.122769520265781,0.0722786604651162
3583.25,0.10623196583234,0.0326904084227254
3583.5,0.192864716091303,0.015490780267874
3583.75,0.259309023603328,0.00834339820003395
3584,0.220195737277077,0.0295488473249239
3584.25,0.294886666666667,0.0505519999999999
3584.5,0.372064528727,0.028515551633496
3584.75,0.218053743589744,0.000812919658119612
3585,0.235112233850595,0.014405364489354
3585.25,0.241873333333333,0.0165997999999999
3585.5,0.161495251396648,0.00291166438547479
3585.75,0.243337184377838,0.0121478485013623
3586,0.148724569387755,0.00456922029478457
3586.25,0.234284573772309,0.00129260454495066
3586.5,0.148292375,0.00538298956140344
3586.75,0.156506074461136,0.00541605869801871
3587,0.240926666666667,0.0035784
3587.25,0.153035533917559,0.0032881319052255
3587.5,0.217587886884881,0.0108320926297038
3587.75,0.22339591002045,0.0181562535787321
3588,0.212778355879292,0.0265736524453693
3588.25,0.0904131033152501,0.0153787660518384
3588.5,0.0816703324839217,0.00913312777575528
3588.75,0.216475062928349,0.0225948807476635
3589,0.0814536151124589,0.0166896795046752
3589.25,0.220846363075404,0.0316990684931506
3589.5,0.327906739953585,0.0423151327714669
3589.75,0.0712916903906062,0.00692534306254492
3590,0.0493735632183907,0.000897701149425249
3590.25,0.432300036941263,0.00489940041866762
3590.5,0.0705437587636638,0.00452687222012806
3590.75,0.411992291666667,-0.00290537916666661
3591,0.25702,-0.00321866666666664
3591.25,0.374589845201238,0.0376481713106295
3591.5,0.332101642512077,0.0154004460112286
3591.75,0.039191422059422,0.00586216687016679
3592,0.281884846248462,-0.00541105584255834
3592.25,0.0387205543770329,0.00541708612643187
3592.5,0.196294688300598,-0.00104311187019637
3592.75,0.222292247157391,0.0181198989527228
3593,0.273586666666667,0.0314293333333333
3593.25,0.318259775641026,0.0457085256410256
3593.5,0.0886909119974675,0.00662951655587211
3593.75,0.201774523923828,0.0509597983677388
3594,0.260806666666667,0.030814
3594.25,0.0331179448099415,0.00219994382309935
3594.5,0.19701648633575,0.0535638572225321
3594.75,0.214791351757849,0.0507040646738108
3595,0.0361834140371008,0.00395460087970926
3595.25,0.316555065554231,0.0546604092173222
3595.5,0.0316186666666666,0.0079662
3595.75,0.241551442910916,0.0168754468841488
3596,0.194651889814222,0.0324971684817425
3596.25,0.0436819502353731,0.0141337906299036
3596.5,0.0436707412398922,0.0130728032345013
3596.75,0.0825493333333333,0.0100157333333333
3597,0.131124347183749,0.011709555355494
3597.25,0.108553928571429,0.0113946149859944
3597.5,0.178221552766155,0.0209742119944211
3597.75,0.0416280344827585,0.0162641957854405
3598,0.0780809011896091,0.00621421510075259
3598.25,0.0455611280518186,0.0123875224713502
3598.5,0.0361427974651457,0.0099049265399239
3598.75,0.0535404003055767,0.0180296825057295
3599,0.0475226666666666,0.0151561333333333
3599.25,0.0380921068376068,0.00909873344017085
3599.5,0.0420040063593005,0.0155026073131955
3599.75,0.0399648622502628,0.0098142754994742
3600,0.0376602979066023,0.0149077933977455
3600.25,0.0360645722809872,0.0137588487116897
3600.5,0.0382300991596638,0.0137713628571428
3600.75,0.0317339324749641,0.0110711935336194
3601,0.0384225824144755,0.0159959527283008
3601.25,0.0374254581901488,0.0148754352806414
3601.5,0.0371887259131434,0.0151928973252804
3601.75,0.0425083897614892,0.0161173717277486
3602,0.0386375297202797,0.01570093006993
3602.25,0.0366166929824561,0.0147644915204678
3602.5,0.0369928365667254,0.015108157201646
3602.75,0.0489469507908611,0.0189639876977153
3603,0.0378236815398074,0.01556608223972
3603.25,0.0387186666666666,0.0170873333333333
3603.5,0.0456829919282511,0.0165281632286995
3603.75,0.0467127882069795,0.0154682812876053
3604,0.0346631791629027,0.0131350213791026
3604.25,0.0346953333333332,0.0133195999999999
3604.5,0.0388233117117117,0.0160371601801801
3604.75,0.0353881486199575,0.00820683767060964
3605,0.0387298191780821,0.0159475726027397
3605.25,0.0418521247739602,0.0128441097046413
3605.5,0.0329852573309395,0.0126815262716935
3605.75,0.0398123723094822,0.0173821960442117
3606,0.0441146666666666,0.015904
3606.25,0.0386856084656084,0.0151126067019399
3606.5,0.0400084685004436,0.0147738127181307
3606.75,0.0337359715808169,0.0123556814683244
3607,0.0322901079199303,0.00703649341456331
3607.25,0.0265305896510228,0.00319982599217804
3607.5,0.0352677333333333,0.0126973333333333
3607.75,0.0187854598540146,0.000762861313868595
3608,0.0268130877192982,0.00359884883040925
3608.25,0.193952950205038,0.0142598529584065
3608.5,0.0317983556747096,0.00242996389633592
3608.75,0.033647184991274,0.00842366055846418
3609,0.0287126259946949,0.00736989039787798
3609.25,0.0261052647584972,0.00501014865831833
3609.5,0.0196612317801672,0.000268107706093157
3609.75,0.0300566666666666,0.00502395999999996
3610,0.0299146666666666,0.00774846666666661
3610.25,0.0192663988652482,-0.00151853390070913
3610.5,0.0328682584916522,0.00198155400115133
3610.75,0.018888112732475,-0.00256535777968516
3611,0.0326786175007316,0.00205246309628322
3611.25,0.0189943221238938,-0.000377996460176974
3611.5,0.03124,0.00545279999999989
3611.75,0.022143042824074,0.00119012928240739
3612,0.0274070890855457,0.00526329911504418
3612.25,0.0948559999999999,0.0011928
3612.5,0.0830912644895557,-0.00552365378052364
3612.75,0.0510743978590544,0.00568439131727621
3613,0.0255590533333333,0.00180193696969687
3613.25,0.0356798490214351,0.0031689027027026
3613.5,0.185677851372186,0.0124193559050261
3613.75,0.173666,0.00449193333333325
3614,0.058366226937813,0.000748527910403719
3614.25,0.0279918363746958,0.00137362974452551
3614.5,0.0292641549515776,0.00325681724461101
3614.75,0.0231637333333333,0.00237470986666666
3615,0.0282964187380496,0.00441151961121729
3615.25,0.0240688380579993,0.00594661390680995
3615.5,0.0396957239875389,0.00100159722118371
3615.75,0.035784,0.00352226266666657
3616,0.0320540159433126,0.00213329907883081
3616.25,0.035248949352179,0.00295940376914011
3616.5,0.037204,0.00463866666666661
3616.75,0.0277222667893283,0.0013252479852805
3617,0.0520664940747493,0.000617577028258866
3617.25,0.0403279999999999,0.00472386666666661
3617.5,0.02736075,0.00147356499999998
3617.75,0.0327428233305156,0.00293261808960268
3618,0.0305069062027231,0.0111669465960665
3618.25,0.0401906204669646,0.0137904361649279
3618.5,0.0346055126171593,0.0100493649122806
3618.75,0.0341928392857142,0.0116652366071428
3619,0.0386868815722306,0.00650437886166403
3619.25,0.0357289929851909,0.00558116445830082
3619.5,0.0412593085106382,0.00956744422492401
3619.75,0.0445439444030776,0.0057068985852568
3620,0.0339230140221402,0.0130696380811807
3620.25,0.039936301108533,0.0158802198504769
3620.5,0.0401544072327044,0.014931385587002
3620.75,0.0377655706479313,0.0152248387197501
3621,0.0417006666666666,0.0134521333333333
3621.25,0.0416861829652996,0.0158691719242901
3621.5,0.0429653787998942,0.0174466913031985
3621.75,0.0459832028191072,0.0155482772122161
3622,0.0428362916006338,0.0172154296354991
3622.25,0.0423232351836953,0.0165592030034861
3622.5,0.0325959808153477,0.0121653704236611
3622.75,0.0376430889603429,0.0143460941050375
3623,0.0443766295081966,0.0162714308196721
3623.25,0.0310254222222222,0.0100955588834687
3623.5,0.0319762100082034,0.0113228943943122
3623.75,0.0386081064928009,0.0167080725889703
3624,0.0417006666666666,0.0136083333333333
3624.25,0.0417352156862745,0.0144723137254901
3624.5,0.0379733058823529,0.01367886
3624.75,0.0452479459002535,0.018711910960834
3625,0.044392926910299,0.0178047006644518
3625.25,0.0436781957236841,0.0150188355263157
3625.5,0.0409433333333333,0.0170683999999999
3625.75,0.0378666666666666,0.0170068666666666
3626,0.0371566666666666,0.0158424666666666
3626.25,0.0369969217540842,0.0128193155631986
3626.5,0.0424579999999999,0.0157146666666666
3626.75,0.0337310785525154,0.0121659283318623
3627,0.0369821119906185,0.00758086004104364
3627.25,0.0402087166957533,0.00866763374054683
3627.5,0.0384878801762114,0.00742401022026425
3627.75,0.0459473948535936,0.0183505075421473
3628,0.0399844381956649,0.017386598125366
3628.25,0.0435345620223397,0.0168148118753674
3628.5,0.0389679667852906,0.0159655164887307
3628.75,0.0390026666666666,0.014626
3629,0.0345562122838401,0.0133469838998211
3629.25,0.0374070875934229,0.0153837238863976
3629.5,0.0395952161042036,0.0140442960331557
3629.75,0.0321105861657721,0.00877720882528317
3630,0.0321665552592592,0.0116733466666666
3630.25,0.0387874126984127,0.0151523767195767
3630.5,0.148626666666667,0.0259386666666666
3630.75,0.0401738143607705,0.0150746553415061
3631,0.0342693333333332,0.0122877333333333
3631.25,0.0245210073260073,0.00238595543345539
3631.5,0.0224611822660098,0.00125782620689648
3631.75,0.0303568008213552,0.00350379897330593
3632,0.00538035261707986,0.00149804132231401
3632.25,0,0
3632.5,0,0
3632.75,0,0
3633,0,0
3633.25,0,0
3633.5,0,0
3633.75,0,0
3634,0,0
3634.25,0,0
3634.5,0,0
3634.75,0,0
3635,0,0
3635.25,0,0
3635.5,0,0
3635.75,0,0
3636,0,0
3636.25,0,0
3636.5,0,0
3636.75,0,0
3637,0,0
3637.25,0,0
3637.5,0,0
3637.75,0,0
3638,0,0
3638.25,0,0
3638.5,0,0
3638.75,0,0
3639,0,0
3639.25,0,0
3639.5,0,0
3639.75,0,0
3640,0,0
3640.25,0,0
3640.5,0,0
3640.75,0,0
3641,0,0
3641.25,0,0
3641.5,0.00723745842217483,0.0011878143567874
3641.75,0.0398154670704011,0.0088943382286146
3642,0.0353333333333333,0.00391022222222222
3642.25,0.0346485741239891,0.0121104566037735
3642.5,0.0365123205636283,0.00998913099955959
3642.75,0.0320921915037086,0.00746002697235332
3643,0.0435015626848691,0.00715943645051194
3643.25,0.0336535330044632,0.0113846173361522
3643.5,0.0264378002773925,0.00191994438280165
3643.75,0.0390953597405605,0.0150216033819781
3644,0.042750442883895,0.0142532898876404
3644.25,0.0336782439024389,0.0102577138675957
3644.5,0.0511715991348233,0.0104211824080749
3644.75,0.0380701900070372,0.0123845618109312
3645,0.0429751046792089,0.0151553798359864
3645.25,0.0400176241900648,0.0139680564434844
3645.5,0.0335369966378482,0.0124565987512007
3645.75,0.0395138871277617,0.0141737688760807
3646,0.0402687376928728,0.0149589853049228
3646.25,0.034222,0.0136462
3646.5,0.0375637907505685,0.0146181410159211
3646.75,0.0402115374776158,0.0156039800460476
3647,0.0415425918674699,0.0166075629518071
3647.25,0.0325127562776957,0.0110505784342688
3647.5,0.0405462833843017,0.0152831951070336
3647.75,0.0301042586520947,0.0116541761124121
3648,0.0379258333333333,0.0129611535416666
3648.25,0.045298,0.0153880666666666
3648.5,0.0396808604712735,0.0169811435001323
3648.75,0.0425053333333333,0.0169642666666666
3649,0.0383711707317073,0.0168169945799458
3649.25,0.0373290649280086,0.0100617936430317
3649.5,0.0403137922149123,0.0164997577302631
3649.75,0.036778,0.00748813333333332
3650,0.040186,0.0162921333333333
3650.25,0.0441016771452846,0.01604216346644
3650.5,0.0381033333333332,0.0170542
3650.75,0.0388879948141745,0.0123798962834918
3651,0.0371599612334802,0.0156328112775329
3651.25,0.0405173333333333,0.00785259999999996
3651.5,0.034539317966903,0.00618494763593377
3651.75,0.0429224955116696,0.0164015098743267
3652,0.0348373333333333,0.0112369333333333
3652.25,0.0418426666666666,0.0116818666666666
3652.5,0.0345684542986425,0.00716026968325788
3652.75,0.0339217590214067,0.00927163162079506
3653,0.0332585123966942,0.00797304138353227
3653.25,0.0419567412712623,0.0158849734407639
3653.5,0.0418521247739602,0.0146931696805304
3653.75,0.0432448797862867,0.0184976179875333
3654,0.04384131270903,0.0181608026755852
3654.25,0.0336145296052631,0.00446613355263153
3654.5,0.0339853333333333,0.00587359333333332
3654.75,0.0389553333333333,0.00619640666666664
3655,0.0348846024423337,0.0030922166621438
3655.25,0.0966429416310759,0.00432675357331704
3655.5,0.206846666666667,0.0524453333333333
3655.75,0.116305847897969,0.0124593228153047
3656,0.204555106774148,0.0356793124027718
3656.25,0.251462535318824,0.0351204658266513
3656.5,0.213551016496846,0.0204080904900533
3656.75,0.198572092701487,0.00795163593773775
3657,0.241393784197855,0.0331558656161085
3657.25,0.171874476854787,0.00391570777848228
3657.5,0.19710928344247,0.00358723791705642
3657.75,0.408085316203565,0.0320002607310029
3658,0.248649672276351,0.0321390398582816
3658.25,0.366885740577582,0.0528899469407733
3658.5,0.217973959495157,0.031799664220722
3658.75,0.222749588080631,0.0284148513000292
3659,0.384112326971274,0.0383161553884711
3659.25,0.342318001145475,0.0505191296296296
3659.5,0.314498628063204,0.0295581417352635
3659.75,0.345433236770954,0.0492597259559675
3660,0.332852308149911,0.0607467299226651
3660.25,0.0246084984386017,0.00264505933313178
3660.5,0.324684449862847,0.0788789442243219
3660.75,0.270379680785758,0.0523682750153468
3661,0.293480436363636,0.0521586224242424
3661.25,0.2769,0.0304826666666666
3661.5,0.209757519057519,0.00978082813582805
3661.75,0.34506,0.0329913333333332
3662,0.558682877670637,0.0419366352807714
3662.25,0.0815631706901448,0.00272817987314205
3662.5,0.372986666666667,0.0279739999999999
3662.75,0.340092345966958,0.0544337749271137
3663,0.332346408374914,0.0539590830642793
3663.25,0.327073333333333,0.0284473333333333
3663.5,0.339342275689223,0.0558638676691729
3663.75,0.305206949100884,0.0626029137458092
3664,0.0436329768429998,0.00312001784576161
3664.25,0.320258536857366,0.0239361135273781
3664.5,0.070103272022792,0.00329590010256402
3664.75,0.31382,0.0315713333333333
3665,0.308743610248447,0.0607497057453415
3665.25,0.288721655701754,0.0523749561403509
3665.5,0.0570299277518061,0.00731019983000422
3665.75,0.262226666666667,0.0509779999999999
3666,0.273113333333333,0.0569893333333333
3666.25,0.285893333333333,0.0684913333333333
3666.5,0.264961335187761,0.0555518219749651
3666.75,0.32802,0.105979333333333
3667,0.436229026548672,0.0463790337594231
3667.25,0.358302642960115,0.0198596655454108
3667.5,0.408715706380208,0.0351335595703124
3667.75,0.381867932067932,0.0203945762237762
3668,0.155327186761229,0.0227938534278959
3668.25,0.147700035915854,0.013087642380708
3668.5,0.120776217746325,0.0118741992378878
3668.75,0.126878324917673,0.0183079462129528
3669,0.274405559198543,0.0127520655737704
3669.25,0.121011055153203,0.00362890295264616
3669.5,0.186493333333333,0.0726566666666666
3669.75,0.0902511506116208,0.0111041991590213
3670,0.153644,0.0761593333333333
3670.25,0.0598367919191919,0.00900383272727269
3670.5,0.0456906611323967,0.0101841203065134
3670.75,0.0406061677475139,0.0150775360570687
3671,0.04348157930565,0.0126323934649421
3671.25,0.0393311379844961,0.0131230770321152
3671.5,0.038914268896321,0.0129934084280936
3671.75,0.0406790314550803,0.0130456707852454
3672,0.0430558584316446,0.0130020166551005
3672.25,0.0328255477386934,0.00981450720268001
3672.5,0.0400735092114959,0.0160388773274379
3672.75,0.0361082457988462,0.00777934196137443
3673,0.0407363859111791,0.0182221735579377
3673.25,0.0326126666666666,0.00968439999999996
3673.5,0.040470183747412,0.0119332735507246
3673.75,0.0396962976841009,0.0160537891230808
3674,0.0368572375690607,0.0104499447513811
3674.25,0.0347313552526062,0.0108274525527933
3674.5,0.0390368456057006,0.0160013350224334
3674.75,0.0488980380952381,0.016299346031746
3675,0.0451665527529156,0.017820688039056
3675.25,0.043239058149058,0.00823668615888614
3675.5,0.0400634158576051,0.0161251684466019
3675.75,0.0410853333333332,0.0165477333333333
3676,0.0405459642276422,0.00947490189701894
3676.25,0.0381346274509803,0.013017062745098
3676.5,0.0392212978369383,0.0151261896838602
3676.75,0.0420076390053087,0.0182112123498183
3677,0.0405784086021505,0.0157962569616763
3677.25,0.0377881034957335,0.0176029187998899
3677.5,0.036605921182266,0.0129113908045976
3677.75,0.0364290470748299,0.01231671292517
3678,0.0363427687127686,0.00980167780367773
3678.25,0.0437973606889563,0.0162135369807497
3678.5,0.0407963207261724,0.0121105161875945
3678.75,0.0487175904203323,0.0112570742913
3679,0.0887651333333333,0.00814706666666662
3679.25,0.0834153470747449,0.0210079583593587
3679.5,0.176930351831701,0.037656834240116
3679.75,0.211850605481198,0.0173074378585085
3680,0.203340857538036,0.0350751129552789
3680.25,0.371401060220526,0.0337508948261238
3680.5,0.150226363273453,0.00154491465069859
3680.75,0.326045306850013,0.0196569511586452
3681,0.164659240132792,0.00534669371695554
3681.25,0.381638455543748,0.0538281105207226
3681.5,0.351570378402801,0.0431171218795888
3681.75,0.383116650310762,0.036337321557082
3682,0.319264194508766,0.0582525524313596
3682.25,0.371459423435273,0.0611202367642223
3682.5,0.274806048565121,0.0138919195584989
3682.75,0.222695733592821,-0.00901273953940958
3683,0.166873755750732,0.0269818410706817
3683.25,0.19982373125,0.0337697447916666
3683.5,0.229191680278776,0.0137089704018294
3683.75,0.0979421333333333,0.000867961762711791
3684,0.183843581952118,0.0316514208103131
3684.25,0.342108814317673,0.103438163664194
3684.5,0.204452224938875,0.0290860440097799
3684.75,0.116703063785291,0.00259497699546871
3685,0.25503677002584,0.0393201402396053
3685.25,0.139680666666667,0.019596
3685.5,0.253098593436035,0.0404768162536279
3685.75,0.311646413448239,0.0636474246196403
3686,0.352661106203996,0.0645284731861198
3686.25,0.340948273092369,0.0456661164658634
3686.5,0.347069037037037,0.0564819199999999
3686.75,0.433275319974143,0.0333803723335487
3687,0.283500755946562,0.0267354984251112
3687.25,0.322640093333333,0.041947936
3687.5,0.323504002240896,0.0544699271708683
3687.75,0.31477096969697,0.0464322787878787
3688,0.303037042108867,0.0401997576172543
3688.25,0.0433318525259596,0.00273712082604123
3688.5,0.309984521907528,0.0481354219317356
3688.75,0.270735722543353,0.0501098574181117
3689,0.304899868938401,0.0333262647444298
3689.25,0.0285705134865135,0.0027765042957042
3689.5,0.277009142394822,0.0711832443365695
3689.75,0.202751640262442,0.0512065770523284
3690,0.255795512148642,0.0291126383992377
3690.25,0.234071303074671,0.0419909731576379
3690.5,0.243747828715365,0.0576775385390428
3690.75,0.0283420112302194,0.00194615143780838
3691,0.0406450140056022,0.0135135175070027
3691.25,0.271888519843297,0.00903142735479473
3691.5,0.150094,0.0226371666666666
3691.75,0.0444678674463938,0.0167254409356725
3692,0.300696224028907,0.0103803924119241
3692.25,0.0381073136363636,0.013200449090909
3692.5,0.183757386213409,0.0229696732766761
3692.75,0.108435121675156,0.00570969945670623
3693,0.17321104537622,0.00489270202948492
3693.25,0.308719798219584,0.0212747181008902
3693.5,0.0848614588329336,0.0139040418065547
3693.75,0.224756052132701,0.0382472962085308
3694,0.070233182756527,0.00837869548674356
3694.25,0.0845055431639818,0.0164295583643122
3694.5,0.0640108407138136,0.0186234955276492
3694.75,0.0437487198167239,0.0159969587628866
3695,0.045527772463768,0.0145669842512076
3695.25,0.0418919852832965,0.0182586713760117
3695.5,0.0443844811416921,0.0148440373088684
3695.75,0.0419415221238937,0.00940407566371671
3696,0.0421397987804877,0.0171248969512194
3696.25,0.0454976612695964,0.0135164584939604
3696.5,0.0375895073815073,0.00868903185703179
3696.75,0.0391446666666666,0.015336
3697,0.0404226666666666,0.0161406666666666
3697.25,0.0405323184476342,0.0163642732589048
3697.5,0.0366833333333333,0.00773426666666664
3697.75,0.0460580457358084,0.0191256388485337
3698,0.0428721568627451,0.0172388705882353
3698.25,0.0373439215686274,0.0152507450980392
3698.5,0.042009201111111,0.0154096743333332
3698.75,0.0434886065711878,0.0164716650379106
3699,0.031098,0.0136177999999999
3699.25,0.0406248762711864,0.0177349576271186
3699.5,0.0341163481228668,0.00771634300341289
3699.75,0.0320761675332177,0.0136502442518775
3700,0.0362885896551723,0.00860788086206895
3700.25,0.0349620878552971,0.0102612306632213
3700.5,0.0423944216027874,0.0139030864111497
3700.75,0.0401386666666666,0.0169926666666666
3701,0.0356022694300518,0.0162045135290731
3701.25,0.0363684340690435,0.00839453452178826
3701.5,0.0363499840999432,0.00884073373083466
3701.75,0.0360850352348993,0.0112653412751678
3702,0.0279969107289106,0.00580687194103192
3702.25,0.0514986666666666,0.0106121333333333
3702.5,0.040734880484115,0.0120922774583963
3702.75,0.0305583157894737,0.00213153684210516
3703,0.107352,0.00709999999999993
3703.25,0.051688,0.00584566666666657
3703.5,0.155207332965213,0.0623677172832689
3703.75,0.142723458226987,0.004263290862685
3704,0.244829697257885,0.0011933671897289
3704.25,0.262105152329749,0.0391498835125447
3704.5,0.15910825751073,0.0140971810300429
3704.75,0.164178711901807,0.00289087011446691
3705,0.163607469209376,0.00858469076943443
3705.25,0.185080505050505,0.0345734141414141
3705.5,0.203264970238095,0.0487740944940476
3705.75,0.167296938953127,0.0265203670272286
3706,0.311511306686224,0.0406153673145091
3706.25,0.194374366998577,0.00383571692745372
3706.5,0.359049033516149,0.00737992604509438
3706.75,0.201930384336476,0.0302419325598259
3707,0.206383866481224,-0.00267360917941577
3707.25,0.280157627318918,0.0308173390050809
3707.5,0.274042920090508,0.0315149358104084
3707.75,0.368454744346116,0.0367508775811208
3708,0.226253333333333,0.0372986666666666
3708.25,0.167513016601816,0.0340959865110246
3708.5,0.187123282131661,0.0143364357366771
3708.75,0.157942199509403,0.02025264840556
3709,0.143289808853951,0.00477490402427241
3709.25,0.248286669487939,0.0624751925518409
3709.5,0.253814443500425,0.0173503007646558
3709.75,0.242988581767571,0.0119745151287404
3710,0.0738767172568858,-0.00101700415964016
3710.25,0.311583213789269,0.0199119667778704
3710.5,0.27819398005698,0.0627010102564102
3710.75,0.191640219146482,0.00723394391580155
3711,0.259061483757682,0.0160485993854257
3711.25,0.223712948889882,0.0284380867232901
3711.5,0.2680205625,0.00824387761904756
3711.75,0.254064094847241,0.000184515823073364
3712,0.289709863301788,0.0127396845425866
3712.25,0.310033333333333,0.00853893333333325
3712.5,0.243909111111111,0.0178237644444444
3712.75,0.242225405143134,0.0320439087821445
3713,0.20164,0.0403753333333333
3713.25,0.210840496492175,0.0495760086346465
3713.5,0.147503160744501,0.0102175927805978
3713.75,0.181931955163543,0.0147955571848585
3714,0.207174116777531,0.0643380169992609
3714.25,0.0330094206871345,0.00219273483187134
3714.5,0.0414166666666666,0.00503153333333329
3714.75,0.163213720191953,0.0411343964562569
3715,0.178825333333333,0.000709999999999929
3715.25,0.365822073079791,0.0405626547352721
3715.5,0.0923195343915343,0.0082783960695389
3715.75,0.0369762083333333,0.014762149074074
3716,0.284739618593564,0.0128581423122765
3716.25,0.323367087378641,0.0187212524271844
3716.5,0.0822216094234346,0.00592033477991317
3716.75,0.288144833022195,0.0316106255963493
3717,0.0408578959247649,0.0151508806687565
3717.25,0.0383440309677419,0.0136197238709677
3717.5,0.0399493333333333,0.0131586666666666
3717.75,0.107730666666667,0.044304
3718,0.0551647400530503,0.00829598275862059
3718.25,0.0701951411817772,0.00829191930536754
3718.5,0.0364213388927495,0.00989052202918687
3718.75,0.0542055017743079,0.0249742625975869
3719,0.037800209111277,0.0146606074184714
3719.25,0.0380846350639578,0.0149685879107098
3719.5,0.044182120285423,0.014776359327217
3719.75,0.0419227010148322,0.0161532667187093
3720,0.0314766666666666,0.0131018666666666
3720.25,0.0368547230646448,0.0150403272146847
3720.5,0.0424322168021679,0.0161384654742547
3720.75,0.0432508430566967,0.0171297972062448
3721,0.0304826666666666,0.0130024666666666
3721.25,0.0386865349930843,0.0150253204979253
3721.5,0.0416180039581566,0.011336176759966
3721.75,0.0364175692915608,0.00845340468529487
3722,0.042115924057971,0.0151977372753623
3722.25,0.0420524346549192,0.0162445247577092
3722.5,0.0350102884955751,0.0110407953097344
3722.75,0.0347757832744405,0.0109997314487632
3723,0.0402689695896072,0.017239856510186
3723.25,0.0402806666666666,0.0181759999999999
3723.5,0.0420122883526958,0.0125183342269883
3723.75,0.0429224955116696,0.0164015098743267
3724,0.035910417699115,0.0139946403539822
3724.25,0.0386403829913767,0.0167505108534047
3724.5,0.038482,0.0162353333333333
3724.75,0.0382849671111111,0.016064579911111
3725,0.0361607329780935,0.0144737346358791
3725.25,0.0361153333333333,0.00991633333333332
3725.5,0.0363841130742049,0.014321507008245
3725.75,0.03195,0.00580306666666657
3726,0.0355641656669523,0.00925046649528696
3726.25,0.0381979999999999,0.00697219999999993
3726.5,0.0351686666666666,0.00589299999999996
3726.75,0.0314522472200672,0.0062275449495733
3727,0.090754895184136,0.017336269121813
3727.25,0.0785119126984127,0.0172754551587301
3727.5,0.0783324069469113,0.012165008565226
3727.75,0.255320694214876,0.0141813483195591
3728,0.195965201465201,0.027892857142857
3728.25,0.192454068965517,0.00873590528735626
3728.5,0.25405379246161,0.0140247102838529
3728.75,0.243163324444444,0.0135524295111111
3729,0.293780458584121,0.0128753300659214
3729.25,0.156702707205331,0.00581484381507705
3729.5,0.2806914,0.00726773355555549
3729.75,0.300690001367802,-0.00328154599917925
3730,0.248767994501718,0.00224647903780064
3730.25,0.290448095438596,0.0144470859789473
3730.5,0.187439599718111,0.00400093155743474
3730.75,0.260258554621849,-0.00171447697478991
3731,0.238278362855609,0.0558509323671497
3731.25,0.295705134955458,0.03779510969286
3731.5,0.193834861055175,0.00308909571754598
3731.75,0.179244018003047,0.0021769042459493
3732,0.170718203944608,0.00854288208140989
3732.25,0.189552631889184,0.0173835956380783
3732.5,0.162396209081618,-0.00467631335669437
3732.75,0.133479935454545,0.00705381772727269
3733,0.141764372926939,0.0189635324667562
3733.25,0.19897196794301,0.0396062404274265
3733.5,0.225977788061083,-0.00932455714946783
3733.75,0.273213084509179,0.0169789169473524
3734,0.335145278148643,0.018151732977303
3734.25,0.0521848925219497,0.00230562343324241
3734.5,0.169457472004909,0.00150576416628311
3734.75,0.0377719999999999,0.00132533333333329
3735,0.26812716910033,-0.000236443711728669
3735.25,0.0432210406579763,0.00435057017380499
3735.5,0.0417284183864915,0.00279135678549088
3735.75,0.192371194788688,0.00535472546870025
3736,0.20372988894254,0.0137493985514243
3736.25,0.146709826576577,0.00949426894465892
3736.5,0.0377141276041666,0.00334025878906243
3736.75,0.180525630468348,0.0146836989191971
3737,0.13852345348219,0.00543995130249865
3737.25,0.206846666666667,0.0165477333333333
3737.5,0.164341333333333,0.0039972358885686
3737.75,0.184610087866891,0.00578319356889128
3738,0.138478955954323,0.00379168569874927
3738.25,0.236919932126697,0.0116128826168928
3738.5,0.0437787285067873,0.00581213389140269
3738.75,0.214067335965407,0.0505331520962586
3739,0.0386753571961223,0.00751285361670391
3739.25,0.0408034751131222,0.0129683266968326
3739.5,0.180576666666667,0.01633
3739.75,0.33693733175915,0.0227942133018496
3740,0.305983135135135,0.0264429869869869
3740.25,0.0419900184254606,0.0117249780569514
3740.5,0.252286666666667,0.0123208666666666
3740.75,0.213337622377622,0.00613050019071837
3741,0.172510237113402,0.0149518314432989
3741.25,0.269978439153439,0.0253874462081128
3741.5,0.0396327619047619,0.0138879999999999
3741.75,0.191281005071461,0.0498849469801752
3742,0.0549066666666666,0.00876613333333332
3742.25,0.076499172145118,0.00487273674214754
3742.5,0.0570449669942051,0.0150150671201813
3742.75,0.0425053333333333,0.00931519999999993
3743,0.054661414300736,0.0104250173501577
3743.25,0.0387160349483717,0.015562327773365
3743.5,0.0397271947194719,0.0133842810781077
3743.75,0.0375517089511257,0.00936428006589781
3744,0.0334930025402201,0.00998631532599487
3744.25,0.0321475705627705,0.0110145732178931
3744.5,0.0314907256737588,0.010740839716312
3744.75,0.0405299068837474,0.0174131992002285
3745,0.037425266154284,0.0126014187304298
3745.25,0.0341273333333333,0.0103068333333332
3745.5,0.0407430235632183,0.017468040229885
3745.75,0.0428366666666666,0.0161406666666666
3746,0.0396653333333333,0.0165051333333333
3746.25,0.0420895506607929,0.0162588623788546
3746.5,0.0348684658921656,0.00868869109323796
3746.75,0.0348065583038868,0.0110094657243815
3747,0.037062,0.0155916
3747.25,0.0383323561076605,0.0166264234250221
3747.5,0.0413497115151515,0.0142447859393939
3747.75,0.0432545486993345,0.015762090199637
3748,0.0428928988361683,0.0165092734109221
3748.25,0.0418426666666666,0.0116818666666666
3748.5,0.0344435457013574,0.00713439698340866
3748.75,0.0351365198049969,0.0130331424741011
3749,0.0395344297924298,0.0161353438339437
3749.25,0.040207228805834,0.0127944977210574
3749.5,0.0377246666666666,0.00878033333333329
3749.75,0.0301039999999999,0.00768219999999996
3750,0.0460472894961571,0.0153017227440933
3750.25,0.0352528750681942,0.0079767899618112
3750.5,0.041038,0.0109198
3750.75,0.0284751046875,0.00437751609375
3751,0.0342448652384243,0.00563137783920754
3751.25,0.0839353928794503,0.0211389306683322
3751.5,0.193518864365214,0.0155433210714959
3751.75,0.170782200888889,0.0364745365333333
3752,0.214899634749957,0.00239298719918073
3752.25,0.130727023069208,0.0095564006018054
3752.5,0.173935677233429,0.00259958213256481
3752.75,0.196020357941834,0.00113309328859053
3753,0.306246666666667,0.059782
3753.25,0.260694491756272,0.00670897984229384
3753.5,0.274887719146482,0.00877653561130329
3753.75,0.218206666666667,-0.00541966666666657
3754,0.155658752725687,0.0323618805058874
3754.25,0.192282674772036,0.00783373860182365
3754.5,0.274736721979621,0.0191374826200873
3754.75,0.231319083969466,0.00542765190839691
3755,0.192817301446708,-0.00103751815766162
3755.25,0.154162779141104,-9.49570552147238e-05
3755.5,0.200756543099598,0.00620304496054778
3755.75,0.160415380586907,-0.000360058148984148
3756,0.196865545286506,-0.000753224695009176
3756.25,0.193683966916355,0.0113747894506866
3756.5,0.20806897642778,0.00667712260718235
3756.75,0.196810848337388,0.0268296711759935
3757,0.178798632478632,0.0180743126890204
3757.25,0.175305963528832,0.0225054953178905
3757.5,0.226188724035608,0.0105931719090009
3757.75,0.217475856929955,0.0340190991886073
3758,0.177820903954802,-0.00448831372549017
3758.25,0.232061337295691,-0.000186688855869235
3758.5,0.225485256346441,0.0048345168740666
3758.75,0.226421624154086,0.0199789441610272
3759,0.192138271604938,0.00968685432098765
3759.25,0.193099462809917,0.0212128196280991
3759.5,0.193280090750436,0.0114063817102966
3759.75,0.180226053959965,-0.00558980911401218
3760,0.0732273800424628,-0.00283095541401269
3760.25,0.164589027854639,0.000742077697841721
3760.5,0.148461065923863,0.0101369594057566
3760.75,0.125669330315035,0.0135526664402943
3761,0.0980421320604613,0.0110910161893396
3761.25,0.0318827896157839,0.00440540682035303
3761.5,0.0273075117609662,0.00142246446280991
3761.75,0.119388731596361,0.00459223771712154
3762,0.0300525196374622,0.00421115085599187
3762.25,0.152585630073985,0.021335402039592
3762.5,0.0270273333333333,0.00275479999999993
3762.75,0.210118966218966,0.027055768009768
3763,0.298673333333333,0.0310033333333333
3763.25,0.129075931897436,0.00750738125128197
3763.5,0.0640962274064733,0.0116792313997477
3763.75,0.161676760828625,0.00417428595940569
3764,0.162039101075269,0.000921213548387067
3764.25,0.18657456671129,0.0180665820615796
3764.5,0.156211228357192,0.00240906339468294
3764.75,0.172203350175438,0.0260698713450292
3765,0.179724666666667,0.0236193333333332
3765.25,0.199892360807197,0.0347680077802091
3765.5,0.111247676767677,0.00387380303030299
3765.75,0.129125333333333,0.0233826666666666
3766,0.110794836200449,0.0103238496135626
3766.25,0.0409433333333333,0.0105364
3766.5,0.0438651790026247,0.00985782262467183
3766.75,0.0357570669895077,0.0105941588915791
3767,0.0462446666666666,0.0160885999999999
3767.25,0.038122752136752,0.00910605341880342
3767.5,0.0435110602343962,0.0159997735622785
3767.75,0.0418774197120708,0.0157987776854928
3768,0.0399221026508742,0.013811530287648
3768.25,0.0387848524216523,0.0148406586894587
3768.5,0.0385833537588652,0.0144152357446808
3768.75,0.0398800370049147,0.0176483339115351
3769,0.0400088428446004,0.018207333918642
3769.25,0.0443513333333333,0.0138592
3769.5,0.0371566666666666,0.0151798
3769.75,0.0369673333333333,0.0148910666666666
3770,0.0403295187165775,0.0103827058823529
3770.25,0.042750609954751,0.0151991659728507
3770.5,0.0389322647412755,0.0162249268351383
3770.75,0.040017568230604,0.016866908923643
3771,0.038695129798903,0.0161584058500914
3771.25,0.0391543926940638,0.0170988316590562
3771.5,0.0317320018050541,0.0108106342960288
3771.75,0.0322813333333333,0.0116298
3772,0.0400264429947189,0.00869442311276792
3772.25,0.0393813333333332,0.0143325333333332
3772.5,0.0379612445278299,0.0157308736710443
3772.75,0.036802832070707,0.0146455429292929
3773,0.0368826812144212,0.0140125707779886
3773.25,0.0418259607843136,0.00863075381263616
3773.5,0.0426548023653905,0.0159175238095238
3773.75,0.034584073800738,0.0108916209471094
3774,0.0403382917431192,0.0202117067889907
3774.25,0.067241034336068,0.0155204446672744
3774.5,0.0319314337240757,0.00932359963931461
3774.75,0.039998075890251,0.0150087119673088
3775,0.0364630728813559,0.00484755508474572
3775.25,0.0512146666666666,0.00988793333333329
3775.5,0.0376533134328358,0.00987280245829665
3775.75,0.0328019999999999,-0.000141999999999965
3776,0.0196324576744186,0.00147006325581393
3776.25,0.034932,0.00173381999999989
3776.5,0.030510608317815,0.00663028057107379
3776.75,0.0260564227642276,0.00357006214995479
3777,0.0287126259946949,0.00736989039787798
3777.25,0.0202408959064327,-0.00056750175438594
3777.5,0.0198207909199522,0.000270283512544782
3777.75,0.0236255787037037,0.00314928964120366
3778,0.032064347368421,-0.00156790421052622
3778.25,0.090729672052663,-0.00420132196289638
3778.5,0.0293253540556542,0.00759900935464771
3778.75,0.0218303315881326,0.00177679916230366
3779,0.0326499016681299,0.00205065952589987
3779.25,0.0190279999999999,-0.000378666666666607
3779.5,0.0312125483304042,0.00544800843585235
3779.75,0.01917,-0.000378666666666607
3780,0.0192646666666666,-0.000378666666666607
3780.25,0.021016,0.000534866666666643
3780.5,0.0199746666666666,0.000624799999999929
3780.75,0.0225779999999999,0.00168506666666664
3781,0.022294,0.00155726666666664
3781.25,0.0238086666666666,0.00334173333333325
3781.5,0.024282,0.000780999999999964
3781.75,0.0248973333333332,0.000582199999999929
3782,0.02556,0.00134426666666664
3782.25,0.026128,0.00192173333333329
3782.5,0.0260806666666666,0.00158093333333329
3782.75,0.0256073333333333,0.00107778
3783,0.0263173333333333,0.00210159999999996
3783.25,0.0266486666666666,0.00266013333333325
3783.5,0.0297253333333333,0.00104133333333325
3783.75,0.0253706666666666,0.00106973333333329
3784,0.026412,0.00201639999999996
3784.25,0.0259859999999999,0.00175606666666657
3784.5,0.0245659999999999,-0.000113599999999929
3784.75,0.0245186666666666,-0.000241399999999929
3785,0.0246606666666666,-1.89333333333333e-05
3785.25,0.0256073333333333,0.00107919999999996
3785.5,0.0250393333333333,-0.000288733333333322
3785.75,0.0268853333333333,0.00183653333333329
3786,0.0360206666666666,0.0133006666666666
3786.25,0.0356419999999999,0.0129598666666666
3786.5,0.035074,0.0118428
3786.75,0.0342693333333332,0.0116913333333332
3787,0.0341273333333333,0.0122025333333332
3787.25,0.0349793333333333,0.0129882666666666
3787.5,0.0347899999999999,0.0127421333333333
3787.75,0.034506,0.0126758666666666
3788,0.03408,0.0122593333333333
3788.25,0.0349793333333333,0.0132249333333332
3788.5,0.034506,0.0131208
3788.75,0.0350266666666666,0.0129835333333333
3789,0.0361626666666666,0.0138355333333333
3789.25,0.0343639999999999,0.0119611333333333
3789.5,0.0337013333333333,0.0115824666666666
3789.75,0.0346953333333332,0.0130119333333333
3790,0.0353106666666666,0.013774
3790.25,0.0341273333333333,0.0120841999999999
3790.5,0.0345533333333333,0.0126616666666666
3790.75,0.0351686666666666,0.0133953333333333
3791,0.0348373333333333,0.0133290666666666
3791.25,0.0342693333333332,0.0121362666666666
3791.5,0.034222,0.0122404
3791.75,0.034222,0.0122451333333332
3792,0.0342693333333332,0.0124141133333333
3792.25,0.0358313333333333,0.0136698666666666
3792.5,0.0339379999999999,0.0124486666666666
3792.75,0.0337013333333333,0.0121836
3793,0.0352633333333333,0.0145502666666666
3793.25,0.0338906666666666,0.0124581333333332
3793.5,0.0338433333333333,0.0124108
3793.75,0.034648,0.0133432666666666
3794,0.0345533333333333,0.0133432666666666
3794.25,0.0344113333333333,0.0128888666666666
3794.5,0.0336066666666666,0.0119706
3794.75,0.0337013333333333,0.0121552
3795,0.0338906666666666,0.0125575333333333
3795.25,0.0339379999999999,0.0124818
3795.5,0.0343166666666666,0.0128557333333333
3795.75,0.0333226666666666,0.0113173999999999
3796,0.0346006666666666,0.0131113333333333
3796.25,0.0346953333333332,0.0133195999999999
3796.5,0.0335593333333333,0.0119942666666666
3796.75,0.0351213333333333,0.0138686666666666
3797,0.0347426666666666,0.013419
3797.25,0.0337486666666666,0.0122356666666666
3797.5,0.0344586666666666,0.0130639999999999
3797.75,0.0346953333333332,0.01278
3798,0.0346953333333332,0.0136225333333333
3798.25,0.0338906666666666,0.0124202666666666
3798.5,0.0334646666666666,0.0119611333333333
3798.75,0.033796,0.0123776666666666
3799,0.0342693333333332,0.0122877333333333
3799.25,0.0245659999999999,0.00239033333333329
3799.5,0.0224833333333333,0.00125906666666664
3799.75,0.0211579999999999,0.00115493333333329
3800,0.0219153333333332,0.00280686666666661
3800.25,0.0221993333333333,0.00332942666666664
3800.5,0.0213,0.00186019999999993
3800.75,0.0211106666666666,0.00137739999999996
3801,0.0221993333333333,0.00268114933333332
3801.25,0.0228146666666666,0.00349793333333329
3801.5,0.0203533333333333,0.000724199999999893
3801.75,0.0211579999999999,0.0018744
3802,0.0218206666666666,0.00172766666666664
3802.25,0.020448,0.00107446666666657
3802.5,0.0209213333333333,0.00157619999999989
3802.75,0.0211579999999999,0.00154306666666657
3803,0.0217733333333333,0.00214893333333325
3803.25,0.0219626666666666,0.00290626666666657
3803.5,0.0213473333333333,0.00190753333333332
3803.75,0.0204006666666666,0.000695799999999964
3804,0.020874,0.00132059999999989
3804.25,0.0212526666666666,0.00212053333333332
3804.5,0.0219153333333332,0.00224123333333329
3804.75,0.0206846666666666,0.00113599999999993
3805,0.0212526666666666,0.00184599999999996
3805.25,0.020874,0.00153833333333329
3805.5,0.0200693333333333,0.00031713333333325
3805.75,0.0211579999999999,0.00181286666666664
3806,0.020874,0.00114546666666661
3806.25,0.0218206666666666,0.00255126666666661
3806.5,0.0223886666666666,0.00261959233333332
3806.75,0.0230986666666666,0.00236803933333332
3807,0.0240453333333332,0.00176553333333325
3807.25,0.0223413333333332,0.00351686666666664
3807.5,0.0222466666666666,0.00135846666666661
3807.75,0.0220099999999999,0.00123066666666661
3808,0.0263173333333333,0.00262226666666664
3808.25,0.0276426666666666,0.00164719999999993
3808.5,0.0186493333333333,-0.0005112
3808.75,0.0206846666666666,-0.00101766666666661
3809,0.026412,-0.000108866666666643
3809.25,0.0232406666666666,-0.000440199999999964
3809.5,0.0266013333333332,-0.0012354
3809.75,0.0231933333333332,0.000160933333333321
3810,0.0294886666666666,0.0105316666666666
3810.25,0.0335119999999999,0.0107825333333333
3810.5,0.0334173333333333,0.0102097999999999
3810.75,0.0326126666666666,0.00922999999999993
3811,0.0337486666666666,0.0102869533333333
3811.25,0.0337486666666666,0.0114168
3811.5,0.0326126666666666,0.0105032666666666
3811.75,0.0322339999999999,0.0105553333333333
3812,0.0337486666666666,0.0130024666666666
3812.25,0.0368253333333333,0.0130876666666666
3812.5,0.0342693333333332,0.0120747333333333
3812.75,0.0346953333333332,0.0129361999999999
3813,0.0348846666666666,0.013774
3813.25,0.033654,0.0125575333333333
3813.5,0.0334646666666666,0.0124297333333333
3813.75,0.0332753333333333,0.0121220666666666
3814,0.03337,0.0123966
3814.25,0.034222,0.0136462
3814.5,0.0341273333333333,0.0130450666666666
3814.75,0.0330386666666666,0.0118948666666666
3815,0.030814,0.0121883333333333
3815.25,0.031666,0.0136935333333333
3815.5,0.0312873333333333,0.0131870666666666
3815.75,0.0301513333333333,0.0116724
3816,0.0314766666666666,0.0131018666666666
3816.25,0.03124,0.0127657999999999
3816.5,0.0308613333333332,0.0132391333333333
3816.75,0.0304826666666666,0.0129314666666666
3817,0.0304826666666666,0.0130024666666666
3817.25,0.030672,0.0132912
3817.5,0.0311453333333333,0.0140769333333332
3817.75,0.0323286666666666,0.0152034666666666
3818,0.0307666666666666,0.0132486
3818.25,0.0308613333333332,0.0133764
3818.5,0.0305299999999999,0.0127231999999999
3818.75,0.0305773333333333,0.0131823333333332
3819,0.031098,0.0136177999999999
3819.25,0.0309086666666666,0.0134332
3819.5,0.0310033333333333,0.0132769999999999
3819.75,0.0318553333333333,0.0135562666666666
3820,0.0293939999999999,0.0080514
3820.25,0.028968,0.00727039999999993
3820.5,0.0298673333333333,0.00863359999999993
3820.75,0.02982,0.00870933333333325
3821,0.0300566666666666,0.00889393333333332
3821.25,0.0301513333333333,0.00867146666666664
3821.5,0.029962,0.00816026666666664
3821.75,0.029962,0.00871406666666664
3822,0.0314293333333333,0.008946
3822.25,0.0381979999999999,0.00697219999999993
3822.5,0.0351686666666666,0.00589299999999996
3822.75,0.041038,0.00532026666666661
3823,0.0604919999999999,0.00540073333333332
3823.25,0.0705739999999999,0.00303879999999996
3823.5,0.112369333333333,0.00619119999999996
3823.75,0.18034,0.0103375999999999
3824,0.22152,0.0258913333333333
3824.25,0.206373333333333,0.00480906666666661
3824.5,0.2201,0.00506939999999989
3824.75,0.23714,0.004473
3825,0.220573333333333,-0.007029
3825.25,0.221046666666667,-0.0112653333333333
3825.5,0.226726666666667,-0.0014058
3825.75,0.242346666666667,0.0120984
3826,0.23714,-0.000492266666666643
3826.25,0.233353333333333,0.00128746666666657
3826.5,0.22436,-0.009372
3826.75,0.221046666666667,-0.008946
3827,0.240926666666667,0.0035784
3827.25,0.209686666666667,-0.00629533333333332
3827.5,0.217733333333333,0.0108393333333333
3827.75,0.186067333333333,-0.00691066666666657
3828,0.185073333333333,-0.00408486666666661
3828.25,0.179866666666667,-0.0043452
3828.5,0.16046,-0.00371566666666657
3828.75,0.204006666666667,0.0237613333333333
3829,0.20306,0.0110286666666666
3829.25,0.213,0.0204006666666666
3829.5,0.239033333333333,0.0125386
3829.75,0.233826666666667,0.00993053333333329
3830,0.223413333333333,0.00446826666666661
3830.25,0.23004,0.00363519999999996
3830.5,0.22294,0.00181286666666664
3830.75,0.213946666666667,0.000889866666666607
3831,0.30672,0.0514513333333333
3831.25,0.34932,0.0657933333333332
3831.5,0.352633333333333,0.0603499999999999
3831.75,0.310506666666667,0.0501259999999999
3832,0.0473965162432056,0.000845489647326462
3832.25,0.0370787026182102,0.00199321794971986
3832.5,0.281633333333333,0.0426
3832.75,0.286366666666667,0.0674973333333332
3833,0.327784943310658,0.0466499730914587
3833.25,0.325653333333333,0.10224
3833.5,0.275006666666667,0.0706686666666666
3833.75,0.257493333333333,0.0412746666666666
3834,0.256530204859457,0.029196255359695
3834.25,0.273113333333333,0.0497946666666666
3834.5,0.292993333333333,0.0807979999999999
3834.75,0.29678,0.0683966666666666
3835,0.30956,0.07242
3835.25,0.321393333333333,0.0726093333333332
3835.5,0.168809485368315,0.0161858506559031
3835.75,0.0404064678178963,0.017863912087912
3836,0.334231934112646,0.0190298862911796
3836.25,0.139775333333333,0.00608233333333332
3836.5,0.130403333333333,0.00230513333333329
3836.75,0.140059333333333,0.00408013333333332
3837,0.125244,0.00316186666666657
3837.25,0.120274,0.00360679999999993
3837.5,0.114026,0.00730826666666664
3837.75,0.103092,0.00503626666666657
3838,0.0897439999999999,0.0062622
3838.25,0.0655566666666666,0.0105553333333333
3838.5,0.0601606666666666,0.00708106666666657
3838.75,0.0485166666666666,0.0117670666666666
3839,0.0358313333333333,0.00913533333333325
3839.25,0.038908,0.0104133333333333
3839.5,0.0381506666666666,0.00936726666666661
3839.75,0.0372513333333332,0.0107494
3840,0.0369673333333333,0.0108298666666666
3840.25,0.0373933333333333,0.0101908666666666
3840.5,0.0371566666666666,0.0103375999999999
3840.75,0.0351686666666666,0.0100488666666666
3841,0.0358786666666666,0.0108061999999999
3841.25,0.0367306666666666,0.00919686666666661
3841.5,0.0361153333333333,0.0091164
3841.75,0.0335119999999999,0.00890813333333328
3842,0.036636,0.0100488666666666
3842.25,0.0342693333333332,0.00978853333333332
3842.5,0.032092,0.00947613333333325
3842.75,0.0319026666666666,0.00909746666666664
3843,0.032376,0.00975066666666661
3843.25,0.0333226666666666,0.0111422666666666
3843.5,0.0324706666666666,0.0100441333333333
3843.75,0.0372513333333332,0.0103991333333333
3844,0.0386713333333333,0.0117386666666666
3844.25,0.037062,0.00976486666666657
3844.5,0.038482,0.0109103333333333
3844.75,0.0375353333333333,0.0101671999999999
3845,0.0382453333333333,0.00976486666666657
3845.25,0.0371093333333333,0.00953766666666661
3845.5,0.0381506666666666,0.0113978666666666
3845.75,0.0389553333333333,0.0108061999999999
3846,0.0403279999999999,0.00904066666666657
3846.25,0.042174,0.00823599999999996
3846.5,0.0428839999999999,0.00862886666666664
3846.75,0.0533446666666666,0.00665979999999996
3847,0.0726566666666666,0.00552853333333332
3847.25,0.0760646666666666,0.00328493333333329
3847.5,0.114404666666667,0.00456766666666657
3847.75,0.2059,0.030246
3848,0.22294,0.0270273333333333
3848.25,0.2485,0.040044
3848.5,0.28826,0.0523506666666666
3848.75,0.27974,0.0337013333333333
3849,0.2698,0.0225211999999999
3849.25,0.307193333333333,0.0514986666666666
3849.5,0.327546666666667,0.0299146666666666
3849.75,0.332753333333333,0.057936
3850,0.354526666666667,0.02485
3850.25,0.303406666666667,0.0240453333333332
3850.5,0.32092,0.0250866666666666
3850.75,0.320584889643463,0.0323909473684211
3851,0.342693333333333,0.0351686666666666
3851.25,0.323286666666667,0.0413693333333333
3851.5,0.314766666666667,0.0295833333333332
3851.75,0.345533333333333,0.0492739999999999
3852,0.317606666666667,0.0560899999999999
3852.25,0.287313333333333,0.0403279999999999
3852.5,0.2769,0.0434046666666666
3852.75,0.28826,0.0550486666666666
3853,0.280686666666667,0.0462919999999999
3853.25,0.310033333333333,0.0419373333333333
3853.5,0.341273333333333,0.0445406666666666
3853.75,0.34506,0.0509779999999999
3854,0.334646666666667,0.0392393333333333
3854.25,0.329913333333333,0.0289206666666666
3854.5,0.417281311154599,0.046617775603392
3854.75,0.251006608695652,0.0352740347826086
3855,0.31098,0.0321866666666666
3855.25,0.371566666666667,0.093294
3855.5,0.416338564593301,0.0597601613123718
3855.75,0.287313333333333,0.0288259999999999
3856,0.248973333333333,0.019383
3856.25,0.275006666666667,0.0223176666666666
3856.5,0.26838,0.0298673333333333
3856.75,0.22862,0.0132769999999999
3857,0.249446666666667,0.0301513333333333
3857.25,0.239033333333333,0.0303406666666666
3857.5,0.228280192507034,0.0513986379386939
3857.75,0.273113333333333,0.0730353333333332
3858,0.255126666666667,0.0573679999999999
3858.25,0.275953333333333,0.0603026666666666
3858.5,0.266486666666667,0.0466706666666666
3858.75,0.2556,0.0388133333333333
3859,0.273586666666667,0.0482326666666666
3859.25,0.322813333333333,0.0667399999999999
3859.5,0.252286666666667,0.0321582666666666
3859.75,0.199273333333333,0.0255278133333332
3860,0.140248666666667,0.0123729333333332
3860.25,0.138876,0.0124155333333332
3860.5,0.142189333333333,0.0200541866666666
3860.75,0.127326666666667,0.0130166666666666
3861,0.127989333333333,0.0182990666666666
3861.25,0.110996666666667,0.00336066666666661
3861.5,0.0996366666666666,0.0131539333333333
3861.75,0.0921106666666666,0.0151987333333333
3862,0.0777213333333332,0.0107825333333333
3862.25,0.0695326666666666,0.0126948
3862.5,0.059782,0.0095424
3862.75,0.0433099999999999,0.0111612
3863,0.039192,0.0123871333333333
3863.25,0.0352159999999999,0.011431
3863.5,0.0349319999999999,0.0107825333333333
3863.75,0.0387186666666666,0.0117244666666666
3864,0.0377246666666666,0.0110617999999999
3864.25,0.0369673333333333,0.0133669333333333
3864.5,0.032944,0.0103707333333332
3864.75,0.0342693333333332,0.0104748666666666
3865,0.0371566666666666,0.0108156666666666
3865.25,0.036778,0.0122593333333333
3865.5,0.0343639999999999,0.0119043333333332
3865.75,0.0341746666666666,0.0109434666666666
3866,0.0380086666666666,0.0118996
3866.25,0.0375353333333333,0.0120368666666666
3866.5,0.033796,0.0113694666666666
3866.75,0.0338433333333333,0.0112937333333333
3867,0.0365886666666666,0.0105837333333332
3867.25,0.038482,0.0117718
3867.5,0.0350266666666666,0.011076
3867.75,0.0342693333333332,0.0118664666666666
3868,0.0365413333333333,0.0110523333333332
3868.25,0.0375353333333333,0.0111706666666666
3868.5,0.0347426666666666,0.0111328
3868.75,0.0331333333333333,0.0100962
3869,0.0352159999999999,0.0109908
3869.25,0.039192,0.0129551333333333
3869.5,0.0556717375029613,0.0178083340440654
3869.75,0.033228,0.010437
3870,0.0372986666666666,0.0105931999999999
3870.25,0.0459606666666666,0.0105553333333333
3870.5,0.0445879999999999,0.00882293333333329
3870.75,0.0490846666666666,0.00782419999999993
3871,0.0709999999999999,0.00175606666666657
3871.25,0.087756,-0.000866199999999964
3871.5,0.130876666666667,0.00259386666666661
3871.75,0.287786666666667,0.0620066666666666
3872,0.298673333333333,0.0557113333333333
3872.25,0.300566666666667,0.050268
3872.5,0.31098,0.0559953333333333
3872.75,0.324233333333333,0.0564213333333332
3873,0.342693333333333,0.0622433333333333
3873.25,0.35358,0.0539126666666666
3873.5,0.338906666666667,0.0530133333333332
3873.75,0.344113333333333,0.0541493333333333
3874,0.348846666666667,0.0532026666666666
3874.25,0.368726666666667,0.0531553333333333
3874.5,0.356893333333333,0.053392
3874.75,0.37062,0.0568946666666666
3875,0.372513333333333,0.0666453333333333
3875.25,0.34222,0.0505046666666666
3875.5,0.31666,0.05538
3875.75,0.2769,0.0494633333333333
3876,0.246606666666667,0.0472386666666666
3876.25,0.253233333333333,0.046576
3876.5,0.260806666666667,0.047428
3876.75,0.277846666666667,0.0662193333333332
3877,0.27548,0.0614386666666666
3877.25,0.301513333333333,0.069012
3877.5,0.305773333333333,0.0654146666666666
3877.75,0.313346666666667,0.0639946666666666
3878,0.304826666666667,0.050694
3878.25,0.319973333333333,0.0590246666666666
3878.5,0.314293333333333,0.048138
3878.75,0.310033333333333,0.045298
3879,0.317133333333333,0.0489426666666666
3879.25,0.305773333333333,0.0437833333333333
3879.5,0.31382,0.04402
3879.75,0.31382,0.0462919999999999
3880,0.302933333333333,0.040186
3880.25,0.304353333333333,0.0434046666666666
3880.5,0.275953333333333,0.0291573333333332
3880.75,0.30246,0.051972
3881,0.273586666666667,0.054102
3881.25,0.261753333333333,0.0421266666666666
3881.5,0.250393333333333,0.0409433333333333
3881.75,0.263173333333333,0.0487533333333333
3882,0.246606666666667,0.0426946666666666
3882.25,0.261753333333333,0.0611546666666666
3882.5,0.264593333333333,0.0554746666666666
3882.75,0.292993333333333,0.0617226666666666
3883,0.320446666666667,0.0611546666666666
3883.25,0.30246,0.0563266666666666
3883.5,0.239506666666667,0.0360017333333333
3883.75,0.199746666666667,0.0185073333333333
3884,0.151419333333333,0.0125054666666666
3884.25,0.148768666666667,0.0131823333333332
3884.5,0.155158666666667,0.0221709333333332
3884.75,0.144414,0.0168506666666666
3885,0.145644666666667,0.0219153333333332
3885.25,0.126569333333333,0.0160791333333332
3885.5,0.101672,0.0136698666666666
3885.75,0.0920633333333333,0.0215366666666666
3886,0.081792,0.0195032266666666
3886.25,0.0635213333333333,0.00985006666666657
3886.5,0.063048,0.0117292
3886.75,0.044304,0.0108251333333333
3887,0.0372513333333332,0.0122782666666666
3887.25,0.0346953333333332,0.0108677333333333
3887.5,0.036778,0.0128178666666666
3887.75,0.0407066666666666,0.0130545333333333
3888,0.0374406666666666,0.0122072666666666
3888.25,0.0339853333333333,0.0115871999999999
3888.5,0.0342693333333332,0.0120274
3888.75,0.0373933333333333,0.0128083999999999
3889,0.0390973333333333,0.0134521333333333
3889.25,0.0352633333333333,0.0122451333333332
3889.5,0.0344586666666666,0.0126001333333333
3889.75,0.0356893333333333,0.0125386
3890,0.0384346666666666,0.0127042666666666
3890.25,0.035784,0.0115351333333333
3890.5,0.0339853333333333,0.0114499333333333
3890.75,0.0346006666666666,0.0119516666666666
3891,0.0372513333333332,0.0106026666666666
3891.25,0.0372513333333332,0.0108487999999999
3891.5,0.0339853333333333,0.0103944
3891.75,0.033796,0.0114073333333333
3892,0.0348846666666666,0.0108109333333333
3892.25,0.0375826666666666,0.0109624
3892.5,0.0380086666666666,0.0113316
3892.75,0.033796,0.0107351999999999
3893,0.0335593333333333,0.0108487999999999
3893.25,0.0352159999999999,0.0105837333333332
3893.5,0.0365413333333333,0.00948559999999993
3893.75,0.0363046666666666,0.0107020666666666
3894,0.0363993333333332,0.00981693333333325
3894.25,0.0425526666666666,0.0100299333333333
3894.5,0.042742,0.00942879999999996
3894.75,0.055096,0.0126616666666666
3895,0.0725208598130841,0.00551819962616815
3895.25,0.05538,0.00141999999999996
3895.5,0.110949333333333,0.0165950666666666
3895.75,0.116913333333333,0.0125244
3896,0.123492666666667,0.0166708
3896.25,0.117528666666667,-0.00452979999999996
3896.5,0.18318,0.0259386666666666
3896.75,0.199815759252854,0.00800143741542718
3897,0.20164,0.0158424666666666
3897.25,0.192646666666667,0.0106310666666666
3897.5,0.196433333333333,0.0130450666666666
3897.75,0.206846666666667,0.00837799999999993
3898,0.208266666666667,0.00896824666666657
3898.25,0.20448,0.0114688666666666
3898.5,0.199746666666667,0.0209260666666666
3898.75,0.161406666666667,0.00544333333333332
3899,0.168033333333333,0.0271693333333333
3899.25,0.18886,0.0650359999999999
3899.5,0.121031333333333,-0.000709999999999929
3899.75,0.146493344474153,0.00478693137254895
3900,0.101056666666667,0.0203959333333333
3900.25,0.0902173333333333,0.0153454666666666
3900.5,0.0714259999999999,0.0124770666666666
3900.75,0.0574153333333333,0.00206373333333325
3901,0.0811766666666666,0.0166329333333332
3901.25,0.111375333333333,0.0334173333333333
3901.5,0.11218,0.0112984666666666
3901.75,0.132580666666667,0.0195628666666666
3902,0.133101333333333,0.0200693333333333
3902.25,0.119611333333333,-0.00269326666666657
3902.5,0.116582,0.00224833333333332
3902.75,0.111280666666667,-0.00461499999999996
3903,0.120321333333333,4.73333333333333e-05
3903.25,0.105648,-0.00324233333333329
3903.5,0.0956133333333333,-0.00194539999999993
3903.75,0.09159,-0.00288733333333332
3904,0.102760666666667,0.00896966666666664
3904.25,0.0905013333333332,0.0060492
3904.5,0.0869513333333333,0.00303879999999996
3904.75,0.076396,-1.41999999999995e-05
3905,0.274756395882819,0.031563710530483
3905.25,0.07384,-0.00137266666666657
3905.5,0.067876,-0.00125906666666664
3905.75,0.079662,0.0153928
3906,0.087472,0.0315855333333332
3906.25,0.0748813333333333,0.0079662
3906.5,0.115588,0.0257256666666666
3906.75,0.146165333333333,0.047854
3907,0.20164,0.0740293333333333
3907.25,0.422776209745406,0.0394433670544595
3907.5,0.150094,0.0226371666666666
3907.75,0.126048666666667,0.00530133333333325
3908,0.153454666666667,0.0341462666666666
3908.25,0.134758,0.0168506666666666
3908.5,0.120842,0.0118806666666666
3908.75,0.126948,0.018318
3909,0.126048666666667,0.0204953333333333
3909.25,0.113978666666667,0.0173239999999999
3909.5,0.0951873333333332,0.0100488666666666
3909.75,0.100630666666667,0.0204006666666666
3910,0.102855333333333,0.0307997999999999
3910.25,0.0751179999999999,0.00982166666666664
3910.5,0.0739346666666666,0.0142473333333333
3910.75,0.0534866666666666,0.0136036
3911,0.0488479999999999,0.0133338
3911.25,0.049132,0.0129646
3911.5,0.0503153333333333,0.0137929333333333
3911.75,0.0502206666666666,0.0136982666666666
3912,0.0479959999999999,0.0129361999999999
3912.25,0.0483273333333332,0.0134616
3912.5,0.0482326666666666,0.0137314
3912.75,0.0483746666666666,0.0137692666666666
3913,0.0490846666666666,0.0146496666666666
3913.25,0.0492739999999999,0.0146780666666666
3913.5,0.0498419999999999,0.0155153933333333
3913.75,0.0480433333333333,0.0136272666666666
3914,0.049132,0.0145692
3914.25,0.0486113333333333,0.0141432
3914.5,0.047854,0.0128557333333333
3914.75,0.047854,0.0128415333333333
3915,0.048564,0.0137266666666666
3915.25,0.0509306666666666,0.0156436666666666
3915.5,0.0485166666666666,0.0134663333333333
3915.75,0.0482326666666666,0.0139775333333333
3916,0.0497473333333333,0.0150472666666666
3916.25,0.0483746666666666,0.0137598
3916.5,0.048564,0.0131965333333333
3916.75,0.049416,0.0148295333333333
3917,0.0496053333333332,0.0143893333333333
3917.25,0.049132,0.0143940666666666
3917.5,0.0482326666666666,0.0133006666666666
3917.75,0.048564,0.0123729333333332
3918,0.0515933333333333,0.0124108
3918.25,0.0564213333333332,0.0122214666666666
3918.5,0.0552379999999999,0.0117907333333333
3918.75,0.070716,0.0166992
3919,0.0786679999999999,0.0189991266666666
3919.25,0.0665033333333333,-0.00208266666666661
3919.5,0.154980063811923,0.0314610478589421
3919.75,0.289206666666667,0.0940986666666666
3920,0.354021975,0.05990412
3920.25,0.294886666666667,0.0505519999999999
3920.5,0.22491249331806,0.0335228980526918
3920.75,0.296306666666667,0.0312873333333333
3921,0.307666666666667,0.0310506666666666
3921.25,0.322813333333333,0.0282106666666666
3921.5,0.349793333333333,0.0607759999999999
3921.75,0.288733333333333,0.025276
3922,0.315713333333333,0.0576046666666666
3922.25,0.300566666666667,0.0473333333333333
3922.5,0.290153333333333,0.0399493333333333
3922.75,0.325653333333333,0.0444933333333332
3923,0.3053,0.0405646666666666
3923.25,0.279266666666667,0.0307193333333333
3923.5,0.274533333333333,0.0315713333333333
3923.75,0.21868,0.0394286666666666
3924,0.226253333333333,0.0372986666666666
3924.25,0.20164,0.0326126666666666
3924.5,0.229093333333333,0.0485166666666666
3924.75,0.207793333333333,0.0205426666666666
3925,0.246606666666667,0.0686806666666667
3925.25,0.247553333333333,0.0622906666666666
3925.5,0.232406666666667,0.0437833333333333
3925.75,0.244713333333333,0.0516406666666666
3926,0.240926666666667,0.040896
3926.25,0.235246666666667,0.0369199999999999
3926.5,0.275953333333333,0.062196
3926.75,0.24566,0.0510253333333333
3927,0.23146,0.036636
3927.25,0.223413333333333,0.0283999999999999
3927.5,0.225306666666667,0.0367306666666666
3927.75,0.21726,0.0364466666666666
3928,0.209213333333333,0.0275006666666666
3928.25,0.200693333333333,0.026128
3928.5,0.201166666666667,0.0323286666666666
3928.75,0.192646666666667,0.0271693333333333
3929,0.20164,0.0403753333333333
3929.25,0.21016,0.049416
3929.5,0.1917,0.049416
3929.75,0.184506023555805,0.00577993359506445
3930,0.206373333333333,0.0640893333333332
3930.25,0.185546666666667,0.0542913333333332
3930.5,0.209213333333333,0.07242
3930.75,0.199746666666667,0.051546
3931,0.17892,0.0259386666666666
3931.25,0.192173333333333,0.0257966666666666
3931.5,0.15265,0.00501733333333332
3931.75,0.111233333333333,0.00684913333333332
3932,0.126853333333333,0.0188386666666666
3932.25,0.102713333333333,0.00824546666666664
3932.5,0.109718666666667,0.00799933333333332
3932.75,0.118806666666667,0.0254179999999999
3933,0.25609216944801,0.0302568155755241
3933.25,0.0393813333333332,0.0132296666666666
3933.5,0.144517607763485,0.0197211753554501
3933.75,0.0670713333333332,0.0105553333333333
3934,0.0676393333333333,0.0186919333333333
3934.25,0.105579935529082,0.00663131044148562
3934.5,0.0851368888888888,0.023005879308642
3934.75,0.0387186666666666,0.0128746666666666
3935,0.0371566666666666,0.0131823333333332
3935.25,0.0376773333333333,0.0139207333333333
3935.5,0.0382926666666666,0.0145455333333332
3935.75,0.0385293333333332,0.0144887333333333
3936,0.03763,0.0148957999999999
3936.25,0.0373933333333333,0.0153170666666666
3936.5,0.037062,0.0150046666666666
3936.75,0.0361153333333333,0.0142331333333333
3937,0.0365413333333333,0.0145313333333333
3937.25,0.0361153333333333,0.0141432
3937.5,0.0371566666666666,0.0151798
3937.75,0.0369673333333333,0.0148910666666666
3938,0.0360679999999999,0.0140248666666666
3938.25,0.036778,0.0148295333333333
3938.5,0.0371566666666666,0.0151750666666666
3938.75,0.0363993333333332,0.0143041333333333
3939,0.0368726666666666,0.0147253999999999
3939.25,0.0387186666666666,0.0170873333333333
3939.5,0.0375826666666666,0.0157525333333333
3939.75,0.0371566666666666,0.0150378
3940,0.037204,0.0147206666666666
3940.25,0.037914,0.0165571999999999
3940.5,0.0371093333333333,0.0153643999999999
3940.75,0.037204,0.0148153333333333
3941,0.0373933333333333,0.0149620666666666
3941.25,0.0374406666666666,0.0153975333333332
3941.5,0.0372513333333332,0.0153170666666666
3941.75,0.0347265341726618,0.0127914928057553
3942,0.0385766666666666,0.0138686666666666
3942.25,0.0434046666666666,0.0142426
3942.5,0.040044,0.0147869333333333
3942.75,0.0401386666666666,0.0150614666666666
3943,0.0391446666666666,0.0132628
3943.25,0.0399019999999999,0.0139159999999999
3943.5,0.0405173333333333,0.0143419999999999
3943.75,0.040044,0.0134521333333333
3944,0.0399966666666666,0.0136272666666666
3944.25,0.037488,0.0115162
3944.5,0.0292519999999999,0.0023004
3944.75,0.0284473333333333,0.00163299999999996
3945,0.0275006666666666,0.00018933333333325
3945.25,0.0248026666666666,9.46666666666619e-06
3945.5,0.0247553333333333,-0.00210633333333325
3945.75,0.026838,-0.00294886666666657
3946,0.0279739999999999,-0.00171819999999996
3946.25,0.0285893333333333,-0.000847266666666607
3946.5,0.0286366666666666,-0.00113599999999993
3946.75,0.0303406666666666,-0.000501733333333321
3947,0.026554,0.000123066666666607
3947.25,0.0263173333333333,0.000965599999999929
3947.5,0.0262226666666666,0.000624799999999929
3947.75,0.0269326666666666,0.00110286666666661
3948,0.0255126666666666,-0.000321866666666643
3948.25,0.025134,0.000861466666666572
3948.5,0.0244713333333333,0.00111517333333332
3948.75,0.0236193333333332,0.000132533333333286
3949,0.0230039999999999,0.000993999999999965
3949.25,0.0237139999999999,0.00202113333333325
3949.5,0.0267906666666666,0.00242895733333332
3949.75,0.0269326666666666,0.00132533333333329
3950,0.0270273333333333,0.00122119999999993
3950.25,0.0278793333333332,0.00193119999999996
3950.5,0.0278793333333332,0.00237139999999993
3950.75,0.0289679999999999,0.0017892
3951,0.0286366666666666,0.00161879999999989
3951.25,0.0296306666666666,0.00237423999999996
3951.5,0.0310506666666666,0.00351686666666664
3951.75,0.0283999999999999,0.00123066666666661
3952,0.0292519999999999,0.000667399999999929
3952.25,0.0285419999999999,0.00158566666666657
3952.5,0.0324706666666666,0.00649886666666664
3952.75,0.037914,0.00758847999999996
3953,0.0399493333333333,0.0118759333333333
3953.25,0.0398546666666666,0.0106817133333333
3953.5,0.0381979999999999,0.0100204666666666
3953.75,0.0416533333333333,0.0137219333333333
3954,0.0415113333333332,0.0135278666666666
3954.25,0.0411799999999999,0.0145644666666666
3954.5,0.038482,0.0150756666666666
3954.75,0.0375353333333333,0.0144224666666666
3955,0.037488,0.0145029333333332
3955.25,0.0371093333333333,0.0142047333333333
3955.5,0.0375353333333333,0.0148816
3955.75,0.036778,0.0136036
3956,0.0369673333333333,0.0138639333333332
3956.25,0.037204,0.0140911333333333
3956.5,0.0378666666666666,0.0147017333333333
3956.75,0.037488,0.0141006
3957,0.0373933333333333,0.0143088666666666
3957.25,0.0371566666666666,0.0138592
3957.5,0.0377246666666666,0.0148484666666666
3957.75,0.038056,0.0148768666666666
3958,0.0374406666666666,0.0141526666666666
3958.25,0.0387186666666666,0.0156294666666666
3958.5,0.0396653333333333,0.0171299333333333
3958.75,0.0375826666666666,0.0143230666666666
3959,0.0375353333333333,0.0143230666666666
3959.25,0.0375353333333333,0.0144177333333333
3959.5,0.0382453333333333,0.0156010666666666
3959.75,0.0378666666666666,0.0147869333333333
3960,0.0378666666666666,0.0151087999999999
3960.25,0.0378666666666666,0.0156152666666666
3960.5,0.0375826666666666,0.0158045999999999
3960.75,0.0371093333333333,0.0150709333333333
3961,0.0371566666666666,0.0151513999999999
3961.25,0.0373933333333333,0.0148626666666666
3961.5,0.037914,0.0153076
3961.75,0.03834,0.0161501333333333
3962,0.038908,0.0168648666666666
3962.25,0.037204,0.0149147333333333
3962.5,0.0373933333333333,0.0153028666666666
3962.75,0.0373459999999999,0.0151040666666666
3963,0.037062,0.0146591333333333
3963.25,0.0366833333333333,0.0140485333333333
3963.5,0.0375353333333333,0.0154022666666666
3963.75,0.0381033333333332,0.0151135333333333
3964,0.0368726666666666,0.0143751333333332
3964.25,0.0374406666666666,0.0152318666666666
3964.5,0.0378193333333333,0.0156720666666666
3964.75,0.0368726666666666,0.0146733333333333
3965,0.0370146666666666,0.0147301333333333
3965.25,0.0367306666666666,0.0141337333333333
3965.5,0.0385766666666666,0.0164104666666666
3965.75,0.0367306666666666,0.0144697999999999
3966,0.0368726666666666,0.0146212666666666
3966.25,0.0373933333333333,0.0152555333333333
3966.5,0.0368253333333333,0.0146922666666666
3966.75,0.0366833333333333,0.0144082666666666
3967,0.037062,0.013987
3967.25,0.0380086666666666,0.0147632666666666
3967.5,0.0351686666666666,0.0126616666666666
3967.75,0.0256546666666666,0.00341273333333329
3968,0.02272,0.00101814
3968.25,0.0230513333333333,0.00132533333333329
3968.5,0.0224833333333333,0.00107446666666657
3968.75,0.0222466666666666,0.00244713333333325
3969,0.0248026666666666,0.00175133333333329
3969.25,0.0220573333333333,0.00168932666666664
3969.5,0.0230986666666666,0.00287313333333325
3969.75,0.0220573333333333,0.0017466
3970,0.0221993333333333,0.00159039999999996
3970.25,0.0221993333333333,0.00115966666666657
3970.5,0.0222466666666666,0.00184032
3970.75,0.0226726666666666,0.00211579999999993
3971,0.0217733333333333,0.00105553333333332
3971.25,0.0220573333333333,0.00131586666666661
3971.5,0.0218206666666666,0.000922999999999929
3971.75,0.0221046666666666,0.00118806666666661
3972,0.0216313333333333,0.000653199999999964
3972.25,0.022152,0.00155726666666664
3972.5,0.0219153333333332,0.000927733333333321
3972.75,0.021868,0.00101766666666661
3973,0.0219626666666666,0.00134663333333329
3973.25,0.0216786666666666,0.000818866666666572
3973.5,0.0216786666666666,0.000941933333333286
3973.75,0.0223886666666666,0.00190279999999993
3974,0.0216786666666666,0.001065
3974.25,0.0217733333333333,0.0008946
3974.5,0.0260806666666666,0.00253706666666664
3974.75,0.0225779999999999,0.00233826666666661
3975,0.0215366666666666,0.000818866666666572
3975.25,0.0227673333333333,0.00155253333333325
3975.5,0.0219153333333332,0.00105079999999993
3975.75,0.022152,0.00141999999999996
3976,0.0222466666666666,0.00129877933333332
3976.25,0.0221993333333333,0.000695799999999964
3976.5,0.0223886666666666,0.00074313333333325
3976.75,0.0238086666666666,0.00178446666666661
3977,0.0217733333333333,0.000217733333333286
3977.25,0.0233826666666666,0.00118806666666661
3977.5,0.0267433333333333,0.00484219999999993
3977.75,0.0335593333333333,0.0121031333333333
3978,0.0395706666666666,0.0148248
3978.25,0.0377246666666666,0.0140911333333333
3978.5,0.037914,0.0135894
3978.75,0.0387186666666666,0.0150614666666666
3979,0.0381979999999999,0.0145786666666666
3979.25,0.0380086666666666,0.0149715333333333
3979.5,0.0377246666666666,0.0147112
3979.75,0.0384346666666666,0.0157903999999999
3980,0.0377246666666666,0.0148105999999999
3980.25,0.0371093333333333,0.0142
3980.5,0.0374406666666666,0.0144934666666666
3980.75,0.0381506666666666,0.0158898
3981,0.0373933333333333,0.0147396
3981.25,0.0375826666666666,0.0146544
3981.5,0.0386713333333333,0.0159324
3981.75,0.0386713333333333,0.0162069333333332
3982,0.0378666666666666,0.0149194666666666
3982.25,0.037914,0.0151135333333333
3982.5,0.0375353333333333,0.0146070666666666
3982.75,0.0381979999999999,0.0154732666666666
3983,0.0370146666666666,0.0140437999999999
3983.25,0.03834,0.0153170666666666
3983.5,0.0382926666666666,0.015336
3983.75,0.037914,0.0152365999999999
3984,0.037914,0.0151135333333333
3984.25,0.0371566666666666,0.0145123999999999
3984.5,0.036636,0.0140106666666666
3984.75,0.0375826666666666,0.0153123333333332
3985,0.037914,0.0156625999999999
3985.25,0.0376773333333333,0.0152176666666666
3985.5,0.0371566666666666,0.0145597333333333
3985.75,0.037488,0.0150946
3986,0.0367306666666666,0.0143041333333333
3986.25,0.0367306666666666,0.0140958666666666
3986.5,0.0364939999999999,0.0137314
3986.75,0.037488,0.0150614666666666
3987,0.0381979999999999,0.0158708666666666
3987.25,0.036778,0.0142
3987.5,0.03763,0.0148153333333333
3987.75,0.037062,0.0146070666666666
3988,0.0377246666666666,0.0157241333333333
3988.25,0.037062,0.0145739333333333
3988.5,0.0373459999999999,0.0149336666666666
3988.75,0.0383873333333333,0.0161075333333333
3989,0.0380086666666666,0.0160838666666666
3989.25,0.0369199999999999,0.0143845999999999
3989.5,0.0368253333333333,0.0143514666666666
3989.75,0.0367306666666666,0.0143230666666666
3990,0.037488,0.0155206
3990.25,0.041748,0.0140296
3990.5,0.0488479999999999,0.0140769333333332
3990.75,0.0536286666666666,0.0114877999999999
3991,0.0665506666666666,0.0153265333333333
3991.25,0.116014,0.0313346666666666
3991.5,0.15478,0.062196
3991.75,0.200693333333333,0.024424
3992,0.203247238358691,0.0350589641924081
3992.25,0.278566638005159,-0.000753320378331884
3992.5,0.22862,0.0092868
3992.75,0.240926666666667,0.012993
3993,0.239506666666667,0.0110286666666666
3993.25,0.25986,0.0221993333333333
3993.5,0.24992,0.0124486666666666
3993.75,0.250393333333333,0.00914479999999993
3994,0.27122,0.0283526666666666
3994.25,0.273113333333333,0.0179866666666666
3994.5,0.274533333333333,0.0138781333333333
3994.75,0.245186666666667,0.0103186666666666
3995,0.25418,0.0163252666666666
3995.25,0.246606666666667,0.0160649333333333
3995.5,0.219626666666667,0.0125953999999999
3995.75,0.20732,0.0195486666666666
3996,0.185878,0.0209213333333333
3996.25,0.184410666666667,0.0179866666666666
3996.5,0.189049333333333,0.014484
3996.75,0.19312,0.0195486666666666
3997,0.216313333333333,0.0280213333333333
3997.25,0.219626666666667,0.0153454666666666
3997.5,0.23146,0.0225306666666666
3997.75,0.213473333333333,0.0154022666666666
3998,0.256073333333333,0.0322813333333333
3998.25,0.24708,0.0241399999999999
3998.5,0.23714,0.0274533333333332
3998.75,0.22152,0.0108346
3999,0.21442,0.0136935333333333
3999.25,0.221046666666667,0.00684913333333332
3999.5,0.216313333333333,0.00631758
3999.75,0.240453333333333,0.0386713333333333
4000,0.22294,0.0233353333333333
4000.25,0.215366666666667,0.0116676666666666
4000.5,0.20448,0.00871879999999993
4000.75,0.226253333333333,0.0129551333333333
4001,0.230513333333333,0.0194539999999999
4001.25,0.229093333333333,0.0274533333333332
4001.5,0.209213333333333,0.0187345333333333
4001.75,0.1988,0.0243293333333333
4002,0.203533333333333,0.0298673333333333
4002.25,0.204953333333333,0.0352633333333333
4002.5,0.199273333333333,0.034506
4002.75,0.229566666666667,0.0445879999999999
4003,0.238086666666667,0.0463866666666666
4003.25,0.221993333333333,0.0328966666666666
4003.5,0.192646666666667,0.0146733333333333
4003.75,0.150141333333333,0.00783366666666661
4004,0.134284666666667,0.0134379333333332
4004.25,0.125054666666667,0.00734565999999996
4004.5,0.117102666666667,0.0105600666666666
4004.75,0.122214666666667,0.0211201333333333
4005,0.111328,0.0160744
4005.25,0.0980273333333333,0.0125906666666666
4005.5,0.0975066666666666,0.0146023333333333
4005.75,0.0897913333333333,0.0139585999999999
4006,0.0593086666666666,0.00942879999999996
4006.25,0.0570366666666666,0.0169027333333333
4006.5,0.0398073333333332,0.015052
4006.75,0.0390973333333333,0.0157099333333333
4007,0.0377719999999999,0.0146496666666666
4007.25,0.0381979999999999,0.0155584666666666
4007.5,0.037488,0.0149431333333333
4007.75,0.037204,0.0139065333333332
4008,0.0374406666666666,0.0151040666666666
4008.25,0.0368253333333333,0.0150283333333333
4008.5,0.0348373333333333,0.0131776
4008.75,0.035784,0.0141810666666666
4009,0.035074,0.0133764
4009.25,0.036352,0.0145928666666666
4009.5,0.036352,0.0144461333333333
4009.75,0.0361153333333333,0.0140863999999999
4010,0.0351686666666666,0.0131634
4010.25,0.0361153333333333,0.014697
4010.5,0.0350266666666666,0.0133953333333333
4010.75,0.0344113333333333,0.0127421333333333
4011,0.0357366666666666,0.0142852
4011.25,0.0373459999999999,0.0158093333333333
4011.5,0.0368253333333333,0.0151798
4011.75,0.0359733333333332,0.0139680666666666
4012,0.0368253333333333,0.0146070666666666
4012.25,0.0367306666666666,0.0149715333333333
4012.5,0.0363046666666666,0.0142331333333333
4012.75,0.0351686666666666,0.0130450666666666
4013,0.037488,0.0153786
4013.25,0.0368253333333333,0.0151372
4013.5,0.035926,0.0138876
4013.75,0.0369673333333333,0.0152697333333332
4014,0.0364466666666666,0.0143183333333333
4014.25,0.0426946666666666,0.0138592
4014.5,0.0450139999999999,0.0119895333333333
4014.75,0.0539599999999999,0.0143562
4015,0.0604919999999999,0.00996366666666661
4015.25,0.0772006666666667,0.0122688
4015.5,0.104748666666667,0.0169264
4015.75,0.14697,0.00974119999999993
4016,0.14555,-0.00332753333333329
4016.25,0.160933333333333,-0.00814133333333329
4016.5,0.185215333333333,-0.00449666666666664
4016.75,0.206373333333333,0.000776266666666572
4017,0.213946666666667,-0.0100346666666666
4017.25,0.25986,0.015762
4017.5,0.21584,-0.010224
4017.75,0.246133333333333,0.0203059999999999
4018,0.224833333333333,-0.0105079999999999
4018.25,0.22862,0.00023193333333325
4018.5,0.212526666666667,-0.00316186666666657
4018.75,0.227673333333333,-0.00345533333333329
4019,0.216786666666667,-0.0105079999999999
4019.25,0.22152,0.000424579999999929
4019.5,0.174869105256459,0.0262067985236095
4019.75,0.20448,-0.00624799999999993
4020,0.178304666666667,-0.00823599999999996
4020.25,0.174612666666667,-0.00594823799999989
4020.5,0.164388666666667,-0.00501733333333332
4020.75,0.175133333333333,-0.00705266666666664
4021,0.18602,-0.00174423333333325
4021.25,0.198326666666667,0.00313583333333329
4021.5,0.181949333333333,-0.00520666666666657
4021.75,0.200693333333333,-0.00582199999999993
4022,0.202113333333333,-0.00440199999999996
4022.25,0.212526666666667,-0.00454399999999993
4022.5,0.21158,-0.00558533333333329
4022.75,0.20732,-0.00861466666666657
4023,0.21442,-0.00847266666666661
4023.25,0.20022,-0.00667399999999993
4023.5,0.199273333333333,-0.00889866666666661
4023.75,0.197853333333333,-0.00733666666666657
4024,0.17892,-0.00984533333333329
4024.25,0.230797333333333,0.0120463784126984
4024.5,0.224833333333333,0.0185783333333333
4024.75,0.183376967741935,0.00327343973118279
4025,0.037062,0.00612493333333332
4025.25,0.20732,0.0289206666666666
4025.5,0.2059,0.03976
4025.75,0.196433333333333,0.0307666666666666
4026,0.1988,0.0294886666666666
4026.25,0.192173333333333,0.035074
4026.5,0.194066666666667,0.0351213333333333
4026.75,0.213946666666667,0.0505046666666666
4027,0.243766666666667,0.0601133333333333
4027.25,0.209686666666667,0.0370146666666666
4027.5,0.163536666666667,0.00848686666666657
4027.75,0.147206666666667,0.00798039999999996
4028,0.101814,0.0073272
4028.25,0.108393333333333,0.0219342666666666
4028.5,0.0961339999999999,0.0133716666666666
4028.75,0.102003333333333,0.0161832666666666
4029,0.0965126666666666,0.0164814666666666
4029.25,0.0835433333333333,0.0128604666666666
4029.5,0.0769166666666666,0.0161454
4029.75,0.0697219999999999,0.0141858
4030,0.0641839999999999,0.0130119333333333
4030.25,0.0568,0.0124202666666666
4030.5,0.0461026666666666,0.0141810666666666
4030.75,0.0383873333333333,0.0151229999999999
4031,0.04047,0.016188
4031.25,0.038056,0.0149573333333333
4031.5,0.03763,0.0139018
4031.75,0.0402333333333333,0.0162448
4032,0.0363993333333332,0.0150993333333333
4032.25,0.0381033333333332,0.0149289333333333
4032.5,0.0357366666666666,0.0150472666666666
4032.75,0.0385293333333332,0.0165240666666666
4033,0.0358786666666666,0.0150378
4033.25,0.0387186666666666,0.0150378
4033.5,0.0361153333333333,0.0154495999999999
4033.75,0.039618,0.0157667333333333
4034,0.0371093333333333,0.0143940666666666
4034.25,0.0373459999999999,0.0143088666666666
4034.5,0.0384346666666666,0.01491
4034.75,0.0356893333333333,0.0143372666666666
4035,0.0387186666666666,0.0140863999999999
4035.25,0.0356893333333333,0.0144035333333333
4035.5,0.0399019999999999,0.0161927333333333
4035.75,0.0355946666666666,0.0145975999999999
4036,0.0390973333333333,0.0143751333333332
4036.25,0.0355946666666666,0.0145171333333333
4036.5,0.037914,0.0142662666666666
4036.75,0.0360206666666666,0.0141763333333333
4037,0.0371093333333333,0.0143467333333333
4037.25,0.0375353333333333,0.0141053333333333
4037.5,0.036352,0.0143088666666666
4037.75,0.0386239999999999,0.0145313333333333
4038,0.0384346666666666,0.0156294666666666
4038.25,0.0442093333333333,0.0117670666666666
4038.5,0.0388133333333333,0.0112889999999999
4038.75,0.0471439999999999,0.0116487333333333
4039,0.051262,0.0114830666666666
4039.25,0.0539599999999999,0.0113836666666666
4039.5,0.0620066666666666,0.0167607333333332
4039.75,0.0605866666666666,0.00981693333333325
4040,0.0582199999999999,0.008094
4040.25,0.0578413333333333,0.00302838666666661
4040.5,0.062196,-0.00083922
4040.75,0.0577939999999999,-0.000269799999999964
4041,0.0496526666666666,-0.000515933333333286
4041.25,0.0555693333333332,0.000382926666666607
4041.5,0.0622433333333333,0.000288733333333322
4041.75,0.053392,-0.000776266666666572
4042,0.0575573333333333,-0.00227389333333332
4042.25,0.0552379999999999,-0.00358313333333329
4042.5,0.0607286666666666,-0.000222466666666572
4042.75,0.0571313333333333,-0.00319878666666661
4043,0.0606813333333332,-0.00162353333333329
4043.25,0.0603973333333333,-0.004686
4043.5,0.0487533333333333,0.000269799999999964
4043.75,0.0369673333333333,-0.00141195333333325
4044,0.0301513333333333,-0.00159039999999996
4044.25,0.031098,-0.00111233333333329
4044.5,0.0288259999999999,0.00044493333333325
4044.75,0.0318553333333333,-0.000117859999999929
4045,0.02911,-0.000463866666666607
4045.25,0.0325653333333333,0.000468599999999893
4045.5,0.0306246666666666,0.000841586666666643
4045.75,0.0336066666666666,0.000952819999999929
4046,0.0368253333333333,0.00144366666666661
4046.25,0.036778,0.0020874
4046.5,0.0378666666666666,0.000326599999999929
4046.75,0.0347426666666666,0.000183179999999893
4047,0.0387186666666666,0.00107493999999996
4047.25,0.040612,0.00305773333333332
4047.5,0.039618,0.000665506666666572
4047.75,0.0363046666666666,0.000564686666666643
4048,0.0397126666666666,0.00144366666666661
4048.25,0.0373933333333333,0.00120226666666657
4048.5,0.040612,0.00131208
4048.75,0.0408013333333333,0.00236666666666664
4049,0.0467179999999999,0.00541493333333329
4049.25,0.0488479999999999,0.0108298666666666
4049.5,0.0479486666666666,0.0139065333333332
4049.75,0.0477593333333333,0.0143751333333332
4050,0.0436886666666666,0.0127942
4050.25,0.0470966666666666,0.0135136666666666
4050.5,0.04686,0.0155253333333333
4050.75,0.0457713333333332,0.0131681333333333
4051,0.0449666666666666,0.0116487333333333
4051.25,0.0453453333333333,0.0118664666666666
4051.5,0.0442566666666666,0.0122545999999999
4051.75,0.0433573333333333,0.011928
4052,0.046576,0.0121836
4052.25,0.0423633333333332,0.0118285999999999
4052.5,0.0469546666666666,0.0129077999999999
4052.75,0.0427893333333332,0.0115493333333333
4053,0.0450139999999999,0.0113647333333333
4053.25,0.0434046666666666,0.0126143333333333
4053.5,0.0453453333333333,0.0126758666666666
4053.75,0.0439253333333333,0.0118096666666666
4054,0.042316,0.012496
4054.25,0.0462446666666666,0.0157336
4054.5,0.0379613333333333,0.0140390666666666
4054.75,0.0394286666666666,0.0132012666666666
4055,0.0348373333333333,0.0130545333333333
4055.25,0.0385293333333332,0.0141621333333333
4055.5,0.0361153333333333,0.0137172
4055.75,0.0385293333333332,0.0129361999999999
4056,0.0371566666666666,0.0135562666666666
4056.25,0.0340326666666666,0.0131255333333333
4056.5,0.0368253333333333,0.0130213999999999
4056.75,0.0335593333333333,0.0131397333333332
4057,0.0370146666666666,0.0139065333333332
4057.25,0.035358,0.0136414666666666
4057.5,0.034648,0.0128983333333333
4057.75,0.0364939999999999,0.0134332
4058,0.034222,0.0138166
4058.25,0.0360206666666666,0.0123445333333333
4058.5,0.0349793333333333,0.0129740666666666
4058.75,0.0350266666666666,0.0127373999999999
4059,0.0369673333333333,0.0132675333333332
4059.25,0.0345533333333333,0.0138355333333333
4059.5,0.037062,0.0131018666666666
4059.75,0.0361626666666666,0.0133953333333333
4060,0.0348846666666666,0.0131208
4060.25,0.036636,0.0126995333333333
4060.5,0.0329913333333332,0.0122593333333333
4060.75,0.0364466666666666,0.0131539333333333
4061,0.0369199999999999,0.0130213999999999
4061.25,0.0376773333333333,0.0148437333333332
4061.5,0.0394286666666666,0.0142615333333333
4061.75,0.0386239999999999,0.0146544
4062,0.0367306666666666,0.0132628
4062.25,0.038908,0.0138118666666666
4062.5,0.036352,0.0141479333333333
4062.75,0.0395233333333333,0.0152413333333333
4063,0.039192,0.0138260666666666
4063.25,0.0361626666666666,0.013135
4063.5,0.0402806666666666,0.0145597333333333
4063.75,0.0337013333333333,0.00732719999999989
4064,0.0245659999999999,0.00124486666666657
4064.25,0.0289206666666666,0.00262699999999993
4064.5,0.0302933333333333,0.00390452666666664
4064.75,0.023572,0.00132154666666657
4065,0.0263646666666666,0.00137881999999993
4065.25,0.0258439999999999,0.000637579999999929
4065.5,0.023146,0.000988319999999894
4065.75,0.0248026666666666,0.000236666666666643
4066,0.0251813333333333,0.000989739999999964
4066.25,0.0233353333333333,0.00227531333333329
4066.5,0.0232406666666666,0.00138118666666657
4066.75,0.023998,0.000108866666666643
4067,0.0219626666666666,0.00087093333333325
4067.25,0.024282,0.001491
4067.5,0.0245659999999999,0.000643733333333286
4067.75,0.02272,0.000876376666666572
4068,0.0258439999999999,0.00234773333333329
4068.25,0.0262699999999999,0.00241399999999993
4068.5,0.022152,0.00122119999999993
4068.75,0.0246606666666666,0.00105468133333332
4069,0.0248973333333332,0.00145123999999993
4069.25,0.0219153333333332,0.00133006666666657
4069.5,0.0234299999999999,-0.000108866666666643
4069.75,0.0257493333333332,0.00166565999999989
4070,0.0215839999999999,0.000411799999999929
4070.25,0.0234773333333333,0.000662666666666643
4070.5,0.02556,0.00211153999999993
4070.75,0.0223413333333332,0.00113126666666664
4071,0.0264593333333333,0.00234773333333329
4071.25,0.0249446666666666,0.00160933333333332
4071.5,0.0224833333333333,0.00159986666666664
4071.75,0.0243293333333333,0.00107493999999996
4072,0.0240453333333332,0.000544333333333321
4072.25,0.0207319999999999,-0.000429786666666607
4072.5,0.0246606666666666,0.000601133333333286
4072.75,0.0235246666666666,9.46666666666667e-06
4073,0.0226253333333333,0.000899333333333286
4073.25,0.0266013333333332,0.00213520666666657
4073.5,0.0292993333333333,0.004686
4073.75,0.0347899999999999,0.0135278666666666
4074,0.0381506666666666,0.0137881999999999
4074.25,0.0390973333333333,0.0128888666666666
4074.5,0.0366833333333333,0.0129740666666666
4074.75,0.0400913333333333,0.0150614666666666
4075,0.0407539999999999,0.0143041333333333
4075.25,0.0381033333333332,0.0138639333333332
4075.5,0.0386713333333333,0.0135420666666666
4075.75,0.040612,0.0148437333333332
4076,0.0381979999999999,0.0141337333333333
4076.25,0.038056,0.0130971333333332
4076.5,0.040186,0.0149431333333333
4076.75,0.0399966666666666,0.0154448666666666
4077,0.0378193333333333,0.0138497333333333
4077.25,0.0396653333333333,0.0139680666666666
4077.5,0.0403753333333333,0.0154969333333333
4077.75,0.0380086666666666,0.0148295333333333
4078,0.0404226666666666,0.0145975999999999
4078.25,0.0399966666666666,0.0144414
4078.5,0.0381506666666666,0.0153407333333333
4078.75,0.041038,0.0145549999999999
4079,0.04047,0.0139775333333333
4079.25,0.037488,0.0145408
4079.5,0.04047,0.0150803999999999
4079.75,0.0401386666666666,0.0143041333333333
4080,0.0369673333333333,0.0141289999999999
4080.25,0.040612,0.0162116666666666
4080.5,0.0399019999999999,0.0152602666666666
4080.75,0.0372513333333332,0.0141148
4081,0.0383873333333333,0.0148863333333332
4081.25,0.0401386666666666,0.0158140666666666
4081.5,0.0390973333333333,0.0154543333333333
4081.75,0.0372986666666666,0.0147348666666666
4082,0.0399493333333333,0.0145834
4082.25,0.0398546666666666,0.0155347999999999
4082.5,0.0365413333333333,0.0142236666666666
4082.75,0.0402333333333333,0.0153691333333333
4083,0.0403279999999999,0.0148626666666666
4083.25,0.0375826666666666,0.0153880666666666
4083.5,0.0396653333333333,0.0151608666666666
4083.75,0.0398546666666666,0.0147159333333332
4084,0.0371566666666666,0.0147538
4084.25,0.0393813333333332,0.0153833333333333
4084.5,0.0398546666666666,0.0155111333333333
4084.75,0.0379613333333333,0.0148626666666666
4085,0.03834,0.0153596666666666
4085.25,0.0409433333333333,0.0167607333333332
4085.5,0.0387659999999999,0.0149573333333333
4085.75,0.0375353333333333,0.0146212666666666
4086,0.040612,0.0165051333333333
4086.25,0.0407066666666666,0.0156578666666666
4086.5,0.0400913333333333,0.0136698666666666
4086.75,0.04402,0.0144224666666666
4087,0.0483746666666666,0.0167086666666666
4087.25,0.0490846666666666,0.0109765999999999
4087.5,0.0462919999999999,0.00521613333333325
4087.75,0.0405173333333333,-0.000523033333333322
4088,0.0372986666666666,-0.000709999999999929
4088.25,0.0376773333333333,-0.00171346666666657
4088.5,0.0369673333333333,-0.00287313333333325
4088.75,0.0391446666666666,0.000558533333333286
4089,0.0420793333333333,0.00318505999999993
4089.25,0.0460553333333333,0.0057084
4089.5,0.037204,0.00255174
4089.75,0.0343639999999999,0.00371093333333329
4090,0.0322339999999999,-0.00157619999999989
4090.25,0.0362899742046431,0.00687624316423035
4090.5,0.031021341002465,0.00111431301013414
4090.75,0.347545093102544,0.010199893889326
4091,0.0189321490130663,-0.00197307756463712
4091.25,0.0584093333333333,0.00387328666666657
4091.5,0.0400768229508196,0.0045714106557376
4091.75,0.0335995116279069,0.00346818488372085
4092,0.016099353283458,-0.00128224937655854
4092.25,0.0290621610517666,0.0053871322925225
4092.5,0.130985250210615,0.0136779376579612
4092.75,0.02913153311074,0.00675171675013912
4093,0.0290185369430343,0.00303958488437667
4093.25,0.026737169929078,-6.66050496453899e-05
4093.5,0.0266571583610188,0.000127163122923501
4093.75,0.0206067807660961,-0.000757950556913878
4094,0.0329463966244725,0.0057479443037974
4094.25,0.0423045179530675,0.00136909358213173
4094.5,0.0269555103194797,0.00266712694373758
4094.75,0.0224438353140916,0.00232437204301067
4095,0.0230204324019193,2.83038103302277e-05
4095.25,0.0233986163732886,3.06635093601562e-05
4095.5,0.026438409155937,0.0053773835765379
4095.75,0.0243708155726058,0.001076772804774
4096,0.0239017178612059,0.000541082195676879
4096.25,0.0276426666666666,0.00164719999999993
4096.5,0.0593984253075571,0.00138848548330397
4096.75,0.0273826025080198,0.00390367897346157
4097,0.0247553333333333,-0.0005964
4097.25,0.0290626666666666,0.000719466666666608
4097.5,0.0332753333333333,0.00667399999999993
4097.75,0.0426,0.0141574
4098,0.0439253333333333,0.0138544666666666
4098.25,0.0418426666666666,0.014413
4098.5,0.0447299999999999,0.0145502666666666
4098.75,0.0444933333333332,0.0138260666666666
4099,0.0411326666666666,0.0135657333333332
4099.25,0.0442566666666666,0.0146686
4099.5,0.0427893333333332,0.0150235999999999
4099.75,0.0403753333333333,0.0139159999999999
4100,0.0427893333333332,0.0141384666666666
4100.25,0.0423633333333332,0.0138307999999999
4100.5,0.0406593333333332,0.0142
4100.75,0.0429786666666666,0.0153691333333333
4101,0.0421266666666666,0.0148248
4101.25,0.0408013333333333,0.0137124666666666
4101.5,0.0435466666666666,0.0147869333333333
4101.75,0.0433573333333333,0.0166471333333333
4102,0.0404226666666666,0.0135278666666666
4102.25,0.0432153333333332,0.0136888
4102.5,0.042316,0.0147490666666666
4102.75,0.0419846666666666,0.0143751333333332
4103,0.0426,0.013419
4103.25,0.0405173333333333,0.0132817333333333
4103.5,0.0431206666666666,0.0148910666666666
4103.75,0.0434993333333333,0.0149194666666666
4104,0.0402806666666666,0.0135751999999999
4104.25,0.0420319999999999,0.0143183333333333
4104.5,0.0424579999999999,0.0157477999999999
4104.75,0.0394759999999999,0.014626
4105,0.0397126666666666,0.0138071333333333
4105.25,0.0424106666666666,0.0146449333333333
4105.5,0.0406593333333332,0.0149999333333333
4105.75,0.0400913333333333,0.0136840666666666
4106,0.0422213333333333,0.0142852
4106.25,0.040612,0.0139964666666666
4106.5,0.0399966666666666,0.0145266
4106.75,0.0428839999999999,0.0151135333333333
4107,0.0411326666666666,0.0143041333333333
4107.25,0.0406593333333332,0.0143751333333332
4107.5,0.043168,0.0152129333333333
4107.75,0.0412746666666666,0.0137834666666666
4108,0.0390499999999999,0.0139302
4108.25,0.0424106666666666,0.0142426
4108.5,0.0426,0.0151135333333333
4108.75,0.0398073333333332,0.0148484666666666
4109,0.0424106666666666,0.0148531999999999
4109.25,0.042174,0.0145644666666666
4109.5,0.038908,0.0140627333333333
4109.75,0.042316,0.0146591333333333
4110,0.0413693333333333,0.0130829333333333
4110.25,0.0402806666666666,0.0142473333333333
4110.5,0.0407539999999999,0.0141479333333333
4110.75,0.0424106666666666,0.0141715999999999
4111,0.0409433333333333,0.0130687333333333
4111.25,0.03976,0.0136556666666666
4111.5,0.0316186666666666,0.00368868666666661
4111.75,0.0278793333333332,0.000749759999999893
4112,0.0244713333333333,-6.62666666666662e-05
4112.25,0.0279266666666666,0.00155016666666661
4112.5,0.0288259999999999,0.00113599999999993
4112.75,0.0261753333333332,0.000345533333333286
4113,0.0243766666666666,-0.000151466666666643
4113.25,0.0261753333333332,0.00127705333333332
4113.5,0.02556,0.0002982
4113.75,0.0233826666666666,1.89333333333329e-05
4114,0.026412,0.000279266666666643
4114.25,0.027832,0.00261043333333332
4114.5,0.02272,-0.000118333333333321
4114.75,0.0259386666666666,0.000657933333333251
4115,0.0269326666666666,0.00174281333333329
4115.25,0.0236666666666666,0.00138686666666664
4115.5,0.0258439999999999,0.000837799999999929
4115.75,0.0245659999999999,0.00189446933333329
4116,0.0266013333333332,0.00174186666666661
4116.25,0.0249446666666666,0.00107446666666657
4116.5,0.0256073333333333,0.00126379999999993
4116.75,0.0258439999999999,0.00170399999999989
4117,0.025276,0.00219153333333325
4117.25,0.02698,0.00171446066666664
4117.5,0.0230986666666666,0.000124202666666643
4117.75,0.0245186666666666,0.000397599999999964
4118,0.0266486666666666,0.00216313333333332
4118.25,0.0234773333333333,0.00099873333333325
4118.5,0.0266486666666666,0.00197616666666661
4118.75,0.023146,0.000539599999999929
4119,0.0267906666666666,0.00114073333333332
4119.25,0.0234773333333333,0.000833066666666643
4119.5,0.026838,0.000989266666666572
4119.75,0.0235246666666666,0.00070053333333325
4120,0.0275006666666666,0.00150046666666657
4120.25,0.023572,0.000908799999999965
4120.5,0.0248026666666666,-0.000586933333333321
4120.75,0.0229566666666666,8.51999999999995e-05
4121,0.0266013333333332,0.00148153333333332
4121.25,0.0241873333333333,0.00149999333333329
4121.5,0.0271219999999999,0.00146070666666661
4121.75,0.0279739999999999,0.00542913333333325
4122,0.038482,0.0138213333333332
4122.25,0.0414166666666666,0.0143893333333333
4122.5,0.0398073333333332,0.0129646
4122.75,0.0411799999999999,0.0140390666666666
4123,0.038908,0.0133054
4123.25,0.0420319999999999,0.0136130666666666
4123.5,0.0395706666666666,0.0140343333333332
4123.75,0.04189,0.0142852
4124,0.0420319999999999,0.0139917333333332
4124.25,0.0391446666666666,0.0137314
4124.5,0.0427893333333332,0.0141242666666666
4124.75,0.0411326666666666,0.0157146666666666
4125,0.0434046666666666,0.0150094
4125.25,0.0437359999999999,0.0144982
4125.5,0.0399493333333333,0.0148531999999999
4125.75,0.0434993333333333,0.0149952
4126,0.0403753333333333,0.0137455999999999
4126.25,0.0425526666666666,0.0141289999999999
4126.5,0.0428366666666666,0.0148342666666666
4126.75,0.040612,0.0157903999999999
4127,0.0422686666666666,0.0140011999999999
4127.25,0.0434993333333333,0.0144887333333333
4127.5,0.0397126666666666,0.0145123999999999
4127.75,0.0453926666666666,0.0150378
4128,0.0426,0.0138639333333332
4128.25,0.0399019999999999,0.0145408
4128.5,0.0425526666666666,0.0149952
4128.75,0.0415586666666666,0.0143325333333332
4129,0.039192,0.0140390666666666
4129.25,0.0413693333333333,0.0139396666666666
4129.5,0.04189,0.014626
4129.75,0.0387659999999999,0.0135420666666666
4130,0.0430733333333333,0.0147064666666666
4130.25,0.0427893333333332,0.0152129333333333
4130.5,0.0415586666666666,0.0143419999999999
4130.75,0.0399493333333333,0.0134663333333333
4131,0.0420793333333333,0.0144319333333333
4131.25,0.041038,0.0131539333333333
4131.5,0.0395233333333333,0.0133101333333332
4131.75,0.0396653333333333,0.0134379333333332
4132,0.0413693333333333,0.0132249333333332
4132.25,0.040186,0.0126569333333333
4132.5,0.0398546666666666,0.0138402666666666
4132.75,0.040044,0.0136225333333333
4133,0.0415113333333332,0.0135231333333332
4133.25,0.0415586666666666,0.0142236666666666
4133.5,0.0426946666666666,0.0159324
4133.75,0.0402333333333333,0.0139585999999999
4134,0.041322,0.0145266
4134.25,0.0422213333333333,0.0140390666666666
4134.5,0.0432626666666666,0.0160128666666666
4134.75,0.0417953333333333,0.0140911333333333
4135,0.0412746666666666,0.0137455999999999
4135.25,0.0310506666666666,0.00473806666666657
4135.5,0.0273586666666666,0.00146733333333325
4135.75,0.02769,0.00130450666666657
4136,0.0266486666666666,0.000378666666666607
4136.25,0.0264593333333333,0.000634266666666608
4136.5,0.0250866666666666,0.000842533333333321
4136.75,0.0237613333333333,-0.000279266666666643
4137,0.0271693333333333,0.000525399999999964
4137.25,0.0251813333333333,0.000511199999999893
4137.5,0.0249919999999999,0.00249635999999989
4137.75,0.0258913333333333,0.000629533333333321
4138,0.0237613333333333,0.000137266666666572
4138.25,0.0246606666666666,0.000610599999999964
4138.5,0.0265066666666666,0.000425999999999893
4138.75,0.0225779999999999,-0.000227199999999964
4139,0.0267906666666666,0.0005538
4139.25,0.0261753333333332,0.00040233333333325
4139.5,0.0238086666666666,0.00111233333333329
4139.75,0.0256073333333333,8.99333333333333e-05
4140,0.0256073333333333,0.000182233333333321
4140.25,0.023146,5.20666666666667e-05
4140.5,0.0259386666666666,0.00151466666666664
4140.75,0.0268853333333333,0.00120699999999996
4141,0.0243293333333333,0.000714733333333321
4141.25,0.0266013333333332,0.00190989999999996
4141.5,0.028116,0.00298057999999993
4141.75,0.0253233333333332,0.000539599999999929
4142,0.0254179999999999,0.00129693333333325
4142.25,0.0264593333333333,0.00152791999999993
4142.5,0.0273113333333333,0.00124155333333325
4142.75,0.0280213333333333,0.000293466666666607
4143,0.0311453333333333,0.00105079999999993
4143.25,0.0286366666666666,0.000936348
4143.5,0.0264593333333333,0.00163631333333329
4143.75,0.0283526666666666,-0.000246133333333321
4144,0.0289679999999999,0.000440199999999964
4144.25,0.0270746666666666,-2.05275611323922e-20
4144.5,0.0187153486725663,-0.000513009557522073
4144.75,0.0305299999999999,0.00106499999999989
4145,0.0185839365342163,-0.00036597522075045
4145.25,0.0309559999999999,0.007029
4145.5,0.034648,0.00889866666666661
4145.75,0.0392393333333333,0.0135562666666666
4146,0.0342907868275515,0.00425678733031673
4146.25,0.0402806666666666,0.0138213333333332
4146.5,0.041322,0.0135515333333333
4146.75,0.0409906666666666,0.0134663333333333
4147,0.0411799999999999,0.0132817333333333
4147.25,0.043168,0.0141905333333333
4147.5,0.0426946666666666,0.0144934666666666
4147.75,0.0399493333333333,0.0145692
4148,0.0429313333333333,0.0143136
4148.25,0.0426946666666666,0.0150614666666666
4148.5,0.0412746666666666,0.0149336666666666
4148.75,0.041038,0.013987
4149,0.0417006666666666,0.0134521333333333
4149.25,0.04189,0.0139964666666666
4149.5,0.0397126666666666,0.0143419999999999
4149.75,0.0425053333333333,0.0144224666666666
4150,0.0436886666666666,0.0154354
4150.25,0.0426473333333333,0.0157809333333333
4150.5,0.0414166666666666,0.0144224666666666
4150.75,0.0420319999999999,0.0139159999999999
4151,0.042174,0.0141668666666666
4151.25,0.0408013333333333,0.0153880666666666
4151.5,0.0422213333333333,0.0140863999999999
4151.75,0.0425526666666666,0.0139444
4152,0.0420793333333333,0.0136319999999999
4152.25,0.0398073333333332,0.01491
4152.5,0.0416533333333333,0.0142236666666666
4152.75,0.042174,0.0134379333333332
4153,0.0409433333333333,0.0138592
4153.25,0.0400913333333333,0.0152082
4153.5,0.0422213333333333,0.0145408
4153.75,0.0426473333333333,0.0148058666666666
4154,0.043026,0.0156152666666666
4154.25,0.0412746666666666,0.0163820666666666
4154.5,0.0422213333333333,0.0148484666666666
4154.75,0.0417953333333333,0.0144745333333333
4155,0.0422213333333333,0.0146544
4155.25,0.0396653333333333,0.0147159333333332
4155.5,0.0412746666666666,0.0142189333333333
4155.75,0.0432153333333332,0.0157477999999999
4156,0.042742,0.0150993333333333
4156.25,0.041464,0.0149052666666666
4156.5,0.0396653333333333,0.013987
4156.75,0.0424579999999999,0.0138497333333333
4157,0.0418426666666666,0.0142899333333333
4157.25,0.0426,0.0152129333333333
4157.5,0.04189,0.0147064666666666
4157.75,0.040612,0.0140059333333333
4158,0.041464,0.0142473333333333
4158.25,0.048564,0.0136225333333333
4158.5,0.0493686666666666,0.0126238
4158.75,0.0580306666666666,0.0160270666666666
4159,0.0799459999999999,0.0161501333333333
4159.25,0.0940986666666666,0.0130213999999999
4159.5,0.138828666666667,-0.00101293333333332
4159.75,0.212053333333333,0.0173239999999999
4160,0.21442,0.020022
4160.25,0.224833333333333,0.0212053333333333
4160.5,0.23146,0.0115256666666666
4160.75,0.24424,0.00927259999999993
4161,0.234773333333333,0.0143845999999999
4161.25,0.241873333333333,0.0165997999999999
4161.5,0.233826666666667,0.00737926666666657
4161.75,0.23288,0.00774468
4162,0.2414,0.0124912666666666
4162.25,0.239033333333333,0.00765522
4162.5,0.24424,0.0126758666666666
4162.75,0.233826666666667,0.0101293333333333
4163,0.24282,0.0128462666666666
4163.25,0.238086666666667,0.0109482
4163.5,0.229566666666667,0.0137314
4163.75,0.236666666666667,0.00938146666666657
4164,0.23856,0.0199746666666666
4164.25,0.23714,0.0289206666666666
4164.5,0.24424,0.0387186666666666
4164.75,0.256546666666667,0.0353106666666666
4165,0.255126666666667,0.039334
4165.25,0.30388,0.0431206666666666
4165.5,0.34222,0.0520666666666666
4165.75,0.338906666666667,0.0427893333333332
4166,0.341273333333333,0.047854
4166.25,0.329913333333333,0.0426946666666666
4166.5,0.328966666666667,0.0436886666666666
4166.75,0.320446666666667,0.0436886666666666
4167,0.317606666666667,0.0482326666666666
4167.25,0.306246666666667,0.0453453333333333
4167.5,0.301986666666667,0.0409906666666666
4167.75,0.2982,0.0416059999999999
4168,0.310033333333333,0.046434
4168.25,0.319973333333333,0.0484219999999999
4168.5,0.319026666666667,0.054954
4168.75,0.291573333333333,0.0391446666666666
4169,0.294886666666667,0.0448246666666666
4169.25,0.32092,0.054954
4169.5,0.316186666666667,0.0526819999999999
4169.75,0.297253333333333,0.0569419999999999
4170,0.3124,0.0609179999999999
4170.25,0.337013333333333,0.0672133333333333
4170.5,0.323286666666667,0.0686806666666666
4170.75,0.32376,0.0573679999999999
4171,0.355473333333333,0.064894
4171.25,0.35358,0.0559953333333333
4171.5,0.319026666666667,0.0551906666666666
4171.75,0.23004,0.0233826666666666
4172,0.181665333333333,0.0190090666666666
4172.25,0.177784,0.0177073999999999
4172.5,0.161738,0.0130545333333333
4172.75,0.175322666666667,0.0306246666666666
4173,0.161690666666667,0.0167323333333333
4173.25,0.146922666666667,0.0228619999999999
4173.5,0.122877333333333,0.018531
4173.75,0.115446,0.0129125333333333
4174,0.104559333333333,0.0171488666666666
4174.25,0.0810346666666666,0.0129551333333333
4174.5,0.0879453333333332,0.0206846666666666
4174.75,0.0695326666666666,0.0163962666666666
4175,0.0574153333333333,0.0174517999999999
4175.25,0.0550013333333333,0.0171630666666666
4175.5,0.056232,0.0169074666666666
4175.75,0.0540073333333333,0.0175369999999999
4176,0.0569893333333333,0.0170305333333333
4176.25,0.054244,0.0171772666666666
4176.5,0.0551433333333332,0.0170116
4176.75,0.0557113333333333,0.0182706666666666
4177,0.0566106666666666,0.0185783333333333
4177.25,0.0541493333333333,0.0167986
4177.5,0.0554273333333333,0.0170494666666666
4177.75,0.0554746666666666,0.0186067333333333
4178,0.055948,0.0181618
4178.25,0.0554746666666666,0.0170636666666666
4178.5,0.0547173333333332,0.0169926666666666
4178.75,0.0565633333333333,0.0192788666666666
4179,0.0557586666666666,0.0177784
4179.25,0.054102,0.0169737333333333
4179.5,0.0547646666666666,0.0169453333333333
4179.75,0.0561846666666666,0.0187250666666666
4180,0.0551433333333332,0.0174896666666666
4180.25,0.0546226666666666,0.0167512666666666
4180.5,0.0550013333333333,0.0171157333333333
4180.75,0.052966,0.0190327333333333
4181,0.0523506666666666,0.0174376
4181.25,0.0557113333333333,0.0171157333333333
4181.5,0.0557113333333333,0.017821
4181.75,0.058078,0.0190848
4182,0.0558059999999999,0.0172293333333332
4182.25,0.0628586666666666,0.0163678666666666
4182.5,0.0710473333333333,0.0138639333333332
4182.75,0.0761593333333333,0.0149431333333333
4183,0.0833539999999999,0.0152365999999999
4183.25,0.0752126666666666,0.0018744
4183.5,0.102476666666667,0.00871879999999993
4183.75,0.255126666666667,0.0682546666666666
4184,0.2556,0.0596873333333333
4184.25,0.359733333333333,0.0962286666666666
4184.5,0.351213333333333,0.064468
4184.75,0.353106666666667,0.0505519999999999
4185,0.34222,0.0558533333333333
4185.25,0.36352,0.0605393333333333
4185.5,0.422686666666667,0.0795199999999999
4185.75,0.418426666666667,0.059356
4186,0.422213333333333,0.0549066666666666
4186.25,0.40754,0.0587406666666666
4186.5,0.41748,0.0571786666666666
4186.75,0.413693333333333,0.0608706666666666
4187,0.39192,0.0518299999999999
4187.25,0.26612652173913,0.014783208405797
4187.5,0.373933333333333,0.0536286666666666
4187.75,0.341746666666667,0.0582673333333333
4188,0.358786666666667,0.0746446666666666
4188.25,0.3195,0.0619593333333332
4188.5,0.32518,0.0789993333333333
4188.75,0.32518,0.0627166666666666
4189,0.29536,0.0524926666666666
4189.25,0.328966666666667,0.0639473333333333
4189.5,0.33086,0.059214
4189.75,0.354053333333333,0.0740766666666666
4190,0.351213333333333,0.0663613333333333
4190.25,0.343166666666667,0.0522086666666666
4190.5,0.318553333333333,0.057652
4190.75,0.331333333333333,0.0714733333333333
4191,0.325653333333333,0.0709999999999999
4191.25,0.316186666666667,0.0637579999999999
4191.5,0.32376,0.0694853333333333
4191.75,0.3053,0.062622
4192,0.319973333333333,0.061912
4192.25,0.32944,0.0642786666666666
4192.5,0.338433333333333,0.0689646666666666
4192.75,0.30672,0.0654146666666666
4193,0.284473333333333,0.0548593333333333
4193.25,0.2627,0.0568946666666666
4193.5,0.280686666666667,0.0626693333333333
4193.75,0.295833333333333,0.0683493333333332
4194,0.290153333333333,0.0774373333333333
4194.25,0.314766666666667,0.0882293333333333
4194.5,0.317606666666667,0.0833539999999999
4194.75,0.312873333333333,0.0822179999999999
4195,0.29962,0.0818866666666667
4195.25,0.275006666666667,0.0604919999999999
4195.5,0.216313333333333,0.0399966666666666
4195.75,0.166613333333333,0.0198705333333332
4196,0.134568666666667,0.0159229333333333
4196.25,0.125764666666667,0.0111659333333333
4196.5,0.121978,0.0152791999999999
4196.75,0.104133333333333,0.0130782
4197,0.10863,0.0174849333333333
4197.25,0.0837799999999999,0.0109718666666666
4197.5,0.0770113333333333,0.0104843333333333
4197.75,0.0753073333333333,0.00982166666666664
4198,0.0735086666666666,0.0151135333333333
4198.25,0.0744079999999999,0.0200740666666666
4198.5,0.0616753333333333,0.0128273333333333
4198.75,0.0513093333333332,0.0141858
4199,0.0361626666666666,0.0145597333333333
4199.25,0.0350266666666666,0.0140722
4199.5,0.0361626666666666,0.0145975999999999
4199.75,0.036352,0.0145975999999999
4200,0.0373459999999999,0.0165288
4200.25,0.0356419999999999,0.0144603333333333
4200.5,0.035926,0.0153312666666666
4200.75,0.0369199999999999,0.0160791333333332
4201,0.0376773333333333,0.0172813999999999
4201.25,0.0358313333333333,0.0151656
4201.5,0.03621,0.0157241333333333
4201.75,0.0355946666666666,0.0148816
4202,0.0359733333333332,0.0154495999999999
4202.25,0.0359733333333332,0.0154495999999999
4202.5,0.0355,0.0148531999999999
4202.75,0.036352,0.0156294666666666
4203,0.0368253333333333,0.0164436
4203.25,0.0358313333333333,0.0152129333333333
4203.5,0.0355473333333333,0.0147869333333333
4203.75,0.035784,0.0151040666666666
4204,0.0361153333333333,0.0157241333333333
4204.25,0.03621,0.0157714666666666
4204.5,0.0358786666666666,0.0152602666666666
4204.75,0.0364466666666666,0.0158566666666666
4205,0.0373459999999999,0.0170447333333333
4205.25,0.0363046666666666,0.0160649333333333
4205.5,0.0349793333333333,0.0143041333333333
4205.75,0.0349793333333333,0.0142899333333333
4206,0.0367306666666666,0.0154401333333332
4206.25,0.0430733333333333,0.0139349333333333
4206.5,0.0481853333333333,0.0109387333333333
4206.75,0.0612019999999999,0.0176411333333333
4207,0.0701479999999999,0.0147632666666666
4207.25,0.101056666666667,0.00138828666666661
4207.5,0.12709,0.000208266666666607
4207.75,0.280213333333333,0.0348846666666666
4208,0.340326666666667,0.0460553333333333
4208.25,0.357366666666667,0.047854
4208.5,0.387186666666667,0.0544333333333333
4208.75,0.369673333333333,0.049132
4209,0.388133333333333,0.0453926666666666
4209.25,0.39192,0.0532973333333333
4209.5,0.37914,0.0452506666666666
4209.75,0.376773333333333,0.0567053333333333
4210,0.373933333333333,0.0504573333333332
4210.25,0.37914,0.0526346666666666
4210.5,0.367306666666667,0.0541966666666666
4210.75,0.358313333333333,0.0482326666666666
4211,0.36352,0.0518299999999999
4211.25,0.33938,0.0461973333333333
4211.5,0.30246,0.0479013333333332
4211.75,0.29252,0.045724
4212,0.298673333333333,0.057226
4212.25,0.294886666666667,0.0527766666666666
4212.5,0.300566666666667,0.053818
4212.75,0.30672,0.0583146666666666
4213,0.314293333333333,0.064752
4213.25,0.318553333333333,0.0645626666666666
4213.5,0.326126666666667,0.0588353333333333
4213.75,0.334646666666667,0.0571313333333333
4214,0.353106666666667,0.0646099999999999
4214.25,0.338906666666667,0.0453926666666666
4214.5,0.345533333333333,0.056232
4214.75,0.33796,0.054244
4215,0.32802,0.0531079999999999
4215.25,0.309086666666667,0.0451086666666666
4215.5,0.323286666666667,0.0544333333333333
4215.75,0.32518,0.0524926666666666
4216,0.307193333333333,0.04189
4216.25,0.309086666666667,0.0505046666666666
4216.5,0.287786666666667,0.051688
4216.75,0.277846666666667,0.047428
4217,0.28684,0.051546
4217.25,0.283053333333333,0.0422213333333333
4217.5,0.25702,0.051972
4217.75,0.30956,0.0532973333333333
4218,0.333226666666667,0.0622906666666666
4218.25,0.328966666666667,0.0602553333333332
4218.5,0.328966666666667,0.0747393333333332
4218.75,0.348373333333333,0.07384
4219,0.327073333333333,0.059356
4219.25,0.287313333333333,0.0462919999999999
4219.5,0.229093333333333,0.0230039999999999
4219.75,0.202160666666667,0.023856
4220,0.156436666666667,0.0229566666666666
4220.25,0.144650666666667,0.0166897333333333
4220.5,0.141810666666667,0.0211579999999999
4220.75,0.133385333333333,0.0190374666666666
4221,0.118380666666667,0.0111043999999999
4221.25,0.108109333333333,0.00873773333333329
4221.5,0.0949033333333333,0.00799933333333332
4221.75,0.090028,0.0187297999999999
4222,0.0737453333333333,0.0152082
4222.25,0.0665506666666666,0.0188008
4222.5,0.0507413333333333,0.0137550666666666
4222.75,0.036636,0.0120368666666666
4223,0.0370146666666666,0.0136130666666666
4223.25,0.0372986666666666,0.0139444
4223.5,0.0378193333333333,0.0147727333333333
4223.75,0.0373459999999999,0.0133195999999999
4224,0.036778,0.0140863999999999
4224.25,0.036636,0.0143845999999999
4224.5,0.0365886666666666,0.0142567999999999
4224.75,0.0360679999999999,0.0137834666666666
4225,0.0364939999999999,0.0143419999999999
4225.25,0.0364466666666666,0.0142189333333333
4225.5,0.0368726666666666,0.0148200666666666
4225.75,0.037062,0.0145502666666666
4226,0.0358786666666666,0.0132486
4226.25,0.0359733333333332,0.0133716666666666
4226.5,0.0367306666666666,0.0146070666666666
4226.75,0.0363993333333332,0.0140722
4227,0.0362573333333333,0.0137029999999999
4227.25,0.0364939999999999,0.0139917333333332
4227.5,0.0373459999999999,0.0149525999999999
4227.75,0.037062,0.0148011333333332
4228,0.037204,0.0144603333333333
4228.25,0.0370146666666666,0.0142047333333333
4228.5,0.0374406666666666,0.0150567333333333
4228.75,0.0371566666666666,0.0147964
4229,0.0369673333333333,0.0147727333333333
4229.25,0.0363993333333332,0.0136603999999999
4229.5,0.0371566666666666,0.0147159333333332
4229.75,0.036778,0.0144224666666666
4230,0.0367306666666666,0.0135089333333333
4230.25,0.0450613333333333,0.0105648
4230.5,0.0486113333333333,0.0102334666666666
4230.75,0.0594979999999999,0.0183037999999999
4231,0.0736506666666666,0.0202823333333333
4231.25,0.0756386666666666,0.0179629999999999
4231.5,0.0882766666666666,0.00805613333333328
4231.75,0.104086,0.00616279999999993
4232,0.127326666666667,0.0125622666666666
4232.25,0.131018666666667,0.0090738
4232.5,0.15904,0.0140911333333333
4232.75,0.1704,0.0143467333333333
4233,0.16472,0.00864306666666661
4233.25,0.17182,0.0117386666666666
4233.5,0.161406666666667,0.0112700666666666
4233.75,0.157146666666667,0.00186493333333332
4234,0.16188,0.00719939999999989
4234.25,0.166613333333333,0.0115682666666666
4234.5,0.153076,0.00475226666666664
4234.75,0.137456,0.00686333333333329
4235,0.120889333333333,-0.000833066666666643
4235.25,0.121788666666667,0.0028542
4235.5,0.101577333333333,-0.000534866666666643
4235.75,0.0977433333333332,0.000866199999999964
4236,0.0884186666666666,0.00661388666666664
4236.25,0.0839693333333333,0.00417858666666661
4236.5,0.0820286666666666,0.00917319999999996
4236.75,0.0839693333333333,0.00574626666666661
4237,0.073414,0.00408486666666661
4237.25,0.106878666666667,0.0151892666666666
4237.5,0.145644666666667,0.0114736
4237.75,0.158756,0.00834439333333332
4238,0.166045333333333,0.00806228666666664
4238.25,0.157572666666667,0.00559006666666657
4238.5,0.154306666666667,0.00218206666666657
4238.75,0.167086666666667,0.00707193133333332
4239,0.175133333333333,0.00976486666666657
4239.25,0.17608,0.0069438
4239.5,0.166613333333333,0.0077106
4239.75,0.158566666666667,0.00595926666666661
4240,0.14271,0.00463866666666661
4240.25,0.143278,0.00452033333333329
4240.5,0.131255333333333,0.00115303999999993
4240.75,0.12638,0.00119753333333329
4241,0.0996366666666666,0.00185546666666664
4241.25,0.0846319999999999,0.00164246666666664
4241.5,0.0894126666666666,0.00668346666666661
4241.75,0.0784786666666666,0.00559811333333329
4242,0.0953293333333333,0.0198799999999999
4242.25,0.105979333333333,0.0206846666666666
4242.5,0.130261333333333,0.0301513333333333
4242.75,0.13703,0.0233826666666666
4243,0.162826666666667,0.0230986666666666
4243.25,0.16756,0.0188718
4243.5,0.16898,0.0162022
4243.75,0.163347333333333,0.0184836666666666
4244,0.160649333333333,0.0131065999999999
4244.25,0.153123333333333,0.0168601333333333
4244.5,0.154306666666667,0.0181239333333333
4244.75,0.158803333333333,0.0228099333333332
4245,0.123161333333333,0.0190705999999999
4245.25,0.104133333333333,0.0121883333333333
4245.5,0.106310666666667,0.024708
4245.75,0.0904066666666666,0.0111233333333333
4246,0.0850579999999999,0.022294
4246.25,0.0702426666666666,0.0165477333333333
4246.5,0.060634,0.0152839333333333
4246.75,0.041748,0.014413
4247,0.0352633333333333,0.0111233333333333
4247.25,0.0360206666666666,0.0117197333333333
4247.5,0.036352,0.0118096666666666
4247.75,0.0365886666666666,0.0122924666666666
4248,0.0358786666666666,0.0118049333333333
4248.25,0.0361626666666666,0.0123871333333333
4248.5,0.0370146666666666,0.0139728
4248.75,0.0355946666666666,0.0124865333333333
4249,0.0354053333333333,0.0119895333333333
4249.25,0.0355473333333333,0.0121173333333333
4249.5,0.035358,0.0119374666666666
4249.75,0.0362573333333333,0.0130782
4250,0.0365886666666666,0.0132675333333332
4250.25,0.0363993333333332,0.0128226
4250.5,0.0367306666666666,0.0130403333333333
4250.75,0.035784,0.0122072666666666
4251,0.0358313333333333,0.0127231999999999
4251.25,0.0355473333333333,0.0117244666666666
4251.5,0.0358313333333333,0.0121552
4251.75,0.0356893333333333,0.0119942666666666
4252,0.0356419999999999,0.0122072666666666
4252.25,0.0361626666666666,0.0122072666666666
4252.5,0.0361153333333333,0.0124865333333333
4252.75,0.0355473333333333,0.0121457333333333
4253,0.0357366666666666,0.0124297333333333
4253.25,0.0356419999999999,0.0120368666666666
4253.5,0.035784,0.0124249999999999
4253.75,0.0355473333333333,0.0122262
4254,0.0362573333333333,0.0129314666666666
4254.25,0.044304,0.0103944
4254.5,0.0480906666666666,0.00903593333333329
4254.75,0.0547173333333332,0.012922
4255,0.060066,0.0122971999999999
4255.25,0.0733666666666666,0.0114688666666666
4255.5,0.164246666666667,0.0226253333333333
4255.75,0.230986666666667,0.0472386666666666
4256,0.290626666666667,0.0530133333333332
4256.25,0.314293333333333,0.0478066666666666
4256.5,0.32944,0.0543859999999999
4256.75,0.337486666666667,0.0480906666666666
4257,0.332753333333333,0.0450139999999999
4257.25,0.33654,0.0547646666666666
4257.5,0.340326666666667,0.0603026666666666
4257.75,0.323286666666667,0.0469073333333333
4258,0.321393333333333,0.0492266666666666
4258.25,0.31098,0.043168
4258.5,0.320446666666667,0.0497473333333333
4258.75,0.328966666666667,0.0531553333333333
4259,0.324233333333333,0.0486113333333333
4259.25,0.3266,0.055096
4259.5,0.324706666666667,0.053392
4259.75,0.311926666666667,0.0479486666666666
4260,0.286366666666667,0.055948
4260.25,0.2556,0.0522559999999999
4260.5,0.26554,0.0529186666666666
4260.75,0.2698,0.0522559999999999
4261,0.275953333333333,0.05964
4261.25,0.284473333333333,0.057652
4261.5,0.308613333333333,0.0514513333333333
4261.75,0.317133333333333,0.0593086666666666
4262,0.321866666666667,0.0603026666666666
4262.25,0.312873333333333,0.0456293333333333
4262.5,0.351213333333333,0.0626693333333333
4262.75,0.361153333333333,0.057226
4263,0.355473333333333,0.0540546666666666
4263.25,0.323286666666667,0.0420319999999999
4263.5,0.332753333333333,0.0446826666666666
4263.75,0.338433333333333,0.0485166666666666
4264,0.340326666666667,0.0564213333333332
4264.25,0.301986666666667,0.0450613333333333
4264.5,0.29394,0.0416059999999999
4264.75,0.301513333333333,0.04686
4265,0.248973333333333,0.0396653333333333
4265.25,0.239506666666667,0.0458659999999999
4265.5,0.23146,0.0595926666666666
4265.75,0.209686666666667,0.0492739999999999
4266,0.23146,0.0662666666666666
4266.25,0.227673333333333,0.0568946666666666
4266.5,0.235246666666667,0.066882
4266.75,0.229093333333333,0.0699113333333333
4267,0.248973333333333,0.062764
4267.25,0.248973333333333,0.0510253333333333
4267.5,0.192646666666667,0.0219342666666666
4267.75,0.147064666666667,0.00952583333333329
4268,0.117528666666667,0.0135751999999999
4268.25,0.112700666666667,0.0100536
4268.5,0.11502,0.0114215333333333
4268.75,0.108251333333333,0.00570002199999996
4269,0.115493333333333,0.0290153333333333
4269.25,0.0941933333333333,0.0151987333333333
4269.5,0.0849633333333332,0.0139207333333333
4269.75,0.0775793333333333,0.00858626666666664
4270,0.0835433333333333,0.0229093333333333
4270.25,0.0629059999999999,0.0120226666666666
4270.5,0.0510253333333333,0.00952819999999993
4270.75,0.0394759999999999,0.0117433999999999
4271,0.037062,0.0122309333333333
4271.25,0.0369199999999999,0.0127942
4271.5,0.0374406666666666,0.0131397333333332
4271.75,0.0378193333333333,0.0123776666666666
4272,0.038056,0.0134095333333333
4272.25,0.03621,0.0125386
4272.5,0.0359733333333332,0.0124013333333333
4272.75,0.0358313333333333,0.0119563999999999
4273,0.0364939999999999,0.0122262
4273.25,0.035358,0.0117576
4273.5,0.0358786666666666,0.0119706
4273.75,0.037062,0.0130261333333333
4274,0.036352,0.0124770666666666
4274.25,0.0359733333333332,0.0120841999999999
4274.5,0.0368726666666666,0.011857
4274.75,0.0369673333333333,0.012709
4275,0.0365413333333333,0.0124108
4275.25,0.0365886666666666,0.0119374666666666
4275.5,0.0363046666666666,0.0122309333333333
4275.75,0.0364466666666666,0.0126853333333333
4276,0.0373933333333333,0.0128509999999999
4276.25,0.0360206666666666,0.0118522666666666
4276.5,0.036352,0.0125764666666666
4276.75,0.037062,0.0124628666666666
4277,0.0371566666666666,0.0139254666666666
4277.25,0.0371566666666666,0.0126001333333333
4277.5,0.0373459999999999,0.0131113333333333
4277.75,0.0362573333333333,0.0131634
4278,0.0371566666666666,0.0130971333333332
4278.25,0.0360679999999999,0.0117102666666666
4278.5,0.0404699999999999,0.011857
4278.75,0.0488006666666666,0.0134758
4279,0.0457713333333332,0.00976013333333329
4279.25,0.0418426666666666,0.00385766666666664
4279.5,0.0371566666666666,-0.00159039999999996
4279.75,0.0378193333333333,-0.00212526666666661
4280,0.036636,-0.0005964
4280.25,0.0321866666666666,-0.00299619999999996
4280.5,0.031098,-0.00314861333333329
4280.75,0.0325653333333333,-0.00108866666666664
4281,0.0306246666666666,-0.00409433333333329
4281.25,0.0307193333333333,-0.00314766666666661
4281.5,0.0348373333333333,-0.00379613333333329
4281.75,0.0360206666666666,-0.0036636
4282,0.034932,-0.00419089333333332
4282.25,0.0329913333333332,-0.00309086666666664
4282.5,0.032944,-0.00350266666666657
4282.75,0.0378193333333333,-9.46666666666662e-05
4283,0.0353106666666666,-0.00283053333333325
4283.25,0.0305299999999999,-0.00211106666666664
4283.5,0.028116,-0.00207319999999993
4283.75,0.0339853333333333,-0.00240453333333325
4284,0.0326126666666666,-0.00200693333333329
4284.25,0.0319973333333333,-0.00256546666666657
4284.5,0.0270746666666666,-0.00182706666666661
4284.75,0.0271219999999999,-0.00306246666666661
4285,0.0271693333333333,-0.00338433333333325
4285.25,0.0260333333333333,-0.00338906666666664
4285.5,0.026128,-0.0026838
4285.75,0.0266486666666666,-0.00280213333333332
4286,0.0275006666666666,-0.00271219999999993
4286.25,0.0265066666666666,-0.00279266666666664
4286.5,0.0255126666666666,-0.0034506
4286.75,0.028116,-0.0023856
4287,0.0290153333333333,-0.00294413333333329
4287.25,0.0287313333333333,-0.00372655333333332
4287.5,0.0280686666666666,-0.00363993333333325
4287.75,0.0291573333333332,-0.00292046666666664
4288,0.0340799999999999,-0.00189806666666664
4288.25,0.031524,-0.00264356666666664
4288.5,0.0301986666666666,-0.00332185333333332
4288.75,0.0301986666666666,-0.00327499333333332
4289,0.0331333333333333,-0.000875666666666643
4289.25,0.0333226666666666,0.00175133333333329
4289.5,0.0351686666666666,0.00849159999999996
4289.75,0.036352,0.00987846666666661
4290,0.0374879999999999,0.0107068
4290.25,0.0381506666666666,0.0114830666666666
4290.5,0.0367306666666666,0.0100488666666666
4290.75,0.0351213333333333,0.0103849333333333
4291,0.034648,0.0112085333333333
4291.25,0.0342693333333332,0.00990686666666664
4291.5,0.0346006666666666,0.0105979333333333
4291.75,0.035074,0.0110191999999999
4292,0.0355946666666666,0.0119185333333333
4292.25,0.0355946666666666,0.0116534666666666
4292.5,0.0359733333333332,0.0120037333333333
4292.75,0.036636,0.0128273333333333
4293,0.0347426666666666,0.0108677333333333
4293.25,0.0346953333333332,0.0111138666666666
4293.5,0.035074,0.0110712666666666
4293.75,0.036636,0.0128415333333333
4294,0.0365413333333333,0.0121504666666666
4294.25,0.0344586666666666,0.0108346
4294.5,0.0337013333333333,0.0101435333333333
4294.75,0.0355473333333333,0.0119800666666666
4295,0.0358786666666666,0.0112369333333333
4295.25,0.0344586666666666,0.0102003333333333
4295.5,0.0348846666666666,0.0109434666666666
4295.75,0.0355,0.0111754
4296,0.0361626666666666,0.0119469333333332
4296.25,0.0357366666666666,0.0123161333333333
4296.5,0.0354526666666666,0.0126332666666666
4296.75,0.035074,0.0123871333333333
4297,0.035358,0.0125386
4297.25,0.0358313333333333,0.0125196666666666
4297.5,0.0344113333333333,0.0108819333333333
4297.75,0.0339379999999999,0.0109671333333332
4298,0.0349793333333333,0.0115493333333333
4298.25,0.0352633333333333,0.0120084666666666
4298.5,0.0345533333333333,0.0105742666666666
4298.75,0.0344113333333333,0.0110523333333332
4299,0.0330859999999999,0.0102287333333333
4299.25,0.0339853333333333,0.0111233333333333
4299.5,0.034648,0.0110949333333332
4299.75,0.034222,0.0104417333333333
4300,0.0340326666666666,0.0107825333333333
4300.25,0.0345533333333333,0.0121646666666666
4300.5,0.0346006666666666,0.0120274
4300.75,0.0345533333333333,0.0108677333333333
4301,0.0358313333333333,0.0118380666666666
4301.25,0.034648,0.0121078666666666
4301.5,0.0346953333333332,0.0126805999999999
4301.75,0.034932,0.0113552666666666
4302,0.0352159999999999,0.0117718
4302.25,0.0349793333333333,0.0116108666666666
4302.5,0.0339853333333333,0.0115588
4302.75,0.0343639999999999,0.0115493333333333
4303,0.0347899999999999,0.0108014666666666
4303.25,0.0349793333333333,0.0102145333333333
4303.5,0.0344113333333333,0.0106783999999999
4303.75,0.0339853333333333,0.0104938
4304,0.0267906666666666,0.00234773333333329
4304.25,0.0211579999999999,-0.00155726666666664
4304.5,0.0202586666666666,-0.00261753333333325
4304.75,0.019738,-0.00248973333333325
4305,0.0197853333333332,-0.00201166666666657
4305.25,0.0209686666666666,-0.00190753333333332
4305.5,0.0201166666666666,-0.0027264
4305.75,0.0190279999999999,-0.00264167333333329
4306,0.020022,-0.000695799999999964
4306.25,0.0192173333333333,-0.00151466666666664
4306.5,0.0177026666666666,-0.00311453333333329
4306.75,0.0187913333333333,-0.00255221333333329
4307,0.0190753333333333,-0.00198799999999993
4307.25,0.0197853333333332,-0.00131586666666661
4307.5,0.018744,-0.00232879999999993
4307.75,0.0182233333333333,-0.00232406666666664
4308,0.0194066666666666,-0.00116913333333325
4308.25,0.0195486666666666,-0.000771533333333286
4308.5,0.0188386666666666,-0.00204953333333329
4308.75,0.0188386666666666,-0.00234773333333329
4309,0.0190279999999999,-0.00167559999999996
4309.25,0.0195486666666666,-0.000899333333333286
4309.5,0.0195486666666666,-0.000984533333333286
4309.75,0.019312,-0.00137739999999996
4310,0.0197853333333332,-0.000918266666666643
4310.25,0.0196433333333333,-0.00134426666666664
4310.5,0.0191226666666666,-0.000979799999999893
4310.75,0.0189333333333332,-0.00213473333333329
4311,0.0193593333333332,-0.001278
4311.25,0.0186493333333333,-0.00218679999999996
4311.5,0.0189333333333332,-0.00125906666666664
4311.75,0.0186966666666666,-0.00160459999999993
4312,0.0201166666666666,-0.000691066666666572
4312.25,0.0197853333333332,-0.00157146666666661
4312.5,0.018744,-0.002343
4312.75,0.0192173333333333,-0.001917
4313,0.0184126666666666,-0.00207793333333332
4313.25,0.0189806666666666,-0.00327877999999993
4313.5,0.0219153333333332,-0.0003834
4313.75,0.029394,0.00767273333333329
4314,0.0344113333333333,0.0109529333333333
4314.25,0.0342693333333332,0.010792
4314.5,0.033796,0.0104227999999999
4314.75,0.0354053333333333,0.0115919333333333
4315,0.0346006666666666,0.0109434666666666
4315.25,0.0339379999999999,0.00993999999999996
4315.5,0.0334173333333333,0.0100299333333333
4315.75,0.0339853333333333,0.0105222
4316,0.0351686666666666,0.0113884
4316.25,0.034506,0.0105742666666666
4316.5,0.0335593333333333,0.00980273333333329
4316.75,0.0341746666666666,0.0111754
4317,0.0348373333333333,0.0114215333333333
4317.25,0.0355946666666666,0.0119563999999999
4317.5,0.0349793333333333,0.0110617999999999
4317.75,0.034932,0.0115398666666666
4318,0.0353106666666666,0.0114925333333333
4318.25,0.0355473333333333,0.0119137999999999
4318.5,0.0348373333333333,0.010863
4318.75,0.034648,0.0116061333333333
4319,0.0347899999999999,0.0113032
4319.25,0.0355,0.0118617333333332
4319.5,0.0358313333333333,0.0114925333333333
4319.75,0.0360206666666666,0.0124439333333333
4320,0.034648,0.0111801333333332
4320.25,0.0344586666666666,0.0105174666666666
4320.5,0.0347426666666666,0.0113268666666666
4320.75,0.0347426666666666,0.0118664666666666
4321,0.0341273333333333,0.0110428666666666
4321.25,0.0343639999999999,0.0109008666666666
4321.5,0.035358,0.0119137999999999
4321.75,0.0350266666666666,0.0124865333333333
4322,0.0337013333333333,0.0102713333333333
4322.25,0.034648,0.0108014666666666
4322.5,0.0343166666666666,0.0105695333333333
4322.75,0.0341273333333333,0.0122167333333333
4323,0.0344586666666666,0.011218
4323.25,0.0345533333333333,0.0106783999999999
4323.5,0.0344586666666666,0.0113458
4323.75,0.0363993333333332,0.0130971333333332
4324,0.0356893333333333,0.0128131333333333
4324.25,0.0336066666666666,0.0109008666666666
4324.5,0.0343639999999999,0.0106357999999999
4324.75,0.0347426666666666,0.0117907333333333
4325,0.0344586666666666,0.0119137999999999
4325.25,0.0344113333333333,0.0109765999999999
4325.5,0.03337,0.0105458666666666
4325.75,0.0350266666666666,0.0114073333333333
4326,0.0354526666666666,0.0109387333333333
4326.25,0.0514986666666666,0.0106121333333333
4326.5,0.0560426666666666,0.00862886666666664
4326.75,0.0610126666666666,0.00892233333333325
4327,0.0659353333333333,0.00695799999999996
4327.25,0.0777213333333332,0.00614859999999996
4327.5,0.148532,0.00993526666666657
4327.75,0.297253333333333,0.0509306666666666
4328,0.324706666666667,0.051546
4328.25,0.339853333333333,0.04686
4328.5,0.355473333333333,0.049984
4328.75,0.34648,0.0480433333333333
4329,0.342693333333333,0.0469546666666666
4329.25,0.356893333333333,0.0538653333333333
4329.5,0.341746666666667,0.0504573333333332
4329.75,0.386713333333333,0.0510253333333333
4330,0.381506666666667,0.0534866666666666
4330.25,0.38482,0.0539599999999999
4330.5,0.379613333333333,0.0529186666666666
4330.75,0.381506666666667,0.0539126666666666
4331,0.38056,0.0531079999999999
4331.25,0.378666666666667,0.0532973333333333
4331.5,0.35642,0.0561846666666666
4331.75,0.334646666666667,0.0568473333333332
4332,0.332753333333333,0.0607286666666666
4332.25,0.321866666666667,0.0556639999999999
4332.5,0.31382,0.054954
4332.75,0.321866666666667,0.0554746666666666
4333,0.341746666666667,0.053676
4333.25,0.348846666666667,0.049416
4333.5,0.36494,0.0503626666666666
4333.75,0.3479,0.051546
4334,0.34222,0.0484693333333333
4334.25,0.342693333333333,0.0576046666666666
4334.5,0.360206666666667,0.0683493333333332
4334.75,0.338906666666667,0.054244
4335,0.333226666666667,0.054102
4335.25,0.341746666666667,0.0573679999999999
4335.5,0.339853333333333,0.055948
4335.75,0.338433333333333,0.0528713333333333
4336,0.329913333333333,0.052824
4336.25,0.320446666666667,0.055522
4336.5,0.30672,0.0531553333333333
4336.75,0.315713333333333,0.0556639999999999
4337,0.291573333333333,0.04899
4337.25,0.285893333333333,0.0544806666666666
4337.5,0.291573333333333,0.0567053333333333
4337.75,0.266013333333333,0.05751
4338,0.246606666666667,0.0586933333333333
4338.25,0.28116,0.067024
4338.5,0.3266,0.06603
4338.75,0.344113333333333,0.0647993333333333
4339,0.367306666666667,0.0632846666666666
4339.25,0.36352,0.0652726666666666
4339.5,0.317606666666667,0.0541966666666666
4339.75,0.229093333333333,0.0182517333333332
4340,0.157951333333333,0.0100346666666666
4340.25,0.150993333333333,0.00930573333333325
4340.5,0.146307333333333,0.00963233333333329
4340.75,0.135657333333333,0.0113647333333333
4341,0.114546666666667,0.0113931333333332
4341.25,0.102050666666667,0.0108913999999999
4341.5,0.101624666666667,0.0113079333333332
4341.75,0.0873773333333333,0.00984533333333329
4342,0.0851053333333333,0.0096276
4342.25,0.0800879999999999,0.0118711999999999
4342.5,0.064042,0.0110949333333332
4342.75,0.0479013333333332,0.0135988666666666
4343,0.036825454313099,0.0135434791054312
4343.25,0.0372541697877652,0.00943286853932581
4343.5,0.0565226046511627,0.0169948437553832
4343.75,0.0377299935691317,0.0100390438585208
4344,0.040186,0.0181759999999999
4344.25,0.0355948856576338,0.0144412185503414
4344.5,0.0366377131367291,0.0142759109919571
4344.75,0.0344103593964334,0.0105179731138546
4345,0.0371308634259259,0.010808155787037
4345.25,0.0358008806466951,0.0122037622444126
4345.5,0.0371862541932435,0.0149461055043704
4345.75,0.0374261989978524,0.0113464471486518
4346,0.0358015082437276,0.0132201083870967
4346.25,0.0360256581818181,0.0154720721454545
4346.5,0.0367039922536915,0.0145964587751149
4346.75,0.0414507328467153,0.0126337296350364
4347,0.0367708579881657,0.016419275147929
4347.25,0.0357789100219458,0.0151906759326992
4347.5,0.0396856976744185,0.0160689098837209
4347.75,0.0387752230392156,0.0142921190196078
4348,0.038729837619768,0.0117564256177509
4348.25,0.0349431414831687,0.00825151900784602
4348.5,0.038482,0.0109103333333333
4348.75,0.0412424886191198,0.0162030834597875
4349,0.0374035041322313,0.00854330037565734
4349.25,0.049132,0.0143940666666666
4349.5,0.0483402488228005,0.0133303335811648
4349.75,0.0487100571428571,0.0124101451629072
4350,0.0277234931773879,0.00365057641325527
4350.25,0.0624197094972066,0.0162535659217877
4350.5,0.0713383121729237,0.0139207139476677
4350.75,0.0497317947703801,0.00792735359261694
4351,0.0704323288940359,0.0148231061957151
4351.25,0.0755182539360081,0.00188201564245807
4351.5,0.130816410374463,0.00259267243707792
4351.75,0.380114306569343,0.0488583649635036
4352,0.337166490476191,0.0456276766666666
4352.25,0.354072964669739,0.0474129493087557
4352.5,0.352104172479391,0.0646315206087508
4352.75,0.338400989363837,0.0482209544451133
4353,0.404215161567057,0.0476244123534457
4353.25,0.307676826759682,0.0609228387442984
4353.5,0.424531424025457,0.0620759282241669
4353.75,0.323456370953631,0.0400176622922135
4354,0.265781567496723,0.0325320449104412
4354.25,0.501088812537673,0.0643782977697407
4354.5,0.502161104516129,0.0665765381505376
4354.75,0.328714198004605,0.0531145387567153
4355,0.279590223123732,0.0303840395537525
4355.25,0.270136900555275,0.0312242301867743
4355.5,0.325624346527259,0.0307219492158326
4355.75,0.312552355304779,0.0273778840728391
4356,0.288033321100917,0.041336801747488
4356.25,0.302523803155924,0.0424940411874833
4356.5,0.277426699346405,0.0378694509803921
4356.75,0.176270360849281,0.0175787428353803
4357,0.296613082114736,0.0612621916010498
4357.25,0.356338573426573,0.0530265734265733
4357.5,0.0963303432794963,0.00433298766310787
4357.75,0.110855964167338,0.00671458187763138
4358,0.472357667012807,0.0254886067843544
4358.25,0.485165333333333,0.0563054545454545
4358.5,0.548536404904774,0.0358603902948082
4358.75,0.057937605152471,0.00205737618296527
4359,0.232529050377392,0.00467426013691406
4359.25,0.0399266002132195,0.00522443811300634
4359.5,0.433334424898511,0.024579296887686
4359.75,0.512308610052622,0.0427317319905643
4360,0.50740475327291,0.0409442823400165
4360.25,0.506283751412429,0.0345754757062147
4360.5,0.50330002526725,0.0419969070942662
4360.75,0.286263786910198,0.0519707896499239
4361,0.255127898503578,0.0513080091086531
4361.25,0.214874440127164,0.00817281810903088
4361.5,0.24708,0.0520666666666666
4361.75,0.23146,0.044872
4362,0.30246,0.0518299999999999
4362.25,0.325928675944334,0.0856699456593771
4362.5,0.296306666666667,0.0543859999999999
4362.75,0.275020724165988,0.00193498397070779
4363,0.274689298317604,0.0102392643687593
4363.25,0.282879850062474,0.0211008096626406
4363.5,0.299146666666667,0.064326
4363.75,0.250464702484113,0.00128915655690342
4364,0.223564791666667,0.000511270833333286
4364.25,0.239602452629983,-0.00176248324996202
4364.5,0.20920011572327,1.44143396226414e-05
4364.75,0.206774435721295,0.00295392051030412
4365,0.117439259259259,0.0116808387205387
4365.25,0.0745973333333333,0.00487533333333325
4365.5,0.155780604651163,0.000848262367864663
4365.75,0.0780813846153845,0.0101834615384614
4366,0.0748284631846209,0.0153848862169023
4366.25,0.0756175470852017,0.0204003827727952
4366.5,0.06468816367713,0.0112068777279521
4366.75,0.0475165836680054,0.0134896388219545
4367,0.0378502028985506,0.0103470144927536
4367.25,0.036263965282083,0.0117711661500309
4367.5,0.0332369588105283,0.0114518962829012
4367.75,0.0321941524736414,0.0098853881589618
4368,0.029732695018226,0.00857161691373024
4368.25,0.0300606950354609,0.00924156971214016
4368.5,0.0391625940895263,0.0184711390699695
4368.75,0.0392762031829081,0.0181382943100065
4369,0.0401290183101698,0.0185448303551731
4369.25,0.0403978923313557,0.0200302310700944
4369.5,0.041901335173683,0.0178945610305958
4369.75,0.0409703574408901,0.0171560390820583
4370,0.0379830167597765,0.0131703016759776
4370.25,0.0400610627950897,0.0159339185552408
4370.5,0.0401768028469751,0.0159517140213523
4370.75,0.0375147008547008,0.0126564748338081
4371,0.0384290365622032,0.0140035599240265
4371.25,0.0388965047619047,0.0148945152380952
4371.5,0.038056,0.0140296
4371.75,0.038407114934289,0.0140668423416965
4372,0.0380320729023384,0.0164899209078404
4372.25,0.0381274428274428,0.0165689628089627
4372.5,0.0317610284920083,0.0110948675469075
4372.75,0.0388301076023391,0.0168807773099415
4373,0.0315074116819141,0.0110653275158338
4373.25,0.0402060968342644,0.017219106424581
4373.5,0.0379713696275071,0.0139197025787965
4373.75,0.0331079566473988,0.0103992940751445
4374,0.0634266666666666,0.0171346666666666
4374.25,0.0458029430336307,0.0105191105010295
4374.5,0.0484860739713361,0.0110070055940822
4374.75,0.0465286666666666,0.00576519999999996
4375,0.0636633333333333,0.00465759999999996
4375.25,0.0642313333333333,-0.00444270666666661
4375.5,0.105032666666667,-0.00606339999999996
4375.75,0.246133333333333,0.0284473333333333
4376,0.28826,0.0363993333333332
4376.25,0.32092,0.0293466666666666
4376.5,0.309086666666667,0.023856
4376.75,0.3124,0.0240926666666666
4377,0.327546666666667,0.0287786666666666
4377.25,0.34364,0.028684
4377.5,0.359733333333333,0.0335119999999999
4377.75,0.361626666666667,0.0323286666666666
4378,0.370146666666667,0.0315713333333333
4378.25,0.376773333333333,0.0307193333333333
4378.5,0.370146666666667,0.039618
4378.75,0.35784,0.03834
4379,0.32518,0.0236193333333332
4379.25,0.358786666666667,0.037488
4379.5,0.3266,0.030814
4379.75,0.312873333333333,0.027406
4380,0.311926666666667,0.0422686666666666
4380.25,0.3053,0.0428839999999999
4380.5,0.293466666666667,0.039618
4380.75,0.282106666666667,0.0360679999999999
4381,0.28826,0.0415113333333332
4381.25,0.315713333333333,0.0371093333333333
4381.5,0.32944,0.0253233333333332
4381.75,0.371566666666667,0.0360206666666666
4382,0.372513333333333,0.0288733333333333
4382.25,0.385766666666667,0.0362573333333333
4382.5,0.3763,0.0323286666666666
4382.75,0.3834,0.0399019999999999
4383,0.363993333333333,0.038766
4383.25,0.330386666666667,0.02698
4383.5,0.358786666666667,0.0412273333333333
4383.75,0.345533333333333,0.0408013333333333
4384,0.3479,0.040044
4384.25,0.333226666666667,0.0393813333333332
4384.5,0.332753333333333,0.0399019999999999
4384.75,0.324233333333333,0.041322
4385,0.29678,0.0413693333333333
4385.25,0.260333333333333,0.0270273333333333
4385.5,0.280686666666667,0.0454399999999999
4385.75,0.262226666666667,0.0490373333333333
4386,0.25986,0.0521613333333332
4386.25,0.25702,0.0556166666666666
4386.5,0.25134,0.0541966666666666
4386.75,0.23288,0.0471913333333333
4387,0.244713333333333,0.0468126666666666
4387.25,0.240926666666667,0.0514039999999999
4387.5,0.240453333333333,0.0531553333333333
4387.75,0.201166666666667,0.033796
4388,0.0893179999999999,0.0063048
4388.25,0.069012,0.006177
4388.5,0.0675446666666666,0.00568473333333325
4388.75,0.0635213333333333,0.00627166666666657
4389,0.064468,0.00727986666666661
4389.25,0.0708106666666666,0.0082644
4389.5,0.0692959999999999,0.00668346666666661
4389.75,0.0648466666666666,0.00622906666666657
4390,0.054102,0.00706686666666661
4390.25,0.0473333333333333,0.00760173333333325
4390.5,0.034506,0.00968439999999996
4390.75,0.0342693333333332,0.00995959599999996
4391,0.0321393333333332,0.00939318639999996
4391.25,0.0327546666666666,0.00969859999999993
4391.5,0.0338906666666666,0.0116771333333333
4391.75,0.0324706666666666,0.00997029333333325
4392,0.0304353333333332,0.00877417999999993
4392.25,0.0305773333333333,0.00940039999999993
4392.5,0.0301039999999999,0.00915331999999993
4392.75,0.0307193333333333,0.0102121666666666
4393,0.0305299999999999,0.00978948
4393.25,0.0303406666666666,0.00916846666666657
4393.5,0.0309559999999999,0.0100346666666666
4393.75,0.0305299999999999,0.00964179999999996
4394,0.0310979999999999,0.0102045933333332
4394.25,0.0305773333333333,0.00910362
4394.5,0.0313346666666666,0.0107020666666666
4394.75,0.0310506666666666,0.0103447
4395,0.0307666666666666,0.00989929333333332
4395.25,0.031524,0.0110002666666666
4395.5,0.0313819999999999,0.0105648
4395.75,0.0310033333333333,0.0100938333333332
4396,0.0307666666666666,0.00981693333333325
4396.25,0.0310033333333333,0.0100346666666666
4396.5,0.0314766666666666,0.0109955333333333
4396.75,0.0313819999999999,0.0104843333333333
4397,0.0316186666666666,0.0111043999999999
4397.25,0.031098,0.0100772666666666
4397.5,0.0316186666666666,0.0107778
4397.75,0.0311926666666666,0.0106736666666666
4398,0.0392161333333333,0.0111377799999999
4398.25,0.0472540004575612,0.0108523605582246
4398.5,0.0463393333333333,0.00780999999999996
4398.75,0.0539599999999999,0.00678286666666657
4399,0.0701006666666666,0.00714259999999993
4399.25,0.0748339999999999,0.00179393333333329
4399.5,0.149478666666667,0.0134758
4399.75,0.24992,0.0493213333333333
4400,0.277846666666667,0.04402
4400.25,0.32092,0.051546
4400.5,0.348846666666667,0.0442093333333333
4400.75,0.37204,0.045724
4401,0.403753333333333,0.0475699999999999
4401.25,0.415113333333333,0.05112
4401.5,0.410853333333333,0.05112
4401.75,0.409433333333333,0.0437833333333333
4402,0.436413333333333,0.0509306666666666
4402.25,0.4402,0.0507413333333333
4402.5,0.411326666666667,0.044872
4402.75,0.432153333333333,0.0518299999999999
4403,0.424106666666667,0.0479959999999999
4403.25,0.42458,0.0514039999999999
4403.5,0.406593333333333,0.0504573333333332
4403.75,0.40612,0.0530606666666666
4404,0.412273333333333,0.0531079999999999
4404.25,0.400913333333333,0.0535339999999999
4404.5,0.33796,0.0496053333333332
4404.75,0.366833333333333,0.0535339999999999
4405,0.348846666666667,0.0548593333333333
4405.25,0.369673333333333,0.062338
4405.5,0.355946666666667,0.043026
4405.75,0.354155690469307,0.0740980822973884
4406,0.36068,0.0348846666666666
4406.25,0.552443041643735,0.0306650706292423
4406.5,0.378193333333333,0.0471439999999999
4406.75,0.395706666666667,0.042742
4407,0.3763,0.0420319999999999
4407.25,0.344113333333333,0.0329913333333332
4407.5,0.36494,0.035926
4407.75,0.35358,0.0462446666666666
4408,0.349793333333333,0.0301039999999999
4408.25,0.343166666666667,0.0441146666666666
4408.5,0.32092,0.03834
4408.75,0.29394,0.0461973333333333
4409,0.2698,0.0445406666666666
4409.25,0.257966666666667,0.0428839999999999
4409.5,0.25276,0.0411799999999999
4409.75,0.23714,0.043878
4410,0.24992,0.0578886666666666
4410.25,0.264593333333333,0.056658
4410.5,0.280686666666667,0.0543386666666666
4410.75,0.292046666666667,0.0494633333333333
4411,0.300566666666667,0.0479959999999999
4411.25,0.314766666666667,0.05538
4411.5,0.268853333333333,0.0395706666666666
4411.75,0.15336,0.0138733999999999
4412,0.105648,0.00409575333333325
4412.25,0.100678,0.00412841333333329
4412.5,0.102760666666667,0.00376205333333329
4412.75,0.0983113333333333,0.00438306666666661
4413,0.0925366666666666,0.00496621333333332
4413.25,0.0835906666666666,0.00515601999999996
4413.5,0.074124,0.00695799999999996
4413.75,0.0611546666666666,0.00605866666666657
4414,0.0610126666666666,0.00582199999999993
4414.25,0.063616,0.00692013333333325
4414.5,0.0543386666666666,0.00790939999999993
4414.75,0.0395233333333333,0.0094998
4415,0.0369673333333333,0.0101056666666666
4415.25,0.0375353333333333,0.00950406
4415.5,0.0373459999999999,0.0088608
4415.75,0.0373933333333333,0.00994946666666664
4416,0.0359733333333332,0.009159
4416.25,0.0333226666666666,0.00859099999999993
4416.5,0.0351686666666666,0.00913533333333325
4416.75,0.0371093333333333,0.0107541333333333
4417,0.037914,0.0123682
4417.25,0.0364466666666666,0.0107778
4417.5,0.0335119999999999,0.00911166666666661
4417.75,0.0373459999999999,0.0113221333333333
4418,0.031098,0.00804666666666661
4418.25,0.0319973333333333,0.00941933333333328
4418.5,0.0545600996168582,0.0169438371647509
4418.75,0.0413598321167883,0.0126060240875912
4419,0.038973924834193,0.015490243183493
4419.25,0.0357789100219458,0.0151906759326992
4419.5,0.0386630323383083,0.00877152721393032
4419.75,0.0376773333333333,0.0120526286666666
4420,0.0384634782608696,0.0141964340329835
4420.25,0.030814,0.00785733333333325
4420.5,0.039334,0.0154969333333333
4420.75,0.0329602487562189,0.0100434586567163
4421,0.038510568671121,0.0144994896312794
4421.25,0.0394710465116278,0.0158870962209301
4421.5,0.0383100997798973,0.0146641757397896
4421.75,0.0489656571428571,0.0124752658646616
4422,0.0277234931773879,0.00365057641325527
4422.25,0.0454998566569485,0.0145694828960155
4422.5,0.0556345398420674,0.0118753760708302
4422.75,0.0708117562626946,0.0167218123222748
4423,0.060926647164179,0.0124733986865671
4423.25,0.087483888372093,-0.000863514108527085
4423.5,0.1491596,0.00997724666666659
4423.75,0.235246666666667,0.0438306666666666
4424,0.253431793320731,0.0582607299306867
4424.25,0.30253997926745,0.0505980248790601
4424.5,0.387062766933333,0.0544159146666666
4424.75,0.487979981911366,0.024092538237363
4425,0.404907903917644,0.0477060308836144
4425.25,0.0312102521319985,0.00490787170930663
4425.5,0.34648,0.0592613333333333
4425.75,0.323286666666667,0.0399966666666666
4426,0.26432769593709,0.0323540889471384
4426.25,0.274418435783416,0.0331766675385822
4426.5,0.407022533022533,0.0624132478632479
4426.75,0.333226666666667,0.0474753333333333
4427,0.32234,0.0429313333333333
4427.25,0.338906666666667,0.0505046666666666
4427.5,0.338906666666667,0.0503626666666666
4427.75,0.338906666666667,0.0587406666666666
4428,0.253380263030655,0.0959529743738516
4428.25,0.255126666666667,0.034932
4428.5,0.268853333333333,0.0484693333333333
4428.75,0.272166666666667,0.05112
4429,0.26128,0.0460553333333333
4429.25,0.253706666666667,0.0456766666666666
4429.5,0.25276,0.0404226666666666
4429.75,0.25986,0.0444933333333332
4430,0.287313333333333,0.0407066666666666
4430.25,0.297253333333333,0.0402806666666666
4430.5,0.2769,0.0377719999999999
4430.75,0.26412,0.0355946666666666
4431,0.269326666666667,0.0406593333333332
4431.25,0.263646666666667,0.0406593333333332
4431.5,0.267433333333333,0.0385766666666666
4431.75,0.27264,0.0381033333333332
4432,0.276426666666667,0.0420319999999999
4432.25,0.259386666666667,0.0381033333333332
4432.5,0.255126666666667,0.0436886666666666
4432.75,0.23004,0.0356893333333333
4433,0.238086666666667,0.0456766666666666
4433.25,0.22578,0.0424106666666666
4433.5,0.22152,0.03976
4433.75,0.22294,0.0477593333333333
4434,0.20732,0.0480906666666666
4434.25,0.23146,0.0595926666666666
4434.5,0.230513333333333,0.0510726666666666
4434.75,0.253706666666667,0.046576
4435,0.23572,0.0500786666666666
4435.25,0.2343,0.0544806666666666
4435.5,0.20306,0.0369673333333333
4435.75,0.137408666666667,0.0117576
4436,0.0884659999999999,0.00674973333333325
4436.25,0.0850579999999999,0.00694034466666661
4436.5,0.07668,0.00570177333333325
4436.75,0.0649413333333333,0.00656986666666657
4437,0.0663139999999999,0.00668346666666661
4437.25,0.0639473333333333,0.00599713333333332
4437.5,0.0675919999999999,0.00773899999999993
4437.75,0.0620539999999999,0.00759226666666657
4438,0.0552379999999999,0.008307
4438.25,0.0381033333333332,0.0093294
4438.5,0.0364466666666666,0.00989739999999996
4438.75,0.036352,0.0113032
4439,0.0344586666666666,0.0101056666666666
4439.25,0.0362573333333333,0.009372
4439.5,0.042132258790436,0.0107125518987341
4439.75,0.0380068229461756,0.0124390290368271
4440,0.0376789412597311,0.0132766717150271
4440.25,0.0424000192261475,0.0100092629656332
4440.5,0.0354526666666666,0.0126332666666666
4440.75,0.0351539559270516,0.0124153714792299
4441,0.0443241825578438,0.0113773302822273
4441.25,0.0456993169734151,0.010097463190184
4441.5,0.040044,0.0162921333333333
4441.75,0.0522333558523173,0.0103806127258444
4442,0.036295111111111,0.0124575407407407
4442.25,0.039198,0.0149742
4442.5,0.0484785246331236,0.0119470003144654
4442.75,0.0388746014206787,0.0145684939226518
4443,0.0500786666666666,0.013561
4443.25,0.0367066946236559,0.0119759746236558
4443.5,0.037993867755102,0.0152637055782313
4443.75,0.0381815079493398,0.0131882528698463
4444,0.0524143486842104,0.011648157236842
4444.25,0.0361388640962537,0.0118911584358763
4444.5,0.039644986949429,0.0154525882544861
4444.75,0.0480680940794809,0.0121728434712084
4445,0.037187476506357,0.013937013488115
4445.25,0.0346764934210526,0.0121178237938596
4445.5,0.0371650016155089,0.013047788906839
4445.75,0.0390196160616061,0.0149440862486248
4446,0.0350436541598695,0.0117141892332789
4446.25,0.0359813674939952,0.0116821395249532
4446.5,0.0400793000804505,0.0117425317779565
4446.75,0.0334159434475258,0.00919924646003261
4447,0.0454077802488747,0.00968261043155938
4447.25,0.0413857264690587,0.00381553926157036
4447.5,0.0476549964157706,0.00825512125723737
4447.75,0.0532545574324323,0.00845362939189181
4448,0.048739899833055,0.0102932220367278
4448.25,0.0492976476877839,0.0088821170809943
4448.5,0.0205142427810485,-0.00265055520044846
4448.75,0.0459442962962962,0.011970937037037
4449,0.329049443561208,0.00890423529411755
4449.25,0.0486585117294053,0.00211889177304963
4449.5,0.336649973835688,0.00219148874934582
4449.75,0.345478862433862,0.0070378843915343
4450,0.34672027265437,0.0123611246725474
4450.25,0.0284095262054507,-0.000841937945492601
4450.5,0.356791659962456,0.0105336239742558
4450.75,0.348385250458956,0.01022455116706
4451,0.0629923137254901,0.00497751764705874
4451.25,0.0585053223774308,0.00387965196932339
4451.5,0.101429012067578,0.00894145325824618
4451.75,0.0190881200631911,-0.000916419694576
4452,0.0255321271294177,-0.000322112178998145
4452.25,0.0382145992853496,0.00107182397345574
4452.5,0.0246765045731706,0.00112452310975606
4452.75,0.0175133333333333,-0.000993999999999965
4453,0.0201166666666666,0.000135704666666643
4453.25,0.01846,0.00163299999999996
4453.5,0.0177026666666666,9.46666666666667e-05
4453.75,0.02059,-0.000757333333333321
4454,0.0196906666666666,-0.00189333333333325
4454.25,0.0226362739432851,-0.000727763295880107
4454.5,0.0209213333333333,0.000165666666666607
4454.75,0.0206846666666666,-0.000662666666666643
4455,0.0214893333333332,-0.000747866666666643
4455.25,0.020022,-0.00167086666666657
4455.5,0.0209213333333333,-0.00018933333333325
4455.75,0.0336264072840328,0.00532141452365084
4456,0.033530680044593,0.00616441471571896
4456.25,0.0351921280853902,0.00647004669779846
4456.5,0.0199746666666666,-0.00146733333333325
4456.75,0.0205426666666666,-0.000473333333333286
4457,0.020448,-0.00061533333333325
4457.25,0.019596,-0.00137266666666657
4457.5,0.0223413333333332,-0.00181286666666664
4457.75,0.0235246666666666,-0.00198799999999993
4458,0.0284473333333333,0.0102476666666666
4458.25,0.034506,0.01278
4458.5,0.0311453333333333,0.00998733333333325
4458.75,0.0330386666666666,0.00977433333333325
4459,0.0313346666666666,0.010579
4459.25,0.0301513333333333,0.00899333333333329
4459.5,0.0309086666666666,0.00975066666666661
4459.75,0.0307193333333333,0.009372
4460,0.0397181178259216,0.0137629006841505
4460.25,0.0400298568975386,0.0144809763022323
4460.5,0.0404199838056679,0.014009363562753
4460.75,0.0405533333333333,0.0142322888888889
4461,0.0421533827781269,0.0160949279698302
4461.25,0.0415350761966086,0.0154923188667095
4461.5,0.0326126666666666,0.011502
4461.75,0.0321866666666666,0.0115493333333333
4462,0.041477532928748,0.0134996581703753
4462.25,0.0419381361374943,0.0140556975576661
4462.5,0.0366157931823381,0.0110207366277739
4462.75,0.0344075558639833,0.0115255911172796
4463,0.0351073824561402,0.0114063169122806
4463.25,0.0413272818311873,0.0160083838817358
4463.5,0.0317606666666666,0.0105079999999999
4463.75,0.0425838700396825,0.00853095287698403
4464,0.0519671570823998,0.0138690024894199
4464.25,0.0435203308270677,0.00880383984962404
4464.5,0.0436322571937865,0.00991340076394193
4464.75,0.0351806079027355,0.0124247841945288
4465,0.0549382949308756,0.012325534562212
4465.25,0.0389115170278637,0.0151032606811145
4465.5,0.043994344069128,0.00888894344069127
4465.75,0.0337766465927099,0.0109149916534601
4466,0.0350357061509535,0.0115679462798817
4466.25,0.0350621570225482,0.0119399587068731
4466.5,0.0426099815899581,0.0170822078661087
4466.75,0.0416678852687273,0.016351345474798
4467,0.042981507466892,0.014361997633136
4467.25,0.0410467493755204,0.017335551540383
4467.5,0.0436413333333333,0.0183416666666666
4467.75,0.0393693725490196,0.00743696470588233
4468,0.0340326666666666,0.0107825333333333
4468.25,0.0406787470881863,0.0082394495840266
4468.5,0.0422432040472175,0.00888661382799325
4468.75,0.040152087763713,0.00678187206751049
4469,0.0380846386554621,0.00536390084033607
4469.25,0.0415136742106733,0.0176385940765576
4469.5,0.0404834842662211,0.0165859321637426
4469.75,0.0345838405315614,0.0112420912513843
4470,0.0403188029034059,0.0153859180346175
4470.25,0.0377240705289672,0.0130971929471033
4470.5,0.0341569764309764,0.0116171777777777
4470.75,0.0376938337574215,0.0051633440203562
4471,0.0367414169491525,0.0048845593220339
4471.25,0.0400341258278145,0.0139620794701986
4471.5,0.234747081911263,0.0281886962457338
4471.75,0.032743425,-0.000141746428571388
4472,0.0254166696887277,0.00427246630401932
4472.25,0.0326844021937842,0.00376250676416809
4472.5,0.0285909151670951,0.0036319471008283
4472.75,0.0357065345699831,0.0120598229342327
4473,0.0353311791003073,0.00984874545962552
4473.25,0.0994154435028248,0.0122145752542373
4473.5,0.0201506188466947,-0.00273100151898725
4473.75,0.0191233784461152,-0.00265491480367577
4474,0.0294622214820982,0.00155762610047173
4474.25,0.0288020581395349,0.00391594485049825
4474.5,0.0347197389592123,0.00253322008438815
4474.75,0.0276254117647058,0.00403014470588226
4475,0.0634081045751633,0.00501037254901951
4475.25,0.0304196698872786,0.00013892447665051
4475.5,0.0199273333333333,0.000425999999999893
4475.75,0.0190279999999999,-0.00091353333333325
4476,0.0160459999999999,-0.001278
4476.25,0.0196433333333333,0.000780999999999964
4476.5,0.0177026666666666,0.000567999999999964
4476.75,0.0210633333333332,-0.000899333333333286
4477,0.0186019999999999,0.000127799999999893
4477.25,0.0172766666666666,9.46666666666667e-05
4477.5,0.023387205479452,-0.000108667823439855
4477.75,0.017892,-0.000648466666666572
4478,0.0189806666666666,-0.000544333333333321
4478.25,0.018744,0.000411799999999929
4478.5,0.0194539999999999,0.000993999999999965
4478.75,0.0200693333333333,0.00183179999999989
4479,0.017466,-0.000279266666666643
4479.25,0.0194066666666666,0.000795199999999929
4479.5,0.017182,-0.00035973333333325
4479.75,0.018318,0.000421266666666607
4480,0.018744,0.000804666666666607
4480.25,0.0179393333333333,-0.000411799999999929
4480.5,0.0172293333333332,-0.00116439999999996
4480.75,0.01704,-0.00171346666666657
4481,0.0185073333333333,-0.000364466666666643
4481.25,0.0181759999999999,-0.000728933333333286
4481.5,0.0188386666666666,-0.00137266666666657
4481.75,0.0220573333333333,0.00424106666666664
4482,0.0287786666666666,0.00850579999999993
4482.25,0.0346953333333332,0.0121267999999999
4482.5,0.0314766666666666,0.00902646666666661
4482.75,0.0305299999999999,0.00901699999999993
4483,0.0355946666666666,0.00995562
4483.25,0.032092,0.0100252
4483.5,0.0322813333333333,0.010208238
4483.75,0.031524,0.009798
4484,0.0355946666666666,0.00946666666666657
4484.25,0.033796,0.01029358
4484.5,0.0330859999999999,0.00991396666666657
4484.75,0.0337013333333333,0.0108038333333333
4485,0.034932,0.009372
4485.25,0.0313819999999999,0.0102263666666666
4485.5,0.0328019999999999,0.00943305999999996
4485.75,0.0355,0.0118238666666666
4486,0.03408,0.0109198
4486.25,0.0319026666666666,0.011076
4486.5,0.0342693333333332,0.011005
4486.75,0.0343639999999999,0.0103991333333333
4487,0.0352159999999999,0.0107825333333333
4487.25,0.0327546666666666,0.0111328
4487.5,0.0317606666666666,0.0105079999999999
4487.75,0.0397715246376811,0.0143759976811593
4488,0.03124,0.00989266666666657
4488.25,0.0416928007774538,0.0162724272108843
4488.5,0.0323016743494424,0.00986472416356868
4488.75,0.0411799999999999,0.01917
4489,0.0400102274264897,0.0175674359614884
4489.25,0.0397582263856362,0.0164014544886807
4489.5,0.0377898100442363,0.0095585990111891
4489.75,0.0398863224781572,0.017195647339158
4490,0.0337823461538461,0.0102960240384615
4490.25,0.0397752749003984,0.016243555378486
4490.5,0.0370446138079827,0.00901008381877017
4490.75,0.0420660340080971,0.0177643724696356
4491,0.0394631756978653,0.0174758708264914
4491.25,0.038908,0.0165382666666666
4491.5,0.0388606666666666,0.00580779999999996
4491.75,0.035074,0.00739819999999993
4492,0.0380242337228714,0.0135544096828047
4492.25,0.0442667697478991,0.0184539461064425
4492.5,0.0392866666666666,0.0151513999999999
4492.75,0.0367616630098452,0.017310195443038
4493,0.0454675103050288,0.0185331071723
4493.25,0.0375660245298445,0.0157038299264104
4493.5,0.0406043028778988,0.0136525997205922
4493.75,0.03452449081803,0.00842775926544234
4494,0.0436886666666666,0.0168459333333333
4494.25,0.0437882091917591,0.0141359762282091
4494.5,0.0460120700636942,0.0115576242038216
4494.75,0.0334394108303249,0.00643330812033691
4495,0.0416488594833018,0.00773545671077498
4495.25,0.0556026651349798,0.00142570936243535
4495.5,0.13678929238244,0.0124675285441609
4495.75,0.18822756302521,0.0182713826330532
4496,0.241522282653482,0.0247690828182941
4496.25,0.25223895379916,0.0352289041618938
4496.5,0.304353333333333,0.0434046666666666
4496.75,0.3124,0.0426
4497,0.30104,0.0388133333333333
4497.25,0.28968,0.0292993333333333
4497.5,0.19530814993468,0.0129703436438549
4497.75,0.334173333333333,0.0461973333333333
4498,0.248649672276351,0.0321390398582816
4498.25,0.303494968956151,0.0240523313930927
4498.5,0.33938,0.0407066666666666
4498.75,0.3195,0.0322813333333333
4499,0.319973333333333,0.0382926666666666
4499.25,0.307193333333333,0.02911
4499.5,0.304353333333333,0.03408
4499.75,0.278793333333333,0.0356893333333333
4500,0.24992,0.0319973333333333
4500.25,0.26696,0.0376773333333333
4500.5,0.267433333333333,0.0326126666666666
4500.75,0.256546666666667,0.032376
4501,0.278793333333333,0.0397126666666666
4501.25,0.275953333333333,0.0319026666666666
4501.5,0.285893333333333,0.0333226666666666
4501.75,0.28684,0.0315239999999999
4502,0.280213333333333,0.0309559999999999
4502.25,0.28542,0.0318079999999999
4502.5,0.266486666666667,0.025134
4502.75,0.272166666666667,0.0307193333333333
4503,0.256073333333333,0.0279266666666666
4503.25,0.25134,0.0271693333333333
4503.5,0.254653333333333,0.0294886666666666
4503.75,0.240453333333333,0.0267433333333333
4504,0.240453333333333,0.0283053333333332
4504.25,0.235246666666667,0.028258
4504.5,0.24708,0.0280686666666666
4504.75,0.250393333333333,0.0308613333333332
4505,0.223413333333333,0.0307666666666666
4505.25,0.222466666666667,0.029962
4505.5,0.21016,0.0270273333333333
4505.75,0.21158,0.0280686666666666
4506,0.221993333333333,0.0419846666666666
4506.25,0.20874,0.0319973333333333
4506.5,0.213946666666667,0.0357366666666666
4506.75,0.246606666666667,0.0445879999999999
4507,0.277373333333333,0.0435466666666666
4507.25,0.21868,0.0182200199999999
4507.5,0.189806666666667,0.0146875333333333
4507.75,0.143562,0.00546226666666657
4508,0.0947613333333332,0.00640419999999996
4508.25,0.0955186666666666,0.0058362
4508.5,0.0962286666666666,0.00565159999999993
4508.75,0.098832,0.00557586666666661
4509,0.0918266666666666,0.00688226666666664
4509.25,0.0894599999999999,0.00724673333333329
4509.5,0.0901699999999999,0.00693243999999996
4509.75,0.0807033333333332,0.00687753333333325
4510,0.0701479999999999,0.00836853333333325
4510.25,0.068302,0.00990686666666664
4510.5,0.0454873333333333,0.0101387999999999
4510.75,0.0367306666666666,0.0115303999999999
4511,0.0348373333333333,0.00967966666666657
4511.25,0.0419946298819254,0.0134734752497729
4511.5,0.040081677463818,0.0148602461750516
4511.75,0.033228,0.00932466666666661
4512,0.032944,0.00963848666666664
4512.25,0.0328019999999999,0.00980746666666657
4512.5,0.0324706666666666,0.00991633333333332
4512.75,0.0325653333333333,0.0100427133333332
4513,0.0324706666666666,0.00951399999999996
4513.25,0.0326126666666666,0.00968439999999996
4513.5,0.0326126666666666,0.00970333333333332
4513.75,0.0396653333333333,0.0160412666666666
4514,0.0395339470233411,0.0156802112772095
4514.25,0.032376,0.00918266666666664
4514.5,0.0385450723450722,0.0141316167076166
4514.75,0.0393186590662323,0.0171817802931596
4515,0.0455346666666666,0.0165145999999999
4515.25,0.035899618739903,0.00903188820678512
4515.5,0.0394272474338195,0.0144723968125337
4515.75,0.0364356480874317,0.00591722535519116
4516,0.0405789821138211,0.00948261761517613
4516.25,0.0402631639871382,0.0168472041800643
4516.5,0.0355310407830342,0.007924325829255
4516.75,0.0393186070460704,0.0155758530081301
4517,0.0457516694033935,0.0162619923371647
4517.25,0.0376274069228672,0.0157294897792313
4517.5,0.0450765200868621,0.0166498430510315
4517.75,0.0350266666666666,0.0114073333333333
4518,0.0411085606672047,0.0128078116760828
4518.25,0.0512978138325532,0.0105707443577742
4518.5,0.0405505597579425,0.0120375612708017
4518.75,0.0336329819494584,0.00647054868832725
4519,0.0421266666666666,0.00782419999999993
4519.25,0.0758091302724897,0.0032738977230309
4519.5,0.066598,-0.00288733333333332
4519.75,0.212053333333333,0.0173239999999999
4520,0.220770160939539,0.0296259312744672
4520.25,0.295118678206137,0.0505917734067662
4520.5,0.224827007763777,0.0335101565483009
4520.75,0.217816556776557,0.000812035409035343
4521,0.205526428987533,0.0304255060002329
4521.25,0.243207806896552,0.0166913851034483
4521.5,0.28258,0.023146
4521.75,0.27264,0.0274533333333332
4522,0.266013333333333,0.0232406666666666
4522.25,0.271693333333333,0.0237139999999999
4522.5,0.257493333333333,0.0225306666666666
4522.75,0.255126666666667,0.0234773333333333
4523,0.256073333333333,0.02343
4523.25,0.236666666666667,0.0207319999999999
4523.5,0.23004,0.023998
4523.75,0.213946666666667,0.0186777333333333
4524,0.212526666666667,0.0196433333333333
4524.25,0.218206666666667,0.0216313333333333
4524.5,0.213473333333333,0.0249919999999999
4524.75,0.206846666666667,0.0205426666666666
4525,0.202586666666667,0.015975
4525.25,0.19454,0.0142
4525.5,0.0552448370370369,0.0064649219047619
4525.75,0.2272,0.0143893333333333
4526,0.204006666666667,0.0182706666666666
4526.25,0.206373333333333,0.0124060666666666
4526.5,0.21726,0.0185546666666666
4526.75,0.200136955620075,0.00364315498410061
4527,0.196906666666667,0.0103801999999999
4527.25,0.186493333333333,0.0108629999999999
4527.5,0.193593333333333,0.0142615333333333
4527.75,0.199746666666667,0.0135846666666666
4528,0.19596,0.0156105333333332
4528.25,0.191226666666667,0.0110570666666666
4528.5,0.195013333333333,0.010792
4528.75,0.212053333333333,0.0190753333333333
4529,0.177973333333333,0.0152744666666666
4529.25,0.194066666666667,0.0212526666666666
4529.5,0.186493333333333,0.0179866666666666
4529.75,0.191226666666667,0.0213946666666666
4530,0.188386666666667,0.0280213333333333
4530.25,0.19738,0.0308613333333332
4530.5,0.186493333333333,0.02698
4530.75,0.191226666666667,0.0321866666666666
4531,0.200693333333333,0.0309086666666666
4531.25,0.212053333333333,0.0346006666666666
4531.5,0.35239322135125,0.0266906995147443
4531.75,0.143088666666667,0.004686
4532,0.083212,0.00612966666666661
4532.25,0.0834486666666666,0.00570366666666661
4532.5,0.0821706666666666,0.00591666666666661
4532.75,0.0812239999999999,0.00572212666666657
4533,0.0803246666666666,0.00625273333333332
4533.25,0.0730826666666666,0.00667683999999996
4533.5,0.0693906666666666,0.00590246666666664
4533.75,0.0612019999999999,0.00647046666666661
4534,0.0456293333333333,0.0112889999999999
4534.25,0.0430733333333333,0.00899333333333329
4534.5,0.0335119999999999,0.00977906666666664
4534.75,0.0534866666666666,0.0136036
4535,0.0378112257758825,0.00837452148779907
4535.25,0.0489624623878536,0.0129198636300897
4535.5,0.0375188308977035,0.0131671649269311
4535.75,0.0430271970134874,0.0169747251445086
4536,0.0311713909224011,0.00987094045876036
4536.25,0.0350266666666666,0.00802299999999996
4536.5,0.0386651908396946,0.00909575038167939
4536.75,0.0406275089078233,0.0174930580945004
4537,0.0432886756400105,0.0184307680126682
4537.25,0.0412273333333333,0.0191747333333333
4537.5,0.0411799999999999,0.0169926666666666
4537.75,0.0406593333333332,0.015052
4538,0.0466136828478964,0.0194271050161812
4538.25,0.0401534870550161,0.0151817071197411
4538.5,0.0343166666666666,0.0105695333333333
4538.75,0.0377719999999999,0.00789519999999996
4539,0.0394954696223316,0.0174901718664477
4539.25,0.0433099999999999,0.00825019999999993
4539.5,0.0392866666666666,0.0152460666666666
4539.75,0.0484621176470587,0.00838494117647052
4540,0.0407440715447154,0.00952119620596198
4540.25,0.0391911561318206,0.0153742655861696
4540.5,0.034392708437761,0.0106446853801169
4540.75,0.0398752463768116,0.0154187420836751
4541,0.036778,0.0174281333333333
4541.25,0.0344399141749723,0.0109857167774086
4541.5,0.036636,0.012922
4541.75,0.0345533333333333,0.0084348
4542,0.0393966108401083,0.0119466793495934
4542.25,0.0514986666666666,0.0106121333333333
4542.5,0.0481853333333333,0.0133006666666666
4542.75,0.0335361963898916,0.00645192840433203
4543,0.0326201935889377,0.00512664090509106
4543.25,0.063288914881297,0.00713542188766638
4543.5,0.120632822023496,0.00475834704541462
4543.75,0.187264985994398,0.0181779446000622
4544,0.219525576337538,0.0294589160504567
4544.25,0.224742857142857,0.0211967999999999
4544.5,0.195666424601704,0.00164623193775472
4544.75,0.398246047333098,0.0490883617096432
4545,0.20171866909895,0.0118397009618574
4545.25,0.232526904915218,0.000693335801674146
4545.5,0.254345726280437,0.00384365743073041
4545.75,0.235329043587331,0.0315044967074318
4546,0.19383,0.00466706666666664
4546.25,0.170668449240607,0.00803701838529167
4546.5,0.356371711975056,0.0533139643379129
4546.75,0.164340650706663,0.0096553692529564
4547,0.241932398860399,0.0325569185185184
4547.25,0.343004009163803,0.0506203703703703
4547.5,0.297721593279258,0.0889390179606025
4547.75,0.200289424115177,0.0306856718656268
4548,0.298673333333333,0.057226
4548.25,0.210214512271869,0.0291832787916928
4548.5,0.26696,0.0372513333333332
4548.75,0.252286666666667,0.0433573333333333
4549,0.278969673202614,0.0397377853679106
4549.25,0.304826666666667,0.0451559999999999
4549.5,0.267906666666667,0.0155726666666666
4549.75,0.324233333333333,0.0368253333333333
4550,0.338906666666667,0.0315713333333333
4550.25,0.3408,0.0451086666666666
4550.5,0.33086,0.0395706666666666
4550.75,0.30246,0.0270746666666666
4551,0.34932,0.0430733333333333
4551.25,0.306246666666667,0.0151939999999999
4551.5,0.07912970554177,0.00496093267162941
4551.75,0.0703821770268833,0.00278971078525126
4552,0.0715052760736196,0.00182526625766866
4552.25,0.348846666666667,0.0375826666666666
4552.5,0.140425650051564,0.00345641375042963
4552.75,0.313558207466861,0.0386136733552231
4553,0.172895538119524,0.0368875221655551
4553.25,0.321456655518395,0.0550458963210702
4553.5,0.42735032566218,0.0474047546678246
4553.75,0.0316943111309789,0.00120334155863504
4554,0.221280837536298,0.0418499153293596
4554.25,0.266486666666667,0.04615
4554.5,0.028156669238187,0.00502459080681449
4554.75,0.0275409104258443,0.00546581145374447
4555,0.275837502517623,0.03598706143001
4555.25,0.366265186714851,0.0194238699019101
4555.5,0.291422635327635,0.0116049499999999
4555.75,0.122448732600733,0.00408797714285705
4556,0.109387333333333,0.00615333333333325
4556.25,0.109624,0.00662666666666664
4556.5,0.112132666666667,0.005751
4556.75,0.0977433333333332,0.00789519999999996
4557,0.0940039999999999,0.00704319999999996
4557.25,0.0895125925925925,0.00725099361160096
4557.5,0.0951873333333332,0.00818866666666657
4557.75,0.100062666666667,0.0165903333333332
4558,0.069012,0.007668
4558.25,0.0600186666666666,0.0090312
4558.5,0.054954,0.0113173999999999
4558.75,0.0411799999999999,0.0110381333333333
4559,0.0434519999999999,0.0126238
4559.25,0.0417953333333333,0.0134095333333333
4559.5,0.0426,0.013987
4559.75,0.0422213333333333,0.0117339333333332
4560,0.043026,0.012993
4560.25,0.0421266666666666,0.0130687333333333
4560.5,0.042174,0.0133764
4560.75,0.042316,0.0127705333333333
4561,0.0408486666666666,0.0123729333333332
4561.25,0.0417006666666666,0.0127942
4561.5,0.0405646666666666,0.0119611333333333
4561.75,0.040612,0.0115398666666666
4562,0.0405173333333333,0.0117623333333333
4562.25,0.0418426666666666,0.0131917999999999
4562.5,0.040044,0.0118333333333333
4562.75,0.0415113333333332,0.0126522
4563,0.0412273333333333,0.0123634666666666
4563.25,0.0420319999999999,0.0125149333333333
4563.5,0.0403279999999999,0.0113789333333333
4563.75,0.0414166666666666,0.01207
4564,0.0421266666666666,0.0131539333333333
4564.25,0.0425053333333333,0.0132249333333332
4564.5,0.0412746666666666,0.0119327333333333
4564.75,0.0411799999999999,0.0130024666666666
4565,0.040896,0.0122877333333333
4565.25,0.0403753333333333,0.0117718
4565.5,0.0418426666666666,0.0124770666666666
4565.75,0.0409433333333333,0.0121978
4566,0.0415586666666666,0.0129598666666666
4566.25,0.05041,0.0112747999999999
4566.5,0.0551906666666666,0.00985006666666657
4566.75,0.0537233333333333,0.010563238
4567,0.0638053333333333,0.0092016
4567.25,0.0631426666666666,0.00711893333333329
4567.5,0.109434666666667,0.00307666666666657
4567.75,0.145408,0.00126521999999989
4568,0.173334666666667,-0.00175133333333329
4568.25,0.16472,0.002556
4568.5,0.196906666666667,0.00165666666666661
4568.75,0.206846666666667,0.00459133333333332
4569,0.229566666666667,0.00364466666666664
4569.25,0.233353333333333,0.000695799999999964
4569.5,0.253706666666667,0.003834
4569.75,0.243293333333333,0.0072846
4570,0.245186666666667,0.007029
4570.25,0.264593333333333,0.0125386
4570.5,0.24566,-0.00435466666666657
4570.75,0.243766666666667,0.00588353333333329
4571,0.250866666666667,0.0129504
4571.25,0.251890981601398,0.0336643774283071
4571.5,0.240713629396325,0.0398176497637795
4571.75,0.238869276850663,0.00946877813436024
4572,0.199273333333333,0.00179866666666657
4572.25,0.192788666666667,0.00269799999999996
4572.5,0.128204445128205,0.00248535439316229
4572.75,0.216254166666667,0.0510930173992674
4573,0.174849333333333,0.00189333333333325
4573.25,0.242555868312757,0.0300465488536154
4573.5,0.29866426039783,0.0316794039783001
4573.75,0.0741362550663871,0.00194767140461207
4574,0.0556696983160157,0.00328589322823354
4574.25,0.221046666666667,0.00283999999999993
4574.5,0.430063193888687,-0.00230510061840662
4574.75,0.21584,0.00724199999999989
4575,0.207793333333333,0.000686333333333286
4575.25,0.20732,0.00408959999999989
4575.5,0.202586666666667,0.00207793333333332
4575.75,0.19596,0.000369199999999929
4576,0.196906666666667,0.00242961999999996
4576.25,0.200693333333333,0.00137266666666657
4576.5,0.1917,0.00205426666666657
4576.75,0.208266666666667,0.0144556
4577,0.0378666666666666,0.00374406666666661
4577.25,0.20732,0.0289206666666666
4577.5,0.120307565820643,0.011269076751269
4577.75,0.193691157150076,0.0262359171298635
4578,0.1349,0.00727513333333332
4578.25,0.138118666666667,0.0100678
4578.5,0.152981333333333,0.0219247999999999
4578.75,0.175133333333333,0.0352159999999999
4579,0.203533333333333,0.0421266666666666
4579.25,0.275630947945205,0.00918769826484011
4579.5,0.125906666666667,0.00479013333333325
4579.75,0.0884659999999999,0.00549066666666661
4580,0.0831636771196283,0.0061261070460704
4580.25,0.0474475048847205,0.0151472493161391
4580.5,0.0793306666666666,0.00392866666666657
4580.75,0.0803719999999999,0.004686
4581,0.25543594351733,0.0301792836970474
4581.25,0.0732230303030303,0.0066896636363636
4581.5,0.0399754781849912,0.0131672783595113
4581.75,0.061440140077821,0.00649564357976649
4582,0.0727039999999999,0.0114404666666666
4582.25,0.0430442297297297,0.00898725675675672
4582.5,0.03989072858473,0.0150835335195531
4582.75,0.0392953661360347,0.0157895060781475
4583,0.0405471036002939,0.0158398965466568
4583.25,0.0368186407814407,0.00820975340659336
4583.5,0.0378509933774834,0.0088914569536423
4583.75,0.0420353510324483,0.00942511386430677
4584,0.0462835946827188,0.0128068542763982
4584.25,0.0398747280040221,0.0170680965811965
4584.5,0.0409743980778958,0.0175976750126454
4584.75,0.0370414521963824,0.00860682914728674
4585,0.0433916621799947,0.0184746159936658
4585.25,0.0405646666666666,0.0163773333333333
4585.5,0.0453959336543606,0.0175885500267523
4585.75,0.0463393333333333,0.0167749333333333
4586,0.0465005732793521,0.0170596615384615
4586.25,0.0347313552526062,0.0108274525527933
4586.5,0.046018993548387,0.0163877161290322
4586.75,0.0377719999999999,0.00789519999999996
4587,0.0456101176470587,0.0165419647058823
4587.25,0.0357266538461538,0.00898364668803418
4587.5,0.039492977470558,0.0156931376344086
4587.75,0.0465388284118116,0.0153237605746208
4588,0.0404851255961844,0.0174757639109698
4588.25,0.0403928360128617,0.0169014624866023
4588.5,0.036271581632653,0.0167038930839002
4588.75,0.0371093333333333,0.0150425333333333
4589,0.0370309077181208,0.0146799409395972
4589.25,0.0343827524916943,0.0109674832225913
4589.5,0.0424171486199575,0.0160703902335456
4589.75,0.036218432304038,0.0106766460807601
4590,0.0347505367276584,0.00457967509944307
4590.25,0.0516593489339573,0.0106452445137805
4590.5,0.0396586666666666,0.0078364
4590.75,0.0307174736842105,0.0021426385964912
4591,0.0348373333333333,0.00308802666666661
4591.25,0.0726566666666666,0.0122309333333333
4591.5,0.110618,0.00542676666666661
4591.75,0.16898,0.00997313333333328
4592,0.1917,0.00920633333333329
4592.25,0.211106666666667,0.0197521999999999
4592.5,0.209213333333333,0.0166234666666666
4592.75,0.209213333333333,0.0134284666666666
4593,0.222466666666667,0.012354
4593.25,0.226253333333333,0.00936253333333332
4593.5,0.226726666666667,0.0150898666666666
4593.75,0.223413333333333,0.0111848666666666
4594,0.235246666666667,0.00566106666666661
4594.25,0.270404378176889,0.0236014971196204
4594.5,0.246046751849361,0.0127696356870656
4594.75,0.213946666666667,0.00539599999999993
4595,0.215366666666667,0.00487533333333325
4595.25,0.184973936529372,0.00192088318703576
4595.5,0.220573333333333,0.0082218
4595.75,0.196433333333333,0.00681599999999989
4596,0.182422666666667,0.00830226666666661
4596.25,0.179866666666667,0.00933886666666657
4596.5,0.204436677966102,0.0144154067796609
4596.75,0.193309333333333,0.0111375333333332
4597,0.187534666666667,0.00979941999999996
4597.25,0.193546,0.00950973999999996
4597.5,0.192623464052288,0.00121261967320252
4597.75,0.358639441936807,0.0407372769798933
4598,0.201166666666667,0.00782893333333332
4598.25,0.19028,0.00671186666666664
4598.5,0.179866666666667,0.00399019999999993
4598.75,0.191226666666667,0.00721833333333325
4599,0.179393333333333,0.00234773333333329
4599.25,0.175086,0.00159986666666664
4599.5,0.179393333333333,0.007668
4599.75,0.157146666666667,0.00095613333333325
4600,0.169453333333333,0.00252286666666657
4600.25,0.169453333333333,0.000397599999999964
4600.5,0.170873333333333,0.00373459999999993
4600.75,0.159986666666667,0.00246133333333332
4601,0.149052666666667,0.00576993333333325
4601.25,0.138260666666667,0.00312399999999996
4601.5,0.13845,0.00912018666666661
4601.75,0.13632,0.0101104
4602,0.135752,0.0124770666666666
4602.25,0.152129333333333,0.0212716
4602.5,0.203533333333333,0.0447299999999999
4602.75,0.191226666666667,0.0263646666666666
4603,0.297767164239482,0.0309092698220064
4603.25,0.21078805988771,0.021394752297775
4603.5,0.190257203210815,0.00752081073088293
4603.75,0.0476036754105352,0.0148058303262955
4604,0.158408469545958,0.0246054832336655
4604.25,0.0412227375383888,0.015555216064257
4604.5,0.0778633333333333,0.00908799999999996
4604.75,0.0739346666666666,0.00807033333333325
4605,0.0714733333333333,0.00894789333333325
4605.25,0.0688699999999999,0.0092016
4605.5,0.0548593333333333,0.0090312
4605.75,0.0486113333333333,0.00866199999999996
4606,0.0438306666666666,0.0118191333333332
4606.25,0.0420793333333333,0.0113079333333332
4606.5,0.0361153333333333,0.00989739999999996
4606.75,0.0338433333333333,0.0102855333333332
4607,0.0350266666666666,0.0118096666666666
4607.25,0.0401386666666666,0.0136272666666666
4607.5,0.0399656855151045,0.0159295182029434
4607.75,0.0395388598726114,0.0133265869426752
4608,0.0374785104669887,0.0148358330112721
4608.25,0.0362717569553805,0.0129180008923884
4608.5,0.0342123573160873,0.0125493026138506
4608.75,0.0340039575510203,0.012293003755102
4609,0.0418342087431693,0.0164126083060109
4609.25,0.0373644810543656,0.0168092987369577
4609.5,0.0409774243685817,0.0170826118234804
4609.75,0.0417607058823529,0.0172481647058823
4610,0.0369393762183235,0.0157498206627679
4610.25,0.0369330237890513,0.0127971751218113
4610.5,0.0370911346266901,0.0151483028806584
4610.75,0.0422798342407743,0.0108371900181488
4611,0.0406805031559964,0.0101535889990982
4611.25,0.0390825497716894,0.0170674576560121
4611.5,0.0375700882716049,0.0154165280246913
4611.75,0.0450909984639016,0.0115480420276497
4612,0.0400264429947189,0.00869442311276792
4612.25,0.0317783674976915,0.0113782515235456
4612.5,0.0397406710984488,0.0165032858499525
4612.75,0.0322040705663881,0.0114156573197151
4613,0.0320623401109057,0.0108387733826247
4613.25,0.0384226038781163,0.016086515235457
4613.5,0.0386370453134698,0.0128343848541278
4613.75,0.0485198107370337,0.00859264094631475
4614,0.0468910296296296,0.0105896762962962
4614.25,0.0286898946716233,0.0072222660470879
4614.5,0.0276930176077717,0.00570964584092282
4614.75,0.0415003367003367,0.00978559075604523
4615,0.0266994424242423,0.00389621149090904
4615.25,0.0294063641160949,0.00670921899736142
4615.5,0.0376865174129353,0.00988150863330402
4615.75,0.0331806666666666,0.00769639999999993
4616,0.0306262359617682,0.00661107550776579
4616.25,0.0299441789594053,0.00929171194968549
4616.5,0.028735498993385,0.0054777935519125
4616.75,0.0277136666666666,0.00400756703767119
4617,0.0229093333333333,-0.000520666666666572
4617.25,0.0210210446849847,-0.00191229819594773
4617.5,0.0986589534050179,0.00502957970774739
4617.75,0.0221046666666666,-0.000307666666666572
4618,0.0283053333333332,0.00512302866666661
4618.25,0.0248781885856079,0.00494709677419346
4618.5,0.0221993333333333,-2.36666666666662e-05
4618.75,0.0271219999999999,-0.001278
4619,0.0289206666666666,-0.00111706666666657
4619.25,0.0300566666666666,0.000137266666666572
4619.5,0.0292993333333333,-0.00105079999999993
4619.75,0.0294413333333333,-0.00113126666666664
4620,0.0381979999999999,-0.000345533333333286
4620.25,0.032518,-0.000364466666666643
4620.5,0.0315713333333333,-0.000643733333333286
4620.75,0.018744,-0.000875666666666643
4621,0.0201166666666666,0.000135704666666643
4621.25,0.023146,-0.000165666666666607
4621.5,0.0277373333333333,0.000435466666666572
4621.75,0.0247553333333333,0.000544333333333321
4622,0.0235246666666666,0.000108866666666643
4622.25,0.0226726666666666,-0.000728933333333286
4622.5,0.0233353333333333,0.00114546666666661
4622.75,0.0227673333333333,0.000520666666666572
4623,0.0233826666666666,0.00100819999999993
4623.25,0.0237139999999999,0.0013206
4623.5,0.023146,0.000904066666666572
4623.75,0.0238086666666666,0.00152460666666661
4624,0.0241399999999999,0.000676866666666607
4624.25,0.0240453333333332,0.000435466666666572
4624.5,0.0230513333333333,-0.0009372
4624.75,0.0237139999999999,0.000255599999999893
4625,0.0207319999999999,-8.04666666666667e-05
4625.25,0.0198799999999999,0.000250866666666607
4625.5,0.0212526666666666,9.46666666666662e-05
4625.75,0.0276426666666666,0.00641839999999993
4626,0.0335119999999999,0.0128699333333333
4626.25,0.0341746666666666,0.0105316666666666
4626.5,0.0342693333333332,0.0111801333333332
4626.75,0.0351213333333333,0.0130213999999999
4627,0.032518,0.0128604666666666
4627.25,0.0321393333333332,0.011857
4627.5,0.033228,0.0130356
4627.75,0.0313819999999999,0.0104559333333332
4628,0.030814,0.0100483933333333
4628.25,0.0311926666666666,0.0104474133333333
4628.5,0.0321393333333332,0.0109245333333333
4628.75,0.0310506666666666,0.0103565333333333
4629,0.0309086666666666,0.0102429333333333
4629.25,0.0325653333333333,0.0122877333333333
4629.5,0.0321866666666666,0.0115729999999999
4629.75,0.0309559999999999,0.0101671999999999
4630,0.0310033333333333,0.0102902666666666
4630.25,0.0324706666666666,0.0122309333333333
4630.5,0.0315713333333333,0.0112369333333333
4630.75,0.0315713333333333,0.0110381333333333
4631,0.0320446666666666,0.0113647333333333
4631.25,0.0327073333333333,0.0119611333333333
4631.5,0.0319973333333333,0.0114783333333333
4631.75,0.0315713333333333,0.0108677333333333
4632,0.032092,0.0112274666666666
4632.25,0.0313819999999999,0.0105364
4632.5,0.0313346666666666,0.0105681133333333
4632.75,0.0315713333333333,0.0110144666666666
4633,0.0319026666666666,0.0109482
4633.25,0.0317133333333333,0.0106878666666666
4633.5,0.03124,0.0104038666666666
4633.75,0.0317133333333333,0.0111436866666666
4634,0.032376,0.0117661199999999
4634.25,0.032518,0.0106973333333333
4634.5,0.0311926666666666,0.0101960733333332
4634.75,0.0317133333333333,0.0106963866666666
4635,0.0328019999999999,0.0121220666666666
4635.25,0.0317606666666666,0.0110381333333333
4635.5,0.0317606666666666,0.0108204
4635.75,0.0322813333333333,0.0116298
4636,0.0315239999999999,0.0104985333333332
4636.25,0.0320446666666666,0.0114736
4636.5,0.032376,0.0117007999999999
4636.75,0.0322339999999999,0.0114262666666666
4637,0.032092,0.0108487999999999
4637.25,0.0319973333333333,0.0112132666666666
4637.5,0.0328966666666666,0.0126474666666666
4637.75,0.044272765869501,0.0156632037201063
4638,0.0322813333333333,0.011715
4638.25,0.0263895061946903,0.00365501716814154
4638.5,0.0399018740017746,0.0147344508725228
4638.75,0.0320446666666666,0.011502
4639,0.0266753454545454,0.00389269505454543
4639.25,0.0292519999999999,0.00667399999999993
4639.5,0.0265066666666666,0.00802299999999996
4639.75,0.0186493333333333,0.000757333333333321
4640,0.019596,0.00146733333333325
4640.25,0.0193593333333332,0.000473333333333286
4640.5,0.0213,0.000757333333333321
4640.75,0.0220573333333333,0.00133479999999996
4641,0.020874,-9.46666666666662e-05
4641.25,0.0202586666666666,-0.000567999999999964
4641.5,0.0197853333333332,0.000269799999999964
4641.75,0.0206846666666666,-0.00018933333333325
4642,0.0233353333333333,0.00176079999999996
4642.25,0.0198799999999999,0.000899333333333286
4642.5,0.0190753333333333,-0.000222466666666572
4642.75,0.0217733333333333,0.00177216
4643,0.0203059999999999,0.000970333333333321
4643.25,0.0211579999999999,0.00120226666666657
4643.5,0.021868,-0.000108866666666643
4643.75,0.0237139999999999,0.000331333333333322
4644,0.0225306666666666,0.000837799999999929
4644.25,0.0209213333333333,0.000544333333333321
4644.5,0.0203533333333333,0.000762066666666607
4644.75,0.0200693333333333,0.000582199999999929
4645,0.0199273333333333,0.000525399999999964
4645.25,0.0200693333333333,0.000534866666666643
4645.5,0.020448,0.000951399999999964
4645.75,0.01917,-0.000108866666666643
4646,0.0202586666666666,0.000629533333333321
4646.25,0.0195486666666666,0.000175133333333286
4646.5,0.0203059999999999,0.001278
4646.75,0.020022,0.000880399999999929
4647,0.0201166666666666,0.000685386666666608
4647.25,0.019738,0.000563266666666572
4647.5,0.0191226666666666,-0.000222466666666572
4647.75,0.0199273333333333,0.000388133333333286
4648,0.0198326666666666,0.000492266666666643
4648.25,0.0187913333333333,-0.000392866666666572
4648.5,0.0170873333333333,-9.46666666666662e-05
4648.75,0.0178446666666666,0.000866199999999964
4649,0.017608,0.000766799999999893
4649.25,0.017466,0.000473333333333286
4649.5,0.01846,0.000643733333333286
4649.75,0.0227673333333333,0.00466706666666664
4650,0.0305299999999999,0.0111754
4650.25,0.0311926666666666,0.0103849333333333
4650.5,0.0321866666666666,0.0115256666666666
4650.75,0.0318079999999999,0.0112984666666666
4651,0.0318079999999999,0.0112369333333333
4651.25,0.032092,0.0117102666666666
4651.5,0.0316186666666666,0.0109955333333333
4651.75,0.0324706666666666,0.0120841999999999
4652,0.0318553333333333,0.0110002666666666
4652.25,0.0327546666666666,0.0121126
4652.5,0.0331806666666666,0.0132533333333333
4652.75,0.0322339999999999,0.0118475333333333
4653,0.0320446666666666,0.011644
4653.25,0.0327073333333333,0.0125054666666666
4653.5,0.0331806666666666,0.0133953333333333
4653.75,0.0326126666666666,0.0121788666666666
4654,0.0319026666666666,0.0111848666666666
4654.25,0.0322813333333333,0.0115540666666666
4654.5,0.032518,0.0121362666666666
4654.75,0.0314293333333333,0.01042422
4655,0.0314766666666666,0.0104985333333332
4655.25,0.0310506666666666,0.0101037733333333
4655.5,0.03195,0.0113136133333333
4655.75,0.0316186666666666,0.0110442866666666
4656,0.031524,0.0103801999999999
4656.25,0.032092,0.0109955333333333
4656.5,0.0315713333333333,0.0107683333333333
4656.75,0.0321866666666666,0.0116392666666666
4657,0.032376,0.0119199533333333
4657.25,0.0318079999999999,0.01103482
4657.5,0.031666,0.0108298666666666
4657.75,0.0321393333333332,0.0111754
4658,0.0334173333333333,0.0127894666666666
4658.25,0.032518,0.0117292
4658.5,0.0322339999999999,0.0109529333333333
4658.75,0.0314293333333333,0.01048954
4659,0.032944,0.0127563333333332
4659.25,0.0327546666666666,0.0123113999999999
4659.5,0.0325653333333333,0.0117576
4659.75,0.0328966666666666,0.0119374666666666
4660,0.0334646666666666,0.0124675999999999
4660.25,0.0328019999999999,0.0121173333333333
4660.5,0.0326599999999999,0.0122262
4660.75,0.031666,0.01065142
4661,0.0322813333333333,0.0114925333333333
4661.25,0.0317133333333333,0.0107967333333333
4661.5,0.0317133333333333,0.0111550466666666
4661.75,0.0317606666666666,0.0107162666666666
4662,0.033654,0.0117859999999999
4662.25,0.0282665902841429,-0.0001881272227314
4662.5,0.0452506666666666,0.00953766666666661
4662.75,0.046008,0.00990686666666664
4663,0.0473333333333333,0.00921579999999996
4663.25,0.0706686666666666,0.00700533333333325
4663.5,0.121741333333333,-4.73333333333329e-05
4663.75,0.171146730666667,0.0365523904
4664,0.241531599402093,0.0469274977578475
4664.25,0.159587236679058,-0.00807323667905819
4664.5,0.199875683576956,0.0365729974204643
4664.75,0.167017278516058,-0.0063400326688814
4665,0.2343,0.0280213333333333
4665.25,0.242346666666667,0.0258439999999999
4665.5,0.242346666666667,0.02982
4665.75,0.247553333333333,0.0289206666666666
4666,0.24566,0.0301986666666666
4666.25,0.24708,0.0275953333333333
4666.5,0.287313333333333,0.0430733333333333
4666.75,0.259386666666667,0.0279739999999999
4667,0.26696,0.0298673333333333
4667.25,0.24566,0.0272166666666666
4667.5,0.253233333333333,0.0275006666666666
4667.75,0.362680446088321,0.0562225619816184
4668,0.209686666666667,0.024282
4668.25,0.188634060901906,0.0314073335657833
4668.5,0.132062143719807,0.00298740217391303
4668.75,0.22294,0.0329913333333332
4669,0.225306666666667,0.030814
4669.25,0.220602423793657,0.0316640547945205
4669.5,0.25702,0.029962
4669.75,0.212053333333333,0.0118333333333333
4670,0.055808476053983,0.00329408455750619
4670.25,0.0481541609523808,0.00275709904761894
4670.5,0.186493333333333,0.00174186666666661
4670.75,0.432257051792829,-0.00413649960159357
4671,0.03499876384423,0.000385221293318967
4671.25,0.035657674879227,0.00125178196376805
4671.5,0.0346702825511431,-0.000818275427196066
4671.75,0.177583036684948,-0.00162165557586828
4672,0.3124,0.101719333333333
4672.25,0.256546666666667,0.02982
4672.5,0.24282,0.0304353333333332
4672.75,0.29255790809628,-0.00218114485776797
4673,0.213473333333333,0.0318079999999999
4673.25,0.187913333333333,-0.00122593333333332
4673.5,0.199206810810811,0.00643881729729726
4673.75,0.182333792723263,0.014828236493936
4674,0.138630299075584,0.00379582961754567
4674.25,0.223537728285078,0.0520009376391982
4674.5,0.130389817095931,0.033540940649496
4674.75,0.0305746254767352,0.00479303615560632
4675,0.234033295389869,0.00808478656801358
4675.25,0.0867146666666666,0.00776266666666657
4675.5,0.027793392108508,0.00275102675708993
4675.75,0.165808666666667,0.00369199999999993
4676,0.177026666666667,0.0100346666666666
4676.25,0.268555641361257,0.0553688791448516
4676.5,0.0387187026069349,0.014325449506454
4676.75,0.0680179999999999,0.00925839999999996
4677,0.0723253333333333,0.00927733333333332
4677.25,0.0708106666666666,0.00917793333333325
4677.5,0.0731299999999999,0.00907853333333329
4677.75,0.0551906666666666,0.00782419999999993
4678,0.0549066666666666,0.00876613333333332
4678.25,0.0459133333333333,0.00928017333333325
4678.5,0.0412273333333333,0.00889866666666661
4678.75,0.0384251999999999,0.00769921904059037
4679,0.0434993333333333,0.0121173333333333
4679.25,0.0457147694633409,0.0167793983371126
4679.5,0.0444182079510703,0.014855316972477
4679.75,0.0420472606707317,0.0172067417682927
4680,0.0379258333333333,0.0129611535416666
4680.25,0.037914,0.0164246666666666
4680.5,0.0309108302592889,0.013260366907244
4680.75,0.037880778229082,0.0160104365556457
4681,0.0403419100441501,0.00899534735099332
4681.25,0.0394620524978831,0.0164480487722269
4681.5,0.0361457078777684,0.0154625937762826
4681.75,0.0400913333333333,0.0162874
4682,0.0492324185654008,0.00919383493670876
4682.25,0.0394021108225108,0.0152060853679653
4682.5,0.0424003966170895,0.0161026757655293
4682.75,0.0357516727802037,0.0143623099272197
4683,0.0370293462555065,0.015577862907489
4683.25,0.0420125572496263,0.0160083965321375
4683.5,0.041322,0.0174376
4683.75,0.0428455044883303,0.0163720901256732
4684,0.0406230627415997,0.0175402723758548
4684.25,0.0386060969372583,0.0167356479333928
4684.5,0.0384477633451956,0.0162208890865954
4684.75,0.0329018125187181,0.0106740706798442
4685,0.0413334535993061,0.0130668572419774
4685.25,0.0393685338015802,0.0151031150131694
4685.5,0.0347426666666666,0.0158566666666666
4685.75,0.0367632582076308,0.0143357756876663
4686,0.032025327500729,0.00749942210557008
4686.25,0.0307490653266331,0.00720799849246226
4686.5,0.0276426666666666,0.00458740466666664
4686.75,0.0285642984375,0.00439122796875
4687,0.102542026950355,0.0063669577304964
4687.25,0.0996074021024966,0.0179937480070082
4687.5,0.0959446666666666,0.00212526666666661
4687.75,0.124165991725768,0.000424741134751695
4688,0.165934526079641,-0.00708431071228257
4688.25,0.159119826757847,0.00983121400666307
4688.5,0.213367391232423,-0.00503849826302722
4688.75,0.195648226270374,0.00113094218600191
4689,0.155657203463203,-0.00683044588744587
4689.25,0.149295034662045,0.0298218457538994
4689.5,0.157380328371278,0.0133694802977233
4689.75,0.217169383462979,-0.00539390334197633
4690,0.235223119730185,0.0239001804384486
4690.25,0.266907429202929,0.00917671125846106
4690.5,0.261226307320998,0.0257907642799678
4690.75,0.286265860688551,0.051017678142514
4691,0.214729080319653,0.00138243722064199
4691.25,0.173360420703934,-0.00147863453416144
4691.5,0.214300443709522,0.00335200030315557
4691.75,0.179543631906938,0.00218054303282091
4692,0.170864116939432,0.00855018369002658
4692.25,0.158449293505721,0.000967305097339825
4692.5,0.133924039087948,0.00610745237785015
4692.75,0.153259595959596,0.022729577000777
4693,0.0851220925039872,0.00528350519936199
4693.25,0.16553109807755,0.0237563362658846
4693.5,0.189701507049101,0.0110548553232863
4693.75,0.19824492825334,0.000417832013854452
4694,0.233467890688922,0.0099590866961217
4694.25,0.0837799999999999,-0.00615333333333325
4694.5,0.0781473333333332,-0.00582199999999993
4694.75,0.238784172951232,0.0107264115635997
4695,0.195540720164609,0.00985839236625511
4695.25,0.0696273333333332,-0.00572733333333325
4695.5,0.193280090750436,0.0114063817102966
4695.75,0.0791886666666666,-0.00317133333333325
4696,0.0734613333333332,-0.00283999999999993
4696.25,0.165430725018235,0.0129165416484318
4696.5,0.148875067780873,0.0101652275580315
4696.75,0.163582566491943,0.0078357480100951
4697,0.0973959586316626,0.0110179178202068
4697.25,0.0292414715395924,0.00172510464188187
4697.5,0.0997615961290322,0.00795443812473109
4697.75,0.0808453333333333,-0.00035973333333325
4698,0.0621486666666666,0.00470019999999996
4698.25,0.0569893333333333,0.00677813333333329
4698.5,0.0581253333333332,0.00714733333333332
4698.75,0.0568473333333332,0.00659353333333332
4699,0.0577466666666666,0.00577939999999993
4699.25,0.0649886666666666,0.0065604
4699.5,0.0693433333333333,0.00727513333333332
4699.75,0.06319,0.00629533333333332
4700,0.0672133333333333,0.00711419999999989
4700.25,0.0649886666666666,0.00648466666666657
4700.5,0.0646099999999999,0.00742186666666657
4700.75,0.0569419999999999,0.00790466666666664
4701,0.0534866666666666,0.00718993333333332
4701.25,0.054244,0.00770113333333332
4701.5,0.0537233333333333,0.00764906666666664
4701.75,0.0544806666666666,0.00868566666666661
4702,0.0503626666666666,0.00701953333333332
4702.25,0.0492739999999999,0.00705739999999993
4702.5,0.0486586666666666,0.00631899999999996
4702.75,0.0425053333333333,0.00931519999999993
4703,0.0388133333333333,0.00940986666666661
4703.25,0.0377719999999999,0.00961813333333332
4703.5,0.0383873333333333,0.00975208666666657
4703.75,0.0375826666666666,0.009372
4704,0.0381979999999999,0.0101293333333333
4704.25,0.0371566666666666,0.009585
4704.5,0.0368726666666666,0.00893037999999996
4704.75,0.0365413333333333,0.00977433333333325
4705,0.0387186666666666,0.0115493333333333
4705.25,0.0371093333333333,0.00889866666666661
4705.5,0.0370146666666666,0.00918503333333329
4705.75,0.036778,0.00878033333333329
4706,0.0375826666666666,0.00996366666666661
4706.25,0.0354526666666666,0.00823599999999996
4706.5,0.036636,0.00908279333333329
4706.75,0.03763,0.00938619999999996
4707,0.0371093333333333,0.00941223333333325
4707.25,0.037204,0.00913533333333325
4707.5,0.0363046666666666,0.00830226666666661
4707.75,0.0355,0.00768219999999996
4708,0.0367306666666666,0.00858153333333325
4708.25,0.0361626666666666,0.00922053333333325
4708.5,0.0371566666666666,0.00886411333333332
4708.75,0.0367306666666666,0.00908799999999996
4709,0.0356419999999999,0.00851526666666661
4709.25,0.0377719999999999,0.0104005533333332
4709.5,0.0368253333333333,0.00874341333333325
4709.75,0.0346953333333332,0.00772479999999996
4710,0.0357366666666666,0.0083922
4710.25,0.0428839999999999,0.00849936266666664
4710.5,0.0481853333333333,0.00806559999999996
4710.75,0.0503153333333333,0.00728933333333329
4711,0.0542913333333332,0.00683493333333325
4711.25,0.0548119999999999,0.00325179999999996
4711.5,0.0555693333333332,0.000638999999999893
4711.75,0.0619593333333332,-0.00387186666666661
4712,0.0836853333333333,-0.00435466666666657
4712.25,0.0854366666666666,-0.00409433333333329
4712.5,0.0949506666666666,-0.00134899999999993
4712.75,0.0969386666666666,0.00324706666666657
4713,0.0965599999999999,-0.00193877333333329
4713.25,0.107778,-0.00150093999999996
4713.5,0.110286666666667,-0.00226030866666661
4713.75,0.106168666666667,-0.004686
4714,0.102760666666667,-0.00393339999999996
4714.25,0.0976486666666666,-0.00371093333333329
4714.5,0.094998,0.00124297333333332
4714.75,0.0935306666666666,-0.00355757333333329
4715,0.0916373333333333,-0.00515933333333329
4715.25,0.0976486666666666,0.00541966666666657
4715.5,0.0936253333333333,0.00313819999999993
4715.75,0.0847266666666666,-0.00308613333333325
4716,0.0782419999999999,-0.000148153333333321
4716.25,0.0629533333333333,-0.00291431333333329
4716.5,0.0604446666666666,-0.00151466666666664
4716.75,0.0585986666666666,-0.00136319999999989
4717,0.0560426666666666,-0.00257493333333325
4717.25,0.0559953333333333,-0.00359733333333325
4717.5,0.0722779999999999,0.00893179999999993
4717.75,0.0601606666666666,-0.00137266666666657
4718,0.0600186666666666,-0.00309559999999993
4718.25,0.0615333333333332,-0.00299146666666657
4718.5,0.0620539999999999,-0.00260333333333329
4718.75,0.075828,0.00334646666666664
4719,0.05893,-0.00408628666666657
4719.25,0.0607286666666666,-0.00303406666666657
4719.5,0.0777213333333332,0.0135799333333333
4719.75,0.0859099999999999,0.0218206666666666
4720,0.0391210832077683,0.00268043127406656
4720.25,0.038482,0.00289679999999989
4720.5,0.0666453333333333,-0.00189333333333325
4720.75,0.071284,-0.00149573333333329
4721,0.0672133333333333,-0.00126379999999993
4721.25,0.170775914101102,0.00127537912580765
4721.5,0.0599713333333333,0.0022365
4721.75,0.17658318763285,0.0229956665893719
4722,0.0295551949614589,0.00518520515134419
4722.25,0.0544806666666666,0.00620066666666664
4722.5,0.0547646666666666,0.00717099999999996
4722.75,0.0581253333333332,0.00770113333333332
4723,0.0587406666666666,0.00704793333333325
4723.25,0.068302,0.0112653333333333
4723.5,0.0641366666666666,0.0116866
4723.75,0.0598293333333332,0.00882719333333329
4724,0.0585513333333332,0.00800856333333325
4724.25,0.0594506666666666,0.00813186666666661
4724.5,0.0605393333333333,0.00789519999999996
4724.75,0.060208,0.0088608
4725,0.0595926666666666,0.00873867999999996
4725.25,0.058362,0.00721359999999996
4725.5,0.0559006666666666,0.0077958
4725.75,0.057226,0.0131160666666666
4726,0.042742,0.0116250666666666
4726.25,0.0363046666666666,0.0105079999999999
4726.5,0.0362099999999999,0.0117386666666666
4726.75,0.0356419999999999,0.0105600666666666
4727,0.034506,0.0106059799999999
4727.25,0.0363046666666666,0.0105079999999999
4727.5,0.0355946666666666,0.0110002666666666
4727.75,0.0360206666666666,0.0104512
4728,0.0344113333333333,0.0107635999999999
4728.25,0.0364939999999999,0.0117244666666666
4728.5,0.03408,0.0106026666666666
4728.75,0.0350266666666666,0.0100204666666666
4729,0.0334173333333333,0.00976486666666657
4729.25,0.0375353333333333,0.011431
4729.5,0.0321866666666666,0.00877086666666661
4729.75,0.0358786666666666,0.00995419999999993
4730,0.0341273333333333,0.0110807333333333
4730.25,0.035358,0.0121362666666666
4730.5,0.0340326666666666,0.00942406666666657
4730.75,0.034648,0.0105032666666666
4731,0.0355946666666666,0.0115682666666666
4731.25,0.0361153333333333,0.0116960666666666
4731.5,0.0324233333333333,0.00900753333333325
4731.75,0.0344586666666666,0.0107446666666666
4732,0.036778,0.0125527999999999
4732.25,0.0379613333333333,0.0126853333333333
4732.5,0.0339853333333333,0.00973173333333325
4732.75,0.0364939999999999,0.0114168
4733,0.0333226666666666,0.0103092
4733.25,0.0363046666666666,0.0115777333333333
4733.5,0.0328966666666666,0.00921106666666657
4733.75,0.03337,0.00897203333333329
4734,0.0366833333333333,0.0100914666666666
4734.25,0.0438306666666666,0.00776266666666657
4734.5,0.0505046666666666,0.00774373333333332
4734.75,0.0477593333333333,0.00867619999999993
4735,0.0550486666666666,0.0081153
4735.25,0.0655566666666666,0.00759699999999996
4735.5,0.0959446666666666,0.00212526666666661
4735.75,0.0985953333333332,-0.00146733333333325
4736,0.120652666666667,-0.00478255999999993
4736.25,0.132817333333333,-0.00736506666666661
4736.5,0.136556666666667,-0.00709999999999993
4736.75,0.145786666666667,-0.00818866666666657
4737,0.153170666666667,-0.00672133333333332
4737.25,0.152034666666667,-0.00691066666666657
4737.5,0.146023333333333,-0.00676866666666661
4737.75,0.160602,-0.00577466666666664
4738,0.165714,-0.000293466666666607
4738.25,0.152129333333333,-0.00417953333333329
4738.5,0.158614,-0.00615333333333325
4738.75,0.159986666666667,-0.00411799999999993
4739,0.165856,-0.00506466666666661
4739.25,0.173145333333333,-0.00147679999999993
4739.5,0.183416666666667,0.00143419999999993
4739.75,0.180292666666667,0.00218964
4740,0.177547333333333,-0.0049842
4740.25,0.172246,0.00114546666666661
4740.5,0.163110666666667,-0.00469688666666664
4740.75,0.163016,-0.00615333333333325
4741,0.18886,0.000515933333333286
4741.25,0.181239333333333,-0.00325038
4741.5,0.19312,-0.00274911999999996
4741.75,0.19312,-0.00307666666666657
4742,0.19596,0.00316186666666657
4742.25,0.212053333333333,0.00836853333333325
4742.5,0.20874,0.00799459999999993
4742.75,0.20022,0.00364466666666664
4743,0.198148196721312,0.0104456489281211
4743.25,0.189333333333333,-0.00116913333333325
4743.5,0.191226666666667,-0.00176316666666661
4743.75,0.191226666666667,-0.00177026666666664
4744,0.190753333333333,0.004686
4744.25,0.178588666666667,-0.00237088406666664
4744.5,0.181854666666667,-0.000452033333333286
4744.75,0.183464,0.00327499333333332
4745,0.170542,-0.00110949333333325
4745.25,0.174802,0.00751653333333325
4745.5,0.156862666666667,0.00140958666666661
4745.75,0.146638666666667,0.000752126666666643
4746,0.092442,0.00810819999999996
4746.25,0.0719466666666666,0.0103754666666666
4746.5,0.0747393333333332,0.0109718666666666
4746.75,0.0750706666666666,0.0102287333333333
4747,0.0823126666666667,0.011857
4747.25,0.0784786666666666,0.00718519999999993
4747.5,0.0796146666666666,0.00940513333333332
4747.75,0.0726093333333332,0.00815079999999997
4748,0.0727039999999999,0.00703846666666657
4748.25,0.0807506666666666,0.008733
4748.5,0.0816026666666666,0.01211544
4748.75,0.0825493333333333,0.0100157333333333
4749,0.0761593333333333,0.00716626666666657
4749.25,0.06958,0.00875193333333325
4749.5,0.0642313333333333,0.0104653999999999
4749.75,0.0568473333333332,0.00919213333333332
4750,0.049984,0.0123256
4750.25,0.0409433333333333,0.0105364
4750.5,0.0437833333333333,0.0144035333333333
4750.75,0.0402806666666666,0.0103707333333332
4751,0.03976,0.00957079999999993
4751.25,0.0417953333333333,0.0109150666666666
4751.5,0.039618,0.00985953333333325
4751.75,0.0400913333333333,0.00984533333333329
4752,0.0398073333333332,0.00990213333333325
4752.25,0.0395706666666666,0.0117528666666666
4752.5,0.0418426666666666,0.0107115333333333
4752.75,0.0417953333333333,0.0116548866666666
4753,0.0403279999999999,0.0105723733333333
4753.25,0.039192,0.0101577333333333
4753.5,0.0372513333333332,0.00949506666666661
4753.75,0.0428839999999999,0.0110191999999999
4754,0.039618,0.0100488666666666
4754.25,0.0398073333333332,0.00963706666666657
4754.5,0.0391446666666666,0.00914953333333332
4754.75,0.0395706666666666,0.00944299999999993
4755,0.038908,0.00967966666666657
4755.25,0.0403279999999999,0.00983397333333325
4755.5,0.0412273333333333,0.00960961333333332
4755.75,0.0405646666666666,0.0102097999999999
4756,0.0417953333333333,0.0121362666666666
4756.25,0.0418426666666666,0.0116818666666666
4756.5,0.0405646666666666,0.0107068
4756.75,0.0398546666666666,0.0102405666666666
4757,0.0416059999999999,0.0116264866666666
4757.25,0.0425526666666666,0.0114059133333333
4757.5,0.0409906666666666,0.00991633333333332
4757.75,0.03976,0.00989934066666661
4758,0.0319973333333333,0.00749286666666661
4758.25,0.0444366142450142,0.0121466395441595
4758.5,0.0564686666666666,0.00940513333333332
4758.75,0.0552853333333333,0.0079662
4759,0.0444317013888889,0.00374685243055545
4759.25,0.091848367560497,0.00350753930673634
4759.5,0.122205981116584,0.00627907095238088
4759.75,0.133830304126625,0.00659926738270205
4760,0.195965201465201,0.027892857142857
4760.25,0.232495732298739,0.0119521785645004
4760.5,0.258795808656036,0.00822668428246009
4760.75,0.24230333037037,0.0135044987259259
4761,0.230926663811563,0.0125964318058529
4761.25,0.155200972927947,0.00575911822851581
4761.5,0.229570152755046,0.00458668908892517
4761.75,0.266600463258786,0.00344537140575076
4762,0.224833333333333,-0.0105079999999999
4762.25,0.454523219294796,0.0406603756717787
4762.5,0.345061293260474,0.0356862295081966
4762.75,0.343309330218069,0.0361726199376946
4763,0.215039058221369,-0.0104232905950096
4763.25,0.227852924849437,0.0127130491751767
4763.5,0.189482004973171,0.0292275992671116
4763.75,0.202905866050808,-0.0061999014626635
4764,0.226163228461436,0.0320319049515465
4764.25,0.200358893933141,0.0156232232769294
4764.5,0.214567037953795,0.0201834488448844
4764.75,0.13791797816532,0.0147333304976605
4765,0.197766326590443,0.0246498220463206
4765.25,0.20022,0.0398546666666666
4765.5,0.113767202905129,0.0164818405205023
4765.75,0.0580035368552283,0.00918783593579549
4766,0.219102997933556,0.00584589464314089
4766.25,0.258068143884892,0.00814379875299759
4766.5,0.0535654710180223,0.0126765260594252
4766.75,0.0324229156862744,0.00216467862745091
4767,0.0377477288801571,0.0048660424230517
4767.25,0.0700155242439601,-0.0057592647406656
4767.5,0.195607282571912,0.00109483105245338
4767.75,0.0791474010769497,-0.0031696807364946
4768,0.0730714111818824,-0.00282492569002117
4768.25,0.164530666666667,0.0128462666666666
4768.5,0.16880189281642,0.00523095131128842
4768.75,0.12700786846741,0.00361462125660589
4769,0.139292999384615,0.0022307719384615
4769.25,0.0291678617937407,0.00172076202478463
4769.5,0.160666379421222,0.007720517170418
4769.75,0.0274019482415394,0.000731351824817461
4770,0.150617994791667,0.00890919648437496
4770.25,0.0570264841373316,0.00678255193394173
4770.5,0.0288063101092896,0.00400166475409828
4770.75,0.0329682946927374,0.00294207737430163
4771,0.182361306179775,0.020069216994382
4771.25,0.02982,0.00326599999999993
4771.5,0.035366896720509,0.0162687724914341
4771.75,0.0372350987379361,0.0117745971294233
4772,0.0375731141345426,0.0145329969765683
4772.25,0.0401695721077654,0.0163702820919176
4772.5,0.039741344435633,0.0156627651599259
4772.75,0.0433616772151898,0.0168917088607594
4773,0.0421266666666666,0.0154874666666666
4773.25,0.0425005425101214,0.0135526869635627
4773.5,0.0319973333333333,0.0091377
4773.75,0.0322813333333333,0.0093294
4774,0.0317133333333333,0.00913533333333325
4774.25,0.031666,0.00920633333333329
4774.5,0.0312873333333333,0.0084348
4774.75,0.0313346666666666,0.00842533333333332
4775,0.0312873333333333,0.00845373333333325
4775.25,0.0326599999999999,0.0104748666666666
4775.5,0.0324706666666666,0.00990024
4775.75,0.0314293333333333,0.00858820733333329
4776,0.0314766666666666,0.00953151333333325
4776.25,0.0313819999999999,0.00958736666666664
4776.5,0.031666,0.0101009333333333
4776.75,0.0414851765399351,0.0143071884468022
4777,0.039605044263776,0.0137697156278229
4777.25,0.0423711781502171,0.0146312974549968
4777.5,0.0338744393382352,0.0101386433823529
4777.75,0.0373325130066545,0.0147482376890502
4778,0.0377493623188406,0.0135595331483194
4778.25,0.0376530461922596,0.0134393870162296
4778.5,0.0395863709226467,0.0186445161851506
4778.75,0.0359941707779886,0.0117040333965843
4779,0.0369082237222757,0.00592237222757949
4779.25,0.0409357434402332,0.00786496922578546
4779.5,0.0373988633663366,0.0143132625742574
4779.75,0.034330506822612,0.00632229857050031
4780,0.0387756504854369,0.00959933786407765
4780.25,0.0367896844143272,0.00788755701839294
4780.5,0.037914,0.00706686666666661
4780.75,0.0397288952380951,0.0148192086042692
4781,0.0367190175097275,0.00903524727626451
4781.25,0.0431569708737864,0.00981702524271844
4781.5,0.0352769088591459,0.0106398183556404
4781.75,0.0423978491295938,0.0146874875564152
4782,0.0411702508822586,0.0130199740776387
4782.25,0.0400098072366314,0.014151529939161
4782.5,0.0363164999999999,0.0141341169921874
4782.75,0.0280418066985645,0.00643070032535876
4783,0.0369576979362101,0.0139476369606004
4783.25,0.0295077645623665,0.00454990692284223
4783.5,0.0460744624060149,0.00519162142857142
4783.75,0.0211792216649949,0.00115609174189225
4784,0.0266215571380128,0.000378281451339389
4784.25,0.0238388126801152,0.00409318478386166
4784.5,0.0255396172248803,0.00544987846889951
4784.75,0.0254886660395108,0.00584536921919089
4785,0.025702,0.00196906666666657
4785.25,0.0262939206917113,0.00504635569469288
4785.5,0.0299780556070435,0.00749688934198322
4785.75,0.0253206963788301,0.00503362092231498
4786,0.0316544959802102,0.00680335435992576
4786.25,0.0197358114233907,0.000892810516772409
4786.5,0.0252281328320801,0.00466366791979944
4786.75,0.0624799999999999,0.00078573333333325
4787,0.102132322274881,-0.00210577251184832
4787.25,0.0221394071317829,0.00132076291472865
4787.5,0.0342235040498442,0.00285116535825537
4787.75,0.0226566542750928,0.000873933237298632
4788,0.0253465576323987,0.00114606386292834
4788.25,0.0212526666666666,0.00212053333333332
4788.5,0.0317187481193255,-0.000646739092088136
4788.75,0.0240346580020387,0.000134863812436284
4789,0.153156717319007,0.0213557247377846
4789.25,0.0195792592592592,-0.000900740740740661
4789.5,0.266244607594937,0.0158011623417721
4789.75,0.0268896088462563,0.00132321449507058
4790,0.0197064066080468,-0.00189484678923526
4790.25,0.0282589388429751,0.00177337814876023
4790.5,0.0466502636600173,0.00156129800520381
4790.75,0.0478964872021182,0.00612323718740799
4791,0.0174219680672268,-0.000278562633053166
4791.25,0.0198215647756138,0.000565651368896387
4791.5,0.0348900565068492,0.0025365884703196
4791.75,0.0244122978118783,0.00107860560954815
4792,0.0266557348993288,0.00203500771812079
4792.25,0.0281211573849879,0.00223885864406776
4792.5,0.0342717902135712,0.00441526254663419
4792.75,0.024336507413509,0.0028556410543657
4793,0.0245659999999999,0.00284473333333332
4793.25,0.0200364122738001,0.000252840440597928
4793.5,0.103014306027821,0.00668526343122092
4793.75,0.0270560338624338,0.00184819386243379
4794,0.034394306184012,0.00426963800904971
4794.25,0.0320705124910777,0.0077460442541042
4794.5,0.0347352,0.00698939999999995
4794.75,0.0350717269303201,0.0130030081920903
4795,0.0416956681034483,0.00919771336206892
4795.25,0.0252286666666666,0.00150661999999993
4795.5,0.0381712131837307,0.00804102384291718
4795.75,0.0389339198517489,0.0149595733611303
4796,0.0428107397003745,0.0142733932584269
4796.25,0.0337724487804878,0.0102864067735191
4796.5,0.0509893640951694,0.0103840699351117
4796.75,0.0382054414931801,0.0159126137832016
4797,0.0373933333333333,0.0147396
4797.25,0.0399603743700503,0.0139480735301176
4797.5,0.0328252308781869,0.00943974063739375
4797.75,0.0526060346070656,0.00942465705359286
4798,0.0319754484157161,0.0112103834727502
4798.25,0.0421482860438293,0.00647344752018452
4798.5,0.0336243227513227,0.0113934906290417
4798.75,0.0387061097122301,0.0164252242805755
4799,0.0333824919210053,0.011256158994614
4799.25,0.0492401423487544,0.0139560901542111
4799.5,0.0389678739220933,0.00840363009217959
4799.75,0.0345859623992838,0.0115456636227991
4800,0.0358483018867924,0.0114393543545971
4800.25,0.0398073333333332,0.017182
4800.5,0.0424200910714285,0.0157337394642856
4800.75,0.039440816399287,0.014612964349376
4801,0.0423548933823529,0.00893527169117643
4801.25,0.0346961420863308,0.0101775350119903
4801.5,0.0418520561594202,0.0146127518115941
4801.75,0.0353160911891558,0.0113773024768946
4802,0.0397697437834435,0.00903212968209002
4802.25,0.0375709118483411,0.00832434957345961
4802.5,0.038897466540404,0.00766104791666664
4802.75,0.0375593333333333,0.0125953688888888
4803,0.0318725413912495,0.00805325489455461
4803.25,0.0406593333333332,0.0143751333333332
4803.5,0.035784,0.0119232666666666
4803.75,0.0413931585326953,0.0138230364274322
4804,0.0389753346080306,0.0139035648183556
4804.25,0.033401780952381,0.010116238679365
4804.5,0.0398546666666666,0.0138402666666666
4804.75,0.0512588444444444,0.0174043855238095
4805,0.0389451259541985,0.0182359841603053
4805.25,0.0386822427093132,0.0158417497648165
4805.5,0.0382453333333333,0.0127042666666666
4805.75,0.0401956263667603,0.013945517900656
4806,0.0341582124883503,0.00370874091332704
4806.25,0.0286898946716233,0.0072222660470879
4806.5,0.0293136218068535,0.00193991141246104
4806.75,0.0412325925925925,0.00972245791245781
4807,0.041170585877274,0.0131412702436015
4807.25,0.036378732525629,0.0069450307548928
4807.5,0.0426473333333333,0.00457173733333332
4807.75,0.0336424565140219,0.00440621412850549
4808,0.0281633333333333,0.00212810666666664
4808.25,0.070142641509434,0.00319439716981127
4808.5,0.0392464139344262,0.00245408299180325
4808.75,0.0259065927446954,0.000341985763175871
4809,0.022721604519774,0.00120768192090395
4809.25,0.0231384106891702,0.00154412517580862
4809.5,0.0753671490857946,0.00270057637130793
4809.75,0.028028857858933,0.00575626208378086
4810,0.0293448403001071,0.00650254983922823
4810.25,0.0866744182590233,0.00429361571125259
4810.5,0.0309892145922747,0.00454887553648065
4810.75,0.0268024999999999,0.0047032560869565
4811,0.0266205671957672,0.000550283809523796
4811.25,0.0283887394438722,0.00318747443872288
4811.5,0.0899408636363636,0.00660929073691452
4811.75,0.0814133333333333,-0.000525399999999964
4812,0.0859500365111562,0.010158155780933
4812.25,0.0358383493389004,0.0054280364648573
4812.5,0.025554751540041,0.0012612049281314
4812.75,0.0312791478696741,0.00466087825277473
4813,0.0247671666666666,0.00661696910569104
4813.25,0.0263071018922852,0.00507722343522556
4813.5,0.0266900044444444,0.00538074288888885
4813.75,0.0342958753894081,0.00650842180685353
4814,0.0324596059564719,0.0071861163039327
4814.25,0.0320446666666666,0.00698166666666661
4814.5,0.0306373423728813,0.00529534312617695
4814.75,0.0311186880244088,0.0053284768878718
4815,0.0303265685164212,0.00452491657229141
4815.25,0.0317505854214123,0.00658068109339404
4815.5,0.0325234824159021,0.00668565420489294
4815.75,0.0324668886354997,0.00561241641961228
4816,0.0318196471910111,0.00588687325842689
4816.25,0.0342034254923819,0.00568317666295052
4816.5,0.0329042872260014,0.00621579508692365
4816.75,0.0321054324324324,0.00608863378378375
4817,0.0415265911431513,0.00673673738414004
4817.25,0.0412715371900826,0.00738834214876027
4817.5,0.0416807846481876,0.00684066581378818
4817.75,0.0400979580797836,0.00686582961460444
4818,0.0258900468603561,-0.000240947516401044
4818.25,0.090988598108747,0.00292449839243494
4818.5,0.0300991683967704,0.00438918642445212
4818.75,0.0277365235243798,0.00458939384088956
4819,0.0924546063651591,0.0134367361250697
4819.25,0.0248913361678004,0.00310066740362803
4819.5,0.0376455381153305,0.011336225485232
4819.75,0.0329809450612012,0.00652026165670364
4820,0.0384996449704142,0.00710726204564666
4820.25,0.0343051575342465,0.0123895486301369
4820.5,0.0365262708514966,0.00657377878523683
4820.75,0.0403910165525113,0.00758333087899534
4821,0.0492852031558185,0.0141145639335024
4821.25,0.0430603568320278,0.00902126370757175
4821.5,0.0342587482419127,0.0122769177665259
4821.75,0.0362924929498026,0.00837083993231805
4822,0.040355183082916,0.0135052825820812
4822.25,0.0354053333333333,0.0131539333333333
4822.5,0.038217480443666,0.0150309445417396
4822.75,0.035056501987507,0.0106259099943214
4823,0.0346651372207716,0.0098660858485639
4823.25,0.0482848290823805,0.0112932587510993
4823.5,0.0390554425087108,0.00913652078977925
4823.75,0.0402795040935673,0.0143543232748538
4824,0.0395581863609641,0.0149089356261022
4824.25,0.0433481922398589,0.0183104659024103
4824.5,0.0399734449418084,0.0161079231871083
4824.75,0.0364466666666666,0.00919213333333332
4825,0.0313916906278434,0.00981583075523201
4825.25,0.040044,0.0169926666666666
4825.5,0.0384233102155576,0.00873644686035613
4825.75,0.0362368074766354,0.00893400299065419
4826,0.0380818306063522,0.0168593907603464
4826.25,0.037062,0.0153786
4826.5,0.0357024361430396,0.00843144948914421
4826.75,0.0359132318561335,0.00926731946050093
4827,0.0362573333333333,0.00851526666666661
4827.25,0.0380990796685786,0.0170785725940089
4827.5,0.038908,0.016827
4827.75,0.0395321489971346,0.016311717669532
4828,0.0404774932808914,0.00792053752867902
4828.25,0.0379244776699028,0.0126730174757281
4828.5,0.0395363779527558,0.0171308464566929
4828.75,0.0352285225403093,0.0151790009871668
4829,0.0320779987277353,0.0122028675572519
4829.25,0.0307666666666666,0.00886553333333328
4829.5,0.0309086666666666,0.00902599333333332
4829.75,0.0236851094049904,0.00361935105566213
4830,0.0321393333333332,0.0101974933333333
4830.25,0.047286,0.00704793333333325
4830.5,0.0530606666666666,0.0121031333333333
4830.75,0.0501733333333333,0.0102183199999999
4831,0.0521613333333332,0.0104606666666666
4831.25,0.0632373333333333,0.0100393999999999
4831.5,0.132628,-0.00091353333333325
4831.75,0.140674666666667,0.00160933333333332
4832,0.153170666666667,0.00384346666666657
4832.25,0.16756,-0.00200376199999993
4832.5,0.174186666666667,0.00260333333333329
4832.75,0.17466,-0.00208645333333332
4833,0.19028,-0.00106168666666657
4833.25,0.18602,0.00431206666666657
4833.5,0.195013333333333,0.00661530666666661
4833.75,0.186493333333333,0.0108535333333333
4834,0.162353333333333,0.00861939999999996
4834.25,0.1775,0.00884186666666664
4834.5,0.19312,0.0121126
4834.75,0.187913333333333,0.000268853333333286
4835,0.17608,0.0118475333333333
4835.25,0.153691333333333,-9.46666666666667e-05
4835.5,0.160602,2.83999999999995e-05
4835.75,0.160270666666667,-0.00035973333333325
4836,0.160223333333333,0.00514182
4836.25,0.133290666666667,0.0108109333333333
4836.5,0.140627333333333,0.000681599999999893
4836.75,0.182521177664975,0.0163181498477157
4837,0.179476210750399,0.0307135142806457
4837.25,0.191757823423423,0.0272050508108108
4837.5,0.0582673333333333,0.00326126666666664
4837.75,0.0621013333333333,0.00335593333333332
4838,0.0603026666666666,0.00300093333333325
4838.25,0.0565159999999999,0.00290153333333329
4838.5,0.0615333333333332,0.00342219999999996
4838.75,0.0730826666666666,0.00332753333333329
4839,0.096918689048761,0.0359251486810551
4839.25,0.0679074038461538,0.0237444935897435
4839.5,0.0543444518518518,0.010788274691358
4839.75,0.0494143924528301,0.00614123207547167
4840,0.0478645319693094,0.00251668670076724
4840.25,0.0374427954144621,0.00120385696649029
4840.5,0.0467180956228956,0.00363730370370369
4840.75,0.0498893333333333,0.00620066666666664
4841,0.0451202571819425,0.00522974409484722
4841.25,0.0723490535041446,0.0243128183873398
4841.5,0.0882346352247605,-0.00270870842544819
4841.75,0.084394631058358,-0.0028569388724035
4842,0.0778653173652695,-0.00272851511976047
4842.25,0.0262045095168374,0.00163778184480234
4842.5,0.0285554854712969,0.00212396172926994
4842.75,0.0313182650371434,0.00283041763719138
4843,0.024222798631476,0.00203831769305957
4843.25,0.0859674132539091,0.00256534683544302
4843.5,0.0377429233060312,0.0129925453462398
4843.75,0.0373459999999999,0.0118096666666666
4844,0.046824473085671,0.00467771756381093
4844.25,0.0446682331838565,0.0143453748878924
4844.5,0.0437359999999999,0.0135799333333333
4844.75,0.0399086426380367,0.0158647430981595
4845,0.0402021929824561,0.0141937389576883
4845.25,0.053676,0.013206
4845.5,0.0494481013676588,0.00763292839903458
4845.75,0.0419906645143932,0.0132860349744417
4846,0.0419112848775293,0.0137378497337593
4846.25,0.0426126888708367,0.0134932298943948
4846.5,0.0494226896740618,0.0121262943850999
4846.75,0.0404226666666666,0.009217362
4847,0.0430844003364171,0.0146373456686291
4847.25,0.0327159246575342,0.0104928030821917
4847.5,0.0348846666666666,0.00876139999999993
4847.75,0.040612,0.0125149333333333
4848,0.0458186666666666,0.0103518
4848.25,0.0411906868148148,0.00961431300740732
4848.5,0.0399019999999999,0.0160791333333332
4848.75,0.04047,0.00785733333333325
4849,0.0313061546860782,0.00978908462238389
4849.25,0.0417184486486486,0.0172664068468468
4849.5,0.036778,0.00750706666666657
4849.75,0.0344586666666666,0.00739346666666664
4850,0.0444396248462484,0.00864630227552269
4850.25,0.0330386666666666,0.0103565333333333
4850.5,0.0363983243744207,0.00902386881680564
4850.75,0.0378193333333333,0.00757333333333332
4851,0.0385550208728652,0.0175702770398481
4851.25,0.0320446666666666,0.00960866666666664
4851.5,0.0382561974603174,0.00674803384126983
4851.75,0.0394941738299904,0.0162960483922318
4852,0.0345672360708534,0.0074619833816425
4852.25,0.0346146846153845,0.0113869071794872
4852.5,0.0375715993558776,0.0161894268599033
4852.75,0.0313819999999999,0.0105032666666666
4853,0.0398546666666666,0.0166660666666666
4853.25,0.038908,0.0144745333333333
4853.5,0.0309086666666666,0.00902599333333332
4853.75,0.0273321306175234,0.00364917044940183
4854,0.0258439999999999,0.00410379999999996
4854.25,0.0374642211690363,0.0032721914691943
4854.5,0.0530109843945069,0.0120918008114856
4854.75,0.0483341197822141,0.00100070054446459
4855,0.0881626611751784,0.00236871907742992
4855.25,0.0548119999999999,0.00325179999999996
4855.5,0.092584,0.00247553333333329
4855.75,0.164947718383312,0.0159226988265971
4856,0.124786801677149,0.00364237442348002
4856.25,0.0350293474926253,0.00434354542772853
4856.5,0.153951530494822,0.0272957008055235
4856.75,0.0355748367688022,0.00515645905292474
4857,0.146575385719411,0.0117213026193039
4857.25,0.140236321013727,0.00752917888067581
4857.5,0.18336855378281,-0.00186211477097271
4857.75,0.202011461693548,0.00479718084677417
4858,0.102864728101266,-0.0039373831898734
4858.25,0.136795030737705,0.0108282274590163
4858.5,0.137834471678682,0.00958539485066934
4858.75,0.125724315361139,0.00768393828416409
4859,0.133134385270106,0.00490897231196801
4859.25,0.210889131736527,-0.00277926736526938
4859.5,0.160077515002459,0.000718748983439841
4859.75,0.0845585582010581,-0.00308001005290996
4860,0.128183436692506,0.00552717571059423
4860.25,0.0632265979381443,-0.00292696363537708
4860.5,0.0608888615036744,-0.00152579762577726
4860.75,0.0876391897034135,0.0071691961947397
4861,0.0901189776504297,0.0128781712320916
4861.25,0.0567007334533093,-0.00364265066986599
4861.5,0.0714591079308289,0.00883060488968395
4861.75,0.0420997121401751,0.00472420611597823
4862,0.040295101228293,0.00339201973739931
4862.25,0.0430814545454545,0.00481270303030293
4862.5,0.0432320176457929,0.00823354013341936
4862.75,0.0414676481001726,0.00725088726252158
4863,0.0378900570687419,0.00105193544747072
4863.25,0.0387502648648648,0.00520441513513506
4863.5,0.0446020481283422,0.00636567205882343
4863.75,0.039652880624426,0.00785348668503211
4864,0.0396917504059382,0.00659899791231724
4864.25,0.0390432865329513,0.00578599140401144
4864.5,0.0400159261974584,0.00623002443792765
4864.75,0.0390931052233156,0.00609249512995202
4865,0.026261609090909,0.0026787797979797
4865.25,0.0676203571966842,0.022723745290128
4865.5,0.0437666162510055,0.00220740123357467
4865.75,0.0395237462331482,0.00259713983610883
4866,0.0793006227544909,-0.00277881032934131
4866.25,0.0258410893118593,0.00161506808199117
4866.5,0.0255130560957367,0.00072215726751432
4866.75,0.0310784538690476,0.00463129900793644
4867,0.0319495404530744,0.00520361598207611
4867.25,0.0526132714138286,0.0137785428276574
4867.5,0.0294413333333333,0.00545488266666661
4867.75,0.0344523555555555,0.0100920076190475
4868,0.0395989938461538,0.0126986667692307
4868.25,0.0407870259319286,0.0145146861156131
4868.5,0.0390115901639343,0.0146000054644808
4868.75,0.0400874243663123,0.0139574118288362
4869,0.036352,0.00657933333333325
4869.25,0.0336109170068026,0.00483186394557816
4869.5,0.0377077337770382,0.00771726289517464
4869.75,0.102650964705882,0.0336139058823529
4870,0.0370159792027729,0.008086567764298
4870.25,0.0395962023070097,0.0082926992014196
4870.5,0.037914,0.00777686666666664
4870.75,0.0402099367866549,0.0149688695346795
4871,0.0423167559893522,0.00770937781721381
4871.25,0.0369534117647058,0.00790234497737554
4871.5,0.0332447493872549,0.00818114031862741
4871.75,0.0395004857316333,0.00836955069823914
4872,0.0341435987878787,0.0113964901272726
4872.25,0.0356998422018348,0.0112711522935779
4872.5,0.036675347235387,0.0168878289415481
4872.75,0.033796,0.0120131999999999
4873,0.03859682209377,0.0162040513808606
4873.25,0.0382554893203883,0.0159453040776698
4873.5,0.0388810190664036,0.0164731483234713
4873.75,0.0398719121447027,0.00618864987080096
4874,0.0377525928777671,0.0167136323387872
4874.25,0.0344325390346614,0.0122892605118237
4874.5,0.0337342447916666,0.0119529147135416
4874.75,0.0386058563389606,0.0165568850711684
4875,0.0383587088274045,0.00599000527009221
4875.25,0.0401935770750987,0.00774081007905133
4875.5,0.0375444578313252,0.0152624337349397
4875.75,0.03860274251497,0.0166303257485029
4876,0.0388945841650033,0.0168043347970725
4876.25,0.0385852208835341,0.0163277901606425
4876.5,0.0380754455577822,0.0159613027388109
4876.75,0.0453390030395136,0.00608322053360341
4877,0.0352633333333333,0.0151466666666666
4877.25,0.0383783658854166,0.00867970377604164
4877.5,0.0356295633986928,0.0155974099346405
4877.75,0.0235041343570057,0.00359169603326926
4878,0.0393813333333332,0.0077106
4878.25,0.0256314684260131,0.0012379857115928
4878.5,0.0294527218045112,0.0014159962406014
4878.75,0.032802,0.00624799999999993
4879,0.102509231409256,-0.000791083255330197
4879.25,0.0567263135135135,0.0016798983783783
4879.5,0.141574472074468,0.0126579781914893
4879.75,0.109977694356373,-0.00120776537729863
4880,0.18799,0.0017754611111111
4880.25,0.180834353070175,0.00793108146929817
4880.5,0.25376671641791,0.0163700718550106
4880.75,0.196664484722942,0.0142381313999655
4881,0.209791352970544,0.00244835506739884
4881.25,0.202389597924773,-0.00256769980544744
4881.5,0.228255984666986,0.0100773596550072
4881.75,0.206666199936928,0.00771917216966251
4882,0.22209826831589,-0.00589725594671732
4882.25,0.247553333333333,0.0125101999999999
4882.5,0.222567925959642,0.0100060856926111
4882.75,0.215173078651685,0.00688080943820217
4883,0.221322478823005,0.00540915921533654
4883.25,0.154641432408236,0.0200040752014324
4883.5,0.166765561139028,0.00561886237246833
4883.75,0.161700266787934,0.0118927938153705
4884,0.196412772643253,-0.000751492347504588
4884.25,0.154636883957466,0.0118176627831714
4884.5,0.135988666666667,0.0141905333333333
4884.75,0.152530718214679,0.0145055577557756
4885,0.19898383212268,0.0176296839386601
4885.25,0.1988,0.0331333333333333
4885.5,0.225626904055391,0.0105668600065941
4885.75,0.203947861507128,0.0210113727087576
4886,0.163217316455696,0.0121348526582278
4886.25,0.134309234567901,-0.00441389629629623
4886.5,0.185933534777249,0.00164941038915296
4886.75,0.132920871738331,-0.00310276940830574
4887,0.137424813319164,0.00463484629826425
4887.25,0.119070922795463,-0.00536565678741305
4887.5,0.126262481851852,0.00117321451851851
4887.75,0.11780654368204,-0.00446156865391817
4888,0.120404473229706,-0.0044172055267702
4888.25,0.126783964099595,-0.0030266078980891
4888.5,0.11826596883222,-0.00240629791540168
4888.75,0.113427335043831,-0.00278900053453063
4889,0.098848734006734,-0.00304006939393934
4889.25,0.0929882226890756,0.000846630252100758
4889.5,0.0906351363301399,-0.00278240122819941
4889.75,0.0339735894616266,0.00450829993127139
4890,0.120842,0.0010224
4890.25,0.0295911260162601,0.000771533333333286
4890.5,0.0305773333333333,0.00401386666666657
4890.75,0.0315219242751018,0.00284882353223096
4891,0.0307557568684658,0.00343740812059314
4891.25,0.0320911241056007,0.00389575756229952
4891.5,0.0821631101256467,0.00300284345897998
4891.75,0.0323514541319181,0.00978584190042954
4892,0.0378006575963719,0.0146210090702948
4892.25,0.0390567011235955,0.0148812170786516
4892.5,0.0422065981399902,0.0140751678903573
4892.75,0.0400267393483709,0.0143527834586465
4893,0.0579207429009976,0.0146203548733691
4893.25,0.0380981226584551,0.0118302215037208
4893.5,0.0805108907779495,0.00709273905203496
4893.75,0.0389381378776142,0.0127662143041569
4894,0.108146621769773,0.0294170180109631
4894.25,0.0489426666666666,0.0168885333333333
4894.5,0.0482615156785243,0.0158912181291172
4894.75,0.0362864089815557,0.0102179874899759
4895,0.0387186666666666,0.0125433333333333
4895.25,0.0456293333333333,0.0181759999999999
4895.5,0.0365841086419753,0.0111080931687243
4895.75,0.0393813333333332,0.0142946666666666
4896,0.0405781284403669,0.0171723991103697
4896.25,0.0418443670286828,0.0176010522417153
4896.5,0.0365413333333333,0.00677813333333329
4896.75,0.0374258573458368,0.0161292146632566
4897,0.0373614005123825,0.0125799146029035
4897.25,0.0369997323984808,0.0116542050832603
4897.5,0.0416423371179038,0.0167232593886463
4897.75,0.0321681837223219,0.0111854317773788
4898,0.0334479352869353,0.0128011786324786
4898.25,0.0398181697191696,0.0163812517704517
4898.5,0.0376773333333333,0.0139112666666666
4898.75,0.0314293333333333,0.01048954
4899,0.0341746666666666,0.00811293333333325
4899.25,0.040896,0.0173760666666666
4899.5,0.0345218639951427,0.00937292252580442
4899.75,0.0443513333333333,0.00993999999999996
4900,0.0400656872727272,0.0153506389090909
4900.25,0.0347106457757296,0.00966128737327186
4900.5,0.037914,0.0142662666666666
4900.75,0.03496443454039,0.0099113275147013
4901,0.0400800756756756,0.011843993993994
4901.25,0.03932206006006,0.0157998879879879
4901.5,0.041822817204301,0.0157617964157705
4901.75,0.0300440127737226,0.00632680395377128
4902,0.0318369163636363,0.00776972363636358
4902.25,0.0306800458107293,0.00440996021699813
4902.5,0.0546226666666666,0.0115398666666666
4902.75,0.0484388532477946,0.00671055332798713
4903,0.0443986666666666,0.00374406666666661
4903.25,0.142747211331962,0.042512405757368
4903.5,0.0936385682847896,0.00253397238403444
4903.75,0.204131608857535,0.0276764483637076
4904,0.196168801674516,0.0279218367346938
4904.25,0.231483414161009,0.0119001371483996
4904.5,0.143372666666667,0.00258487333333332
4904.75,0.140057806451613,0.00408930683870957
4905,0.220239515477793,0.00420839838492596
4905.25,0.154093826937547,-0.00700426486079755
4905.5,0.243036128170894,0.00174341705978331
4905.75,0.1596830625,-0.0057416249999999
4906,0.255375296703297,0.0149347256849817
4906.25,0.192199435518888,0.00783034737299167
4906.5,0.218312411347518,0.00509522184397157
4906.75,0.193244044504586,0.000137019004660899
4907,0.234581642066421,0.00610814506457556
4907.25,0.185419103222793,0.0160285567491826
4907.5,0.186493333333333,0.00846793333333332
4907.75,0.193484033930254,0.0283112667295004
4908,0.147563808146766,-0.00548337459577106
4908.25,0.131128891554702,0.00424499596928976
4908.5,0.173187460477632,0.0663492014799864
4908.75,0.144442053959965,0.00545091161009567
4909,0.157288666666667,0.00909273333333325
4909.25,0.190199661261261,0.0269839913513513
4909.5,0.0567433685772584,0.00317596920793909
4909.75,0.061131,-0.00139480645161286
4910,0.0590569432245302,-0.0030459969139465
4910.25,0.0438079999999999,0.00489386666666657
4910.5,0.0445125539057456,0.0084774183344092
4910.75,0.0428561334196891,0.00749367292746111
4911,0.0420576681730148,0.0056928753389283
4911.25,0.0420250463917525,0.00316412353951889
4911.5,0.0399788666232921,0.000671568536109241
4911.75,0.0368049278215223,0.000572467782152171
4912,0.0399186986597492,0.00145115650670119
4912.25,0.0619617201484391,0.015075124208688
4912.5,0.0465604772166105,0.00362503209876538
4912.75,0.0487081095636025,0.00605385422469823
4913,0.0255922727272727,0.002610505050505
4913.25,0.0687762607385079,0.0231121853805576
4913.5,0.084796079587325,-0.00260314846475065
4913.75,0.0409375527359238,0.00269004229447522
4914,0.0815731896207584,-0.00285844441117763
4914.25,0.0471295554003724,0.0135231035847299
4914.5,0.0307666666666666,0.00180623999999989
4914.75,0.0316576971004074,0.00286109412892398
4915,0.0308003627522489,0.00344239348407486
4915.25,0.03187891241056,0.00386999575622995
4915.5,0.035392787567303,0.0162806822809593
4915.75,0.0372350987379361,0.0117745971294233
4916,0.0467534192570129,0.00467061935809957
4916.25,0.175228,0.0163252666666666
4916.5,0.184739376443418,0.0346828714395688
4916.75,0.0399086426380367,0.0158647430981595
4917,0.040248962962963,0.0160995851851851
4917.25,0.0415157496012758,0.0148887339712918
4917.5,0.0320228089171974,0.00914497523885341
4917.75,0.0403578867521367,0.0155855164529914
4918,0.0404429242298085,0.0136930879822369
4918.25,0.0399163446187723,0.0133322482796587
4918.5,0.0660190315614617,0.00767607890365439
4918.75,0.041038,0.0161643333333332
4919,0.0392070109829763,0.0120978931356397
4919.25,0.0389408060708263,0.0106447677908937
4919.5,0.0401523996655518,0.00591644899665545
4919.75,0.0410853333333332,0.0124297333333333
4920,0.0397472897413542,0.013028015111886
4920.25,0.0372986666666666,0.0145408
4920.5,0.0360839425587467,0.0113737530316216
4920.75,0.0340161171497584,0.00865089553140094
4921,0.0352461722983257,0.0107061429528157
4921.25,0.0390142399267399,0.0103281333333332
4921.5,0.036778,0.00750706666666657
4921.75,0.040186,0.0169831999999999
4922,0.0341433424992361,0.00941542865872281
4922.25,0.0330386666666666,0.0103565333333333
4922.5,0.0366020463392029,0.00907437554525786
4922.75,0.0338586339004411,0.0111884815374921
4923,0.039334,0.0156199999999999
4923.25,0.0339874971428571,0.0121377137142856
4923.5,0.0347856562598549,0.00951531655629135
4923.75,0.0331333333333333,0.0119090666666666
4924,0.0356893333333333,0.0115209333333333
4924.25,0.0360679999999999,0.0117433999999999
4924.5,0.0412356915328927,0.0163287663833805
4924.75,0.03621,0.00865726666666657
4925,0.0395233333333333,0.0141526666666666
4925.25,0.0442093333333333,0.0153833333333333
4925.5,0.0335593333333333,0.00875193333333325
4925.75,0.0317312586419753,0.0107063441975308
4926,0.0394182417994376,0.00771782642924077
4926.25,0.043168,0.0129598666666666
4926.5,0.0329946862925482,0.00499937941245008
4926.75,0.0398546666666666,0.00669293333333329
4927,0.106179529442692,0.00533120559411141
4927.25,0.0872675089762251,0.00446529024745266
4927.5,0.0917774636174635,0.00236977629937623
4927.75,0.103505668421053,0.00472206052631578
4928,0.12741962248996,0.00319373397590359
4928.25,0.12121994865811,0.00664387677946319
4928.5,0.193959978009896,0.0131467019241341
4928.75,0.206958961273978,0.00516213427433947
4929,0.146338464298529,0.0117023565482597
4929.25,0.0483949451836082,0.0183985447578499
4929.5,0.109471883905013,-0.00224360981635882
4929.75,0.106497362229102,-0.004700507739938
4930,0.133686322884013,0.000597957993730322
4930.25,0.116702482628139,0.00469047932576538
4930.5,0.137763569172674,0.00958046409200128
4930.75,0.118952715396578,0.00227602811819589
4931,0.116060757268425,0.00500115070993907
4931.25,0.172373995006242,0.00807884712858925
4931.5,0.141080829875519,-0.00338443153526967
4931.75,0.203523924909292,0.007574301056949
4932,0.135578217098943,0.0185920900096061
4932.25,0.128733529058116,-0.00561462024048091
4932.5,0.12972890260777,0.00510710292708885
4932.75,0.0836679633027522,0.00829175779816504
4933,0.18034,0.0308613333333332
4933.25,0.10466065625,0.0152029859374999
4933.5,0.0578133863847152,0.00323585891300307
4933.75,0.0611880784313725,0.00330658137254895
4934,0.0612297258160236,-0.00315806314540049
4934.25,0.0597193448940269,-0.0029032789210019
4934.5,0.0594218431144682,-0.00249290722448179
4934.75,0.0720809376241557,0.00328192352006348
4935,0.0589988836937462,-0.00409106315604903
4935.25,0.0616635070061179,-0.0030807722518255
4935.5,0.0542774839506172,0.0107749804526749
4935.75,0.0489490968553459,0.00608340503144645
4936,0.0397126666666666,0.00144366666666661
4936.25,0.061197257367387,0.0148891324165028
4936.5,0.0461506693602694,0.0035931259259259
4936.75,0.0494724308263695,0.00614885051067776
4937,0.0448646183310533,0.00520011381668939
4937.25,0.0906291134453781,0.000825151260504109
4937.5,0.0884941488577745,-0.00271667521493485
4937.75,0.0853421755687438,-0.00288901528189903
4938,0.117230840085288,0.0110287675906183
4938.25,0.137837031690955,0.0145902979875086
4938.5,0.0363502776280323,0.00476476981132071
4938.75,0.0330143719739292,0.00294618929236495
4939,0.183257116104869,0.0201678026217227
4939.25,0.0254360014164305,0.00267338532577903
4939.5,0.0347196809356725,0.0141957549473684
4939.75,0.0388133333333333,0.0133290666666666
4940,0.0373852609819121,0.0160014552971575
4940.25,0.0447675695067264,0.0143772771300448
4940.5,0.0572733333333333,0.0119942666666666
4940.75,0.0406763112105393,0.0168239115088242
4941,0.0428062280178837,0.0146947461997019
4941.25,0.038421986143187,0.0119307875288683
4941.5,0.0398667197170644,0.00873000766283523
4941.75,0.0393847988878591,0.00754914902687665
4942,0.0383696051660516,0.00776727773677734
4942.25,0.0393681777777778,0.00854691555555546
4942.5,0.0413578063279002,0.009450474400767
4942.75,0.0396475442241107,0.0162019407617248
4943,0.0392696660365469,0.0154246717076244
4943.25,0.0391439588785046,0.0155214714641744
4943.5,0.0408003368421052,0.0106664421052631
4943.75,0.0394238330122029,0.00849885960179833
4944,0.048658528802589,0.00915841637540453
4944.25,0.0470123700097371,0.00870807971437836
4944.5,0.0314879365079364,0.0068223862433862
4944.75,0.0375979518699187,0.0155473883577236
4945,0.0320929428950863,0.0076814173970783
4945.25,0.0469589229249011,0.0071676604743082
4945.5,0.0463902166666666,0.00855071933333329
4945.75,0.0472825679758307,0.00872727995971795
4946,0.0334979980079681,0.007718279880478
4946.25,0.031666,0.00696273333333325
4946.5,0.0452077842938995,0.0060072556791371
4946.75,0.0315088158415841,0.0105627754455445
4947,0.0465298583417254,0.00751636173212486
4947.25,0.0313379848797251,0.00672957030927831
4947.5,0.0313346666666666,0.00754019999999989
4947.75,0.0320614876033057,0.00891900826446279
4948,0.0313996089810016,0.00666885955094983
4948.25,0.0392205931972788,0.0176634089795917
4948.5,0.0307193333333333,0.00709526666666664
4948.75,0.0473277416234888,0.00774797126079446
4949,0.0317091150259067,0.00852654328151983
4949.25,0.0363617307162534,0.0148898686639118
4949.5,0.0282981868321268,0.00258149734574275
4949.75,0.0279554570446735,0.00461501951890025
4950,0.0266122259414225,0.0047052680334728
4950.25,0.0313163472803346,0.00438853970711291
4950.5,0.0270656718587746,0.00624919439252329
4950.75,0.0282874661105317,0.00409386444212714
4951,0.0338906666666666,0.00709999999999993
4951.25,0.0231215843881856,0.00267151230661032
4951.5,0.0335222921265636,0.00678010816777041
4951.75,0.0268209728506787,0.00404778710407238
4952,0.0264827614781635,0.00404183043673008
4952.25,0.0259949689667761,0.00415636436655709
4952.5,0.0830323008849558,0.00917973451327426
4952.75,0.0262862079243911,0.00407130569247543
4953,0.027054450822809,0.00625634175277449
4953.25,0.0283026285714286,0.00817002544761894
4953.5,0.0293255656342182,0.00333266460176985
4953.75,0.0302690200364298,0.00451446193078324
4954,0.0300321911062109,0.00302016517456812
4954.25,0.0303234404371585,0.00234338797814202
4954.5,0.0377504802561365,0.00524233084311624
4954.75,0.0271279166666666,0.00476035963768111
4955,0.0279129213973799,0.00434515866084423
4955.25,0.029472355001484,0.00491990590679721
4955.5,0.040378218025751,0.00831149768240336
4955.75,0.049283913590844,0.0130132212875536
4956,0.0224919874105865,0.000836361716738134
4956.25,0.0247290639386189,-0.00012648774083537
4956.5,0.034434694754944,0.00495859604471188
4956.75,0.0435571496196111,0.0032769542857142
4957,0.0289206666666666,0.00302933333333329
4957.25,0.0182761659751037,0.00161673775933603
4957.5,0.0702549219015279,0.0291820848896434
4957.75,0.0354815134255492,0.00162248576078103
4958,0.0435347274206671,0.00395933897477618
4958.25,0.0196123012111637,-0.00134214302264341
4958.5,0.0282801805337519,0.00509706436420714
4958.75,0.0367254288039055,0.00717426981285592
4959,0.0214036501860712,-0.000744884742158423
4959.25,0.036843215654952,0.00612950031948875
4959.5,0.0396585208722741,0.00100065851713394
4959.75,0.0277385286195286,0.0070358848484848
4960,0.0428016175763817,0.00728758819086843
4960.25,0.0396053152589502,0.00544690677789354
4960.5,0.041434781893004,0.00748560109739368
4960.75,0.0426031392055267,0.00844497298791017
4961,0.0260849999999999,0.00419709999999995
4961.25,0.0420601652892562,0.00752952066115699
4961.5,0.0420295778251599,0.00689790987917547
4961.75,0.042040587691213,0.00633521558164346
4962,0.0429184761904761,0.0070644571428571
4962.25,0.025701516558341,-0.00188036830702561
4962.5,0.0260823142050799,0.00507419567262456
4962.75,0.0444332750387596,0.00936205339534875
4963,0.0464026939534883,0.00829966883720923
4963.25,0.0243811164362518,0.00340533929953913
4963.5,0.0375479612825166,0.00289896479128847
4963.75,0.0483327881040891,0.0106399262701363
4964,0.0320456737588652,0.0068982039007092
4964.25,0.0337530844444444,0.00794495679999996
4964.5,0.0334643657281259,0.00727132861035415
4964.75,0.035029679929266,0.011001949071618
4965,0.0369341787742899,0.00982704526158436
4965.25,0.0328838832116788,0.00789024209245734
4965.5,0.037296485407066,0.0143211035330261
4965.75,0.0383462091254753,0.0154421220532319
4966,0.0385509867674858,0.0150518926275991
4966.25,0.0398352317880794,0.0170390461684011
4966.5,0.0478530358874878,0.00836717439379237
4966.75,0.0390127029608404,0.0164042504934734
4967,0.0326599999999999,0.00722779999999993
4967.25,0.0318203111111111,0.0101104177777778
4967.5,0.0332745265151514,0.00792093749999989
4967.75,0.0392585752636625,0.016945909683605
4968,0.0392100097560975,0.0164304113170732
4968.25,0.0314596998389694,0.00681784760064406
4968.5,0.0483276553287981,0.00846916151603493
4968.75,0.0375979518699187,0.0155473883577236
4969,0.0346684446620959,0.0117237202742409
4969.25,0.0307193333333333,0.0066882
4969.5,0.0383112351778656,0.016088819828722
4969.75,0.0326616136363636,0.010577265340909
4970,0.0371203453893776,0.0153115513848159
4970.25,0.0324898265204386,0.00755876051844461
4970.5,0.0332129435797665,0.00696476848249026
4970.75,0.0315400745874587,0.0105732543894389
4971,0.0468595233299764,0.00756961530714998
4971.25,0.0335257067468269,0.0131454816299265
4971.5,0.0495627571189279,0.00875055376884422
4971.75,0.037857380952381,0.015721
4972,0.0468606755011892,0.00837136561331965
4972.25,0.039300963265306,0.0176996044897959
4972.5,0.0308300971659918,0.00948072773279348
4972.75,0.036042373063973,0.00777060336700334
4973,0.0390185874454514,0.0172088031554212
4973.25,0.0340410506072874,0.00776724669365722
4973.5,0.0282981868321268,0.00258149734574275
4973.75,0.028070618556701,0.00463403092783495
4974,0.0330076551724137,0.00506307899686518
4974.25,0.0224385167007497,0.00074480790729379
4974.5,0.0272628203530633,0.00629471401869151
4974.75,0.0265261947643978,0.00335525629319366
4975,0.02343,0.00313819999999993
4975.25,0.0228146666666666,0.00230181999999996
4975.5,0.0241399999999999,0.00165193333333332
4975.75,0.0338906666666666,0.00603026666666664
4976,0.025780924464487,0.00297114588500553
4976.25,0.025483642017444,0.00274542509215013
4976.5,0.028195962207105,0.00803561148903999
4976.75,0.0252171531531531,0.00517238198198188
4977,0.0322595897435897,0.00585939487179487
4977.25,0.0729554902807775,0.000984993376529868
4977.5,0.0266818767567568,0.00503855299459451
4977.75,0.0303022826958105,0.00451942287795984
4978,0.0351466173120728,0.00602035254365977
4978.25,0.0378670921348314,0.00594255161797752
4978.5,0.026412924078091,0.00484859154013008
4978.75,0.0270983333333333,0.00475516840579701
4979,0.0280045393013099,0.00435942066957779
4979.25,0.0838969559082892,0.00177775985890652
4979.5,0.0255940900709219,0.00502384921985815
4979.75,0.0255796600070101,0.00480709867507877
4980,0.0417878153953326,0.00673158542668056
4980.25,0.0354658093249826,0.00537161196938057
4980.5,0.0272885300429184,0.00593585901287553
4980.75,0.0306725731584258,0.00319273602421793
4981,0.0262014170212765,0.00329677170212761
4981.25,0.0260094742547425,0.00726762926829268
4981.5,0.0228776481861738,0.00432560574948658
4981.75,0.0243609859829059,0.00619751111111105
4982,0.027813730125523,0.00660990690376565
4982.25,0.0256073333333333,-0.000586933333333321
4982.5,0.0274333416149068,0.00595341614906828
4982.75,0.0264993621399176,-0.000864417695473246
4983,0.0263714285714285,0.00463729239465567
4983.25,0.0278318545081966,0.00545218893442613
4983.5,0.0245905220883533,0.00476907095046851
4983.75,0.0271471488215488,0.00688588121212115
4984,0.0429786666666666,0.00731773333333332
4984.25,0.0403949280500521,0.00555550198123044
4984.5,0.0417344135802469,0.00753973251028806
4984.75,0.0256491924227317,0.0039498821934197
4985,0.0262435714285714,0.00422261428571427
4985.25,0.0410566537678208,0.00516181568228104
4985.5,0.0256389811565952,0.00334056706952556
4985.75,0.0321785791366906,0.00256526873501194
4986,0.0342994469830111,0.00467590527240766
4986.25,0.0312569653524492,0.00284970418160085
4986.5,0.0352788857142856,0.00379342857142851
4986.75,0.031178790980052,0.00575935004336504
4987,0.028904450997398,0.00562979875108409
4987.25,0.0329038231653404,0.00986170539345706
4987.5,0.0382713623714458,0.00295481640653351
4987.75,0.0402138015803336,0.00902483347966052
4988,0.0319590638297872,0.00687956010638295
4988.25,0.038292795640327,0.0145617797154102
4988.5,0.0334342718740539,0.00726478964577657
4988.75,0.0397126666666666,0.0155726666666666
4989,0.0376637186379928,0.0161835550776583
4989.25,0.042724821583986,0.00895096814621407
4989.5,0.0512093706293705,0.015813263986014
4989.75,0.038346619173263,0.0170555196716505
4990,0.0387406367980883,0.0158281818399044
4990.25,0.0356745159420289,0.0093797988869565
4990.5,0.0401007343162763,0.00824936171147726
4990.75,0.0453765741543798,0.00965852471812661
4991,0.0339083856893542,0.0116934273996509
4991.25,0.0374217082228116,0.0145150868258178
4991.5,0.0368726666666666,0.0092868
4991.75,0.0512631671232876,0.0153978315981734
4992,0.0410469358255451,0.00837017009345789
4992.25,0.034506,0.00679233333333325
4992.5,0.0366408454976303,0.0168719419905213
4992.75,0.0341817124681934,0.00793435839694647
4993,0.036670432330827,0.00670396146616534
4993.25,0.0346006666666666,0.00948086666666664
4993.5,0.0364727113237639,0.0159821067942583
4993.75,0.0347623127413127,0.00711370656370648
4994,0.037935502726981,0.0167946092396535
4994.25,0.0362442573320719,0.00825326748659729
4994.5,0.0357366666666666,0.0156768
4994.75,0.0368369719264278,0.00754235818005805
4995,0.0384178694953391,0.0157022422372228
4995.25,0.0367306666666666,0.00922999999999993
4995.5,0.0377765628042843,0.00579715806556308
4995.75,0.0379550713359273,0.0179921182879377
4996,0.0406766935431006,0.00795951655195012
4996.25,0.0424560181759169,0.00733117747484572
4996.5,0.0355946666666666,0.0157146666666666
4996.75,0.0368117302052786,0.0172165630498533
4997,0.0372263123181376,0.00804050552861292
4997.25,0.036281413592233,0.0162321532686084
4997.5,0.034736453024453,0.0101424779279279
4997.75,0.0273586666666666,0.00365271333333325
4998,0.0280888085106382,0.00618185496260475
4998.25,0.0317419363222872,0.00338327225471075
4998.5,0.0340326666666666,-5.94506666666667e-05
4998.75,0.048378059891107,0.00100161027223228
4999,0.0898335192150449,0.00340715241210138
4999.25,0.0905219084084084,0.0247265495495495
4999.5,0.080278463483146,0.00904193974719099
4999.75,0.112571689594356,-0.00161169248677247
5000,0.126339795180723,0.00316666843373489
5000.25,0.0593086666666666,0.004686
5000.5,0.187980442048517,0.0131728003234501
5000.75,0.129863104925053,-0.00106328961456097
5001,0.184697362869198,0.00415332274964832
5001.25,0.169663783510369,0.0214337160681166
5001.5,0.0928687358742895,-0.00113543029087252
5001.75,0.213680891265597,0.017023402268676
5002,0.207420494425594,0.0119621956374212
5002.25,0.193593333333333,0.0103882466666666
5002.5,0.195107315662651,-0.000530388819277076
5002.75,0.212259711273317,-0.00705953057583126
5003,0.0916807839418366,-0.00516177967441123
5003.25,0.185722041587902,0.0118634691871455
5003.5,0.187020647188187,0.00849187659440769
5003.75,0.143704,0.00614859999999996
5004,0.0555433299017314,0.000179782498830066
5004.25,0.168506666666667,0.00709999999999993
5004.5,0.149005333333333,0.000156199999999929
5004.75,0.130562470848207,0.0217761574026857
5005,0.148633132302405,-0.00509464281786941
5005.25,0.199864877880977,0.0099649611283109
5005.5,0.13493958516964,0.0110933389996501
5005.75,0.104192945931185,0.0130934392135444
5006,0.0614078227497527,-0.00316724890207709
5006.25,0.0599327552986512,-0.0029136539499036
5006.5,0.0603593236490412,-0.00253223707147006
5006.75,0.0721244910607866,0.00328390655542309
5007,0.0418464557779212,0.0056642858833656
5007.25,0.0691618509615384,0.0241831233974359
5007.5,0.0556168419753086,0.0110408652263374
5007.75,0.0507482398322851,0.00630700293501046
5008,0.0486271918158567,0.0025567868712702
5008.25,0.0621226596812922,0.0151142803754639
5008.5,0.0463082877665544,0.00360539753086411
5008.75,0.0480827558031569,0.0059761299907149
5009,0.0268325136363635,0.00273701414141411
5009.25,0.0695118357196684,0.0233593745290128
5009.5,0.0450949959774738,0.00227439903459369
5009.75,0.0399950150674067,0.002628107322231
5010,0.0780447305389221,-0.00273480202095799
5010.25,0.0303149714285714,0.00380689727142854
5010.5,0.180245333333333,0.0139159999999999
5010.75,0.134380493464052,0.00710344061624646
5011,0.0277806104815863,0.00495240084985826
5011.25,0.0406828448652585,0.00539273182811355
5011.5,0.0311130064701653,0.0040109538461538
5011.75,0.0371796481069042,0.0117570623608017
5012,0.0466468385140257,0.00465997204953242
5012.25,0.172940076804915,0.0161121103430619
5012.5,0.0429981525291829,0.0137432904280156
5012.75,0.167051277604167,0.0260943489583333
5013,0.0401684408602151,0.0166769915053763
5013.25,0.0411524455077087,0.0147584427432216
5013.5,0.0404226666666666,0.0155821333333333
5013.75,0.0381206030995534,0.0139759779353821
5014,0.042316,0.012496
5014.25,0.0388772183544303,0.0156549382911392
5014.5,0.0478629200748462,0.0135312069500134
5014.75,0.0432382489829129,0.0172099609438568
5015,0.0408013333333333,0.0157714666666666
5015.25,0.041038,0.0156247333333333
5015.5,0.044465871256647,0.0170066600055975
5015.75,0.043983977086743,0.020086016202946
5016,0.0390176470588235,0.0147226588235293
5016.25,0.0359733333333332,0.0112132666666666
5016.5,0.0362730287206266,0.011433353484189
5016.75,0.0369825915655689,0.00482381629116112
5017,0.032376,0.0119199533333333
5017.25,0.0371093333333333,0.00889866666666661
5017.5,0.031666,0.0108298666666666
5017.75,0.036778,0.00878033333333329
5018,0.0411906542111506,0.0124659660735468
5018.25,0.0452506666666666,0.0165903333333332
5018.5,0.0322339999999999,0.0109529333333333
5018.75,0.0314293333333333,0.01048954
5019,0.0442027398523985,0.0185291442189422
5019.25,0.040896,0.0173760666666666
5019.5,0.0345997539026629,0.011805454912764
5019.75,0.0334014218455743,0.00875069874450711
5020,0.0332916976456009,0.0130660455390334
5020.25,0.0400814943820224,0.0150803069288389
5020.5,0.0323589086373557,0.0120149622700343
5020.75,0.0362441603773585,0.00866543389937105
5021,0.038908,0.016117
5021.25,0.0402439477362503,0.012806182193862
5021.5,0.0409906666666666,0.00991633333333332
5021.75,0.043168,0.0184647333333332
5022,0.0568413957597172,0.00837264782096584
5022.25,0.0377246666666666,0.00969481333333332
5022.5,0.0428366666666666,0.0138213333333332
5022.75,0.0292754739413681,0.00360386286644943
5023,0.0597352222222222,0.0115497555555555
5023.25,0.0903181831831832,0.0246709009009008
5023.5,0.133434774904214,0.015253751532567
5023.75,0.0619593333333332,-0.00387186666666661
5024,0.127188230923695,0.00318793421686737
5024.25,0.18951626146789,0.0166510307339449
5024.5,0.126335163546984,-0.000788407411608976
5024.75,0.126776923440625,-0.00535478668848877
5025,0.0362494444444444,0.00630219099491645
5025.25,0.0485245513571048,0.0184478177754124
5025.5,0.0360197209954433,0.00547195233087969
5025.75,0.107319101135191,-0.00473677708978323
5026,0.133129006269592,0.000595465203761658
5026.25,0.155216856269113,0.00968390444324512
5026.5,0.0396952673554467,0.00940326213521833
5026.75,0.114876454121306,0.00219803338517364
5027,0.12653268021539,0.0046655521973249
5027.25,0.126270983859649,0.012196629122807
5027.5,0.127481330518909,0.00465555679859276
5027.75,0.121882396039604,0.0103648752475247
5028,0.115927976811594,0.0104773722463767
5028.25,0.0599815807560137,-0.00277674129860732
5028.5,0.058155354814396,-0.00145729941586578
5028.75,0.0568454269275029,-0.00132241380897577
5029,0.0556077086567164,-0.00255494877611931
5029.25,0.0561296952609477,-0.00360596520695859
5029.5,0.0450116509511993,0.00747472026468149
5029.75,0.0591903333333332,-0.00135052688172039
5030,0.0408299919525624,0.00343704654807283
5030.25,0.0421665454545454,0.00471049696969695
5030.5,0.0451528220357219,0.00859935743490417
5030.75,0.0425624153713298,0.00744231442141614
5031,0.0953250199840127,0.0353344184652278
5031.25,0.0675728846153846,0.0236275256410256
5031.5,0.0534403851851851,0.0106088024691357
5031.75,0.0369716815398074,0.000575061487314084
5032,0.0391460786856895,0.00142306960657152
5032.25,0.0372449470899471,0.00119749576719573
5032.5,0.0459615272727272,0.0035784
5032.75,0.0497156239554317,0.00617907660167127
5033,0.0446089794801641,0.00517048353853166
5033.25,0.07171856066315,0.0241009419743782
5033.5,0.0873263375092114,-0.0026808246622451
5033.75,0.084394631058358,-0.0028569388724035
5034,0.0800780798403193,-0.0028060535678642
5034.25,0.11096395147232,0.00188178935217898
5034.5,0.0289638292349726,0.00402354672131147
5034.75,0.0322119219178082,0.0032207191826483
5035,0.0278793333333332,0.00496999999999993
5035.25,0.0297561911554921,0.00325901141226809
5035.5,0.0314293333333333,0.00405173333333329
5035.75,0.0372108842257598,0.0131959510853835
5036,0.0428441260744985,0.0150573300859599
5036.25,0.0419068112566714,0.0136693774866569
5036.5,0.0424238379833578,0.01414761360744
5036.75,0.0492550806293018,0.00501968603736475
5037,0.0403920434343434,0.0156270856565656
5037.25,0.0398073333333332,0.0150851333333333
5037.5,0.0422213333333333,0.0142473333333333
5037.75,0.113204567938931,0.00460308356234095
5038,0.0963233333333333,0.0091164
5038.25,0.0771887607361963,0.0166816641615541
5038.5,0.0618173333333333,0.0101387999999999
5038.75,0.0482904984756097,0.014756743902439
5039,0.0427893333333332,0.0160933333333333
5039.25,0.0404214721345951,0.0127450412723449
5039.5,0.0399656855151045,0.0159295182029434
5039.75,0.0385293333333332,0.0144887333333333
5040,0.0387028246471227,0.0109713270358306
5040.25,0.0355473333333333,0.00723205999999993
5040.5,0.0411326666666666,0.0185736
5040.75,0.0430605278008299,0.0153969716182572
5041,0.0367141337811363,0.00923301248250767
5041.25,0.0401251656821378,0.0163627299015471
5041.5,0.0408838810344827,0.0175284310344827
5041.75,0.0428839999999999,0.0110191999999999
5042,0.0370772595793719,0.0143816258138864
5042.25,0.0316856602675974,0.0103096625945317
5042.5,0.0424003966170895,0.0161026757655293
5042.75,0.0404111906453523,0.0174909866193013
5043,0.0546307614761476,0.0113635787578757
5043.25,0.0399966666666666,0.0165856
5043.5,0.0430435277280859,0.0163480357781753
5043.75,0.0405280228846732,0.0102005770551038
5044,0.0381376297629763,0.0145112496849684
5044.25,0.0398890523168909,0.0166825930044842
5044.5,0.0298135667566756,0.00861805796579655
5044.75,0.0372513333333332,0.0129598666666666
5045,0.0336364862466726,0.0115122058562555
5045.25,0.0387659999999999,0.0160933333333333
5045.5,0.0336417376952549,0.0123935783672266
5045.75,0.0430911202137132,0.0184318486791332
5046,0.0568916978798586,0.00838005724381617
5046.25,0.0377246666666666,0.00969481333333332
5046.5,0.0402931744386873,3.78339666090957e-05
5046.75,0.048564,0.0188434
5047,0.106430941114616,0.00534382881177704
5047.25,0.0819888628329599,0.00378373617127208
5047.5,0.130734666666667,0.000250866666666607
5047.75,0.126143333333333,0.041748
5048,0.126571186746988,0.003172468192771
5048.25,0.129902114969136,0.0168172621527777
5048.5,0.0402142003040668,0.0101124806157354
5048.75,0.0969386666666666,0.00324706666666657
5049,0.142669012742382,0.0119262377839334
5049.25,0.135828434961632,0.00652471794871792
5049.5,0.12499030994152,0.00550301900584788
5049.75,0.127823883557951,0.00286712161725057
5050,0.0354007304159913,0.00543290005402478
5050.25,0.034722862358525,0.00465975151515148
5050.5,0.0385776962117093,0.00913852492296533
5050.75,0.132359849904762,0.00669202994285705
5051,0.13399163030303,0.00657595545454539
5051.25,0.138259134489403,0.00330171067437377
5051.5,0.0496154858338087,0.000274571135196738
5051.75,0.0348481397786837,0.0054654782760629
5052,0.131211651665693,0.00307616317942714
5052.25,0.0608013745704466,-0.00281469220473861
5052.5,0.059863796495195,-0.00150011079706045
5052.75,0.0567779946298427,-0.00132084510932102
5053,0.0554069588059701,-0.00254572513432828
5053.25,0.0558551184103811,0.00909334371451736
5053.5,0.0305077042223636,0.000838372459155426
5053.75,0.0411822215269086,0.00462125019190653
5054,0.0397092685302837,0.00334270465904273
5054.25,0.0418705454545454,0.00467743030303021
5054.5,0.0374696373962429,0.0003231756225425
5054.75,0.0436877385620915,0.00706025060690943
5055,0.0437293531914894,0.00576186988179666
5055.25,0.0425397875202968,0.00618193755509155
5055.5,0.0406489260042282,0.00716793784355178
5055.75,0.0384455872359963,0.00761437511478416
5056,0.0379264838784504,0.00630551148225468
5056.25,0.0383898424068768,0.00568915472779368
5056.5,0.0394653812316715,0.00614431085043983
5056.75,0.0378255321725965,0.00589494923038102
5057,0.0252772909090909,0.00257837575757576
5057.25,0.0674627339864355,0.0226707761868876
5057.5,0.0453047401448109,0.00228497763475453
5057.75,0.0403406122125297,0.00265081681205385
5058,0.078881992015968,-0.00276414089321357
5058.25,0.0902646666666666,0.00971753333333329
5058.5,0.0329208651685392,0.00496650983146066
5058.75,0.197043692878682,0.0169760720018557
5059,0.0260686567164179,0.003309724054274
5059.25,0.0269037101845522,0.00425296503075871
5059.5,0.0348657665497076,0.0142554846315789
5059.75,0.0631462698961937,0.00629097670126868
5060,0.197257520215633,0.0191796452830188
5060.25,0.0397493107504116,0.0153779553046341
5060.5,0.185496,0.02367552
5060.75,0.175707737843552,0.0268757265680056
5061,0.180895674318508,0.029983493543759
5061.25,0.110949333333333,0.00879926666666664
5061.5,0.0403451122754491,0.014307616017964
5061.75,0.0967524325396825,0.013340251984127
5062,0.075506362307886,0.00563692416225741
5062.25,0.0399493333333333,0.0153549333333332
5062.5,0.0520267075978511,0.00861751465848039
5062.75,0.0500473092621664,0.0169045538461538
5063,0.0462079936558287,0.0160758413957177
5063.25,0.0386546783161239,0.0155376648133439
5063.5,0.0387659999999999,0.0158282666666666
5063.75,0.0400280977917981,0.00982980441640369
5064,0.0459290730923694,0.0151736751807228
5064.25,0.045298,0.0153880666666666
5064.5,0.036575644151565,0.0139875848434925
5064.75,0.0430247037344397,0.0153841621576763
5065,0.0368065351245452,0.00925624993003077
5065.25,0.0514085285635052,0.00982295435385467
5065.5,0.042742,0.0152555333333333
5065.75,0.0397532150170648,0.0158205447098976
5066,0.0397204603448276,0.0100748551149425
5066.25,0.0373447469399373,0.0124262166808994
5066.5,0.0305564100346021,0.0127342062283737
5066.75,0.0356269938864628,0.0143122234061134
5067,0.0439821496130696,0.0171341212955001
5067.25,0.0405880442117509,0.0078663043630017
5067.5,0.0368574951965065,0.0151930574672489
5067.75,0.0360679999999999,0.00778633333333332
5068,0.0358469156342183,0.013969892979351
5068.25,0.0371743803680981,0.0133856219106047
5068.5,0.0342393776223776,0.0137714181818181
5068.75,0.042495540229885,0.0138619788977306
5069,0.04047,0.0189333333333332
5069.25,0.0326975218271176,0.0112998649089332
5069.5,0.0348032467306015,0.0158843156059284
5069.75,0.0387941497797356,0.0145953480176211
5070,0.0305299999999999,0.00534866666666664
5070.25,0.0621759743589743,0.00336434244755235
5070.5,0.0507328004535147,0.00536961649659855
5070.75,0.0459606666666666,0.00783839999999989
5071,0.103339666919001,0.00706985859197575
5071.25,0.0970601731843575,0.00465434748603348
5071.5,0.121401003726708,0.00430198260869558
5071.75,0.129172666666667,0.0123634666666666
5072,0.194336399790685,0.0276610204081632
5072.25,0.144414,0.000691066666666572
5072.5,0.174855971821966,0.00261333653538262
5072.75,0.211679054307116,-0.00583893230337072
5073,0.154946764378479,-0.00679927087198514
5073.25,0.224568029670839,-0.00691707433163339
5073.5,0.154044160194914,0.0308088320389827
5073.75,0.178769278473465,0.00522044329159206
5074,0.162282989601386,0.00861566542460995
5074.25,0.232269033668561,0.00913969205655149
5074.5,0.21908451536643,0.00511324208037821
5074.75,0.155531227809357,-0.00317410668998679
5075,0.221618760588497,0.00541640039233169
5075.25,0.15478,0.020022
5075.5,0.141407405870601,-0.00339226586752719
5075.75,0.173320240852246,0.0101198184344604
5076,0.145914457659372,0.00161340913415793
5076.25,0.133260133396856,0.00850303982848974
5076.5,0.13952038038633,0.00675388291233276
5076.75,0.182521177664975,0.0163181498477157
5077,0.129187156964657,0.000842422626472562
5077.25,0.149923701792115,0.030894517562724
5077.5,0.057780961602671,0.00323404407345566
5077.75,0.060766576168929,0.00328380354449462
5078,0.0605885768545994,-0.00312499442136494
5078.25,0.0592925240847784,-0.00288252886319841
5078.5,0.0441506632235851,0.00840849623412949
5078.75,0.0412540349740932,0.00721353562176161
5079,0.038417354085603,0.00106657470817111
5079.25,0.0400101469072165,0.0030124189862542
5079.5,0.0452919251336897,0.00646413235294112
5079.75,0.0360902690288713,0.000561351902887116
5080,0.0389658006917423,0.00141651599654121
5080.25,0.0371212918871252,0.00119352001763658
5080.5,0.0464028588103255,0.00361276049382706
5080.75,0.049194495821727,0.00611430640668516
5081,0.0266750227272726,0.00272094949494944
5081.25,0.0905635826330532,0.000824554621848685
5081.5,0.0864829182019159,-0.00265493259641362
5081.75,0.0824363724035608,-0.00279064762611271
5082,0.0813937764471057,-0.00285215750997999
5082.25,0.0302716952380951,0.00380146272857135
5082.5,0.180370330097087,0.0139256504854369
5082.75,0.0329452560521415,0.00294002141526997
5083,0.0278793333333332,0.00496999999999993
5083.25,0.0297561911554921,0.00325901141226809
5083.5,0.0355999143416544,0.0163759605971609
5083.75,0.0431229270610596,0.0146183416488477
5084,0.043689810989011,0.0157207419780219
5084.25,0.0403037779460004,0.0142704876103961
5084.5,0.0388961756517337,0.0143911123766134
5084.75,0.0398470076687116,0.0158402415644172
5085,0.0428172024922118,0.0129774876427829
5085.25,0.0425803830455258,0.0141115453689168
5085.5,0.0319718577494691,0.00913042476114648
5085.75,0.106736666666667,0.0111091333333333
5086,0.0404226666666666,0.0151561333333333
5086.25,0.0397083101160861,0.0154394975124378
5086.5,0.0413527348993288,0.0145400018456375
5086.75,0.0404504178364987,0.0159391658133773
5087,0.0344773167082294,0.0105971637240232
5087.25,0.0397787443150305,0.00760015818080974
5087.5,0.0445032689616568,0.0170209633361321
5087.75,0.0366833333333333,0.00708579999999996
5088,0.0404092907204934,0.0109868740005606
5088.25,0.0395436538131961,0.0194873401885175
5088.5,0.0363835008665511,0.00557565337954932
5088.75,0.036256,0.0133363541666666
5089,0.0372328841857731,0.0123700115226337
5089.25,0.0411799999999999,0.0166849999999999
5089.5,0.0408013333333333,0.0169737333333333
5089.75,0.0373252540834845,0.0108409655172413
5090,0.0395953904588271,0.0161226739592829
5090.25,0.0343965789789789,0.00796129609609599
5090.5,0.0390973333333333,0.0133148666666666
5090.75,0.0358786666666666,0.0123113999999999
5091,0.044243479704797,0.0185462217712177
5091.25,0.03976,0.0160696666666666
5091.5,0.0328522339832869,0.0105495320334261
5091.75,0.03337,0.00874246666666657
5092,0.0376773333333333,0.00980273333333329
5092.25,0.039969011235955,0.015037986142322
5092.5,0.0412356915328927,0.0163287663833805
5092.75,0.0413612049335863,0.0168050623023403
5093,0.0396653333333333,0.0135799333333333
5093.25,0.0337163799814643,0.00885441456224892
5093.5,0.0418521247739602,0.0146931696805304
5093.75,0.0275699699754901,0.00331407117647056
5094,0.0343795885608856,0.00848849538745383
5094.25,0.0282149618087381,-0.0001877836113657
5094.5,0.0253706666666666,0.00568331333333329
5094.75,0.0483273333333332,0.007881
5095,0.0903593333333333,0.00563881999999993
5095.25,0.0824402007490636,0.000955417128589219
5095.5,0.0764100446980504,0.0114376881122205
5095.75,0.0352246302010285,0.00643004413277227
5096,0.0927268398817068,0.017721234051542
5096.25,0.14047980621118,0.0131095811180124
5096.5,0.0948932946626385,-0.00134818489425977
5096.75,0.145981807098765,0.0117231408950617
5097,0.0359930555555555,0.00625761619462599
5097.25,0.107543954397394,-0.00149768062975017
5097.5,0.12573591374269,0.00553584612573099
5097.75,0.128866492722372,0.00289050760107811
5098,0.141921836720143,0.0131541915151515
5098.25,0.154211131498471,0.00962115776218739
5098.5,0.0393299075584557,0.00931671343121258
5098.75,0.114814692586832,0.00219685164679444
5099,0.126601447976377,0.00466808782351919
5099.25,0.0348160110680685,0.00481196900940777
5099.5,0.0385232258064515,0.00996290322580643
5099.75,0.0349479339933993,0.00548112970297029
5100,0.131976288330411,0.00309408953828163
5100.25,0.129603243643644,0.0071942629829829
5100.5,0.0296816883116882,0.000458141001855225
5100.75,0.0327019213020189,-0.000120992249690965
5101,0.0291284123972168,-0.000464160067467757
5101.25,0.0679576805831676,0.0080001426110006
5101.5,0.0493243525377229,0.00650074636488338
5101.75,0.0341759001085776,0.000968958970683963
5102,0.0438368303845246,0.00559587530077848
5102.25,0.0352792846054333,0.00200233777490289
5102.5,0.0463877069597069,0.00862164963369956
5102.75,0.0435392418300653,0.00703625247432303
5103,0.0438190851063829,0.00577369314420797
5103.25,0.0385662405405405,0.00517969945945939
5103.5,0.0406489260042282,0.00716793784355178
5103.75,0.0382846147842056,0.00758249357208445
5104,0.0380602161911389,0.00632774530271393
5104.25,0.0386621107927411,0.00572950334288434
5104.5,0.0402477346041056,0.00626611436950144
5104.75,0.0379407660862982,0.00591290794852374
5105,0.0369194660220252,0.00491934837496639
5105.25,0.0676203571966842,0.022723745290128
5105.5,0.0440113177795655,0.0022197429337624
5105.75,0.0258131782945736,0.00101133720930225
5106,0.0405901790872328,0.0067227484113229
5106.25,0.0257645797950219,0.00161028623718879
5106.5,0.0296377543859649,0.00309242807017541
5106.75,0.0317864879825199,0.00351820772032041
5107,0.0280407228915663,0.0042672710843373
5107.25,0.0859674132539091,0.00256534683544302
5107.5,0.0301619724770641,0.00675053669724766
5107.75,0.059986367781155,0.00417276063829779
5108,0.0401877112820512,0.0128874575897435
5108.25,0.0401695721077654,0.0163702820919176
5108.5,0.0409050834008097,0.0150174025910931
5108.75,0.0478929803921568,0.00513343921568622
5109,0.0363820429752066,0.00658477079889805
5109.25,0.0483382533557047,0.00551497662192392
5109.5,0.0496683910960833,0.00857393519301201
5109.75,0.0395005987442922,0.0142455785958903
5110,0.0370799653379549,0.0081005462738301
5110.25,0.0351883786435786,0.00707541125541121
5110.5,0.0397114875444839,0.00806105195729529
5110.75,0.0404026393691234,0.00669475947831354
5111,0.0455935135135135,0.00747981360671006
5111.25,0.0319797734925007,0.00683332513008868
5111.5,0.0405270021665119,0.00722108895078916
5111.75,0.0391413904068001,0.00829346387370967
5112,0.0328160624804748,0.0104423366447984
5112.25,0.0322133308128544,0.0106047425330813
5112.5,0.0395192363413136,0.00810191503990169
5112.75,0.0402333333333333,0.00881346666666661
5113,0.0340501908396946,0.00752139312977097
5113.25,0.0355946666666666,0.00782419999999993
5113.5,0.0366012739336493,0.00722094900473925
5113.75,0.0385123699421965,0.0164527109826589
5114,0.0338824572183679,0.0111056525272546
5114.25,0.0378023788027478,0.0155834525351651
5114.5,0.0315088776788657,0.00945266330365974
5114.75,0.0318700129648583,0.00698397761856019
5115,0.0379481262729124,0.0161362032586558
5115.25,0.0313058762886598,0.00672267525773194
5115.5,0.039291049382716,0.0173499748971193
5115.75,0.0322618719008264,0.00897475206611563
5116,0.0465269779136935,0.00831175263336723
5116.25,0.0328900165289255,0.00626906528925616
5116.5,0.0361133881278538,0.00670946259220227
5116.75,0.0470325582037997,0.00769964711571667
5117,0.0317750383419689,0.00854426998272882
5117.25,0.036474538567493,0.0149360626721763
5117.5,0.0282106666666666,0.00257351333333329
5117.75,0.0289509818308875,0.00350633822501742
5118,0.0330076551724137,0.00506307899686518
5118.25,0.0270418291666666,0.00668401395833329
5118.5,0.0225075582905982,0.000454879644444405
5118.75,0.0221615238095238,-0.000295799999999958
5119,0.0270470957230142,0.00362582395112013
5119.25,0.0366447192982456,0.00808548
5119.5,0.0269157810494525,0.0057338195545488
5119.75,0.0267683921568627,0.00407490319108028
5120,0.0258395174746335,0.00297789848928964
5120.25,0.033228,0.00683493333333325
5120.5,0.0282665139186295,0.00580415269807272
5120.75,0.0279381504922643,0.00492878305203935
5121,0.0294174964028777,0.00427352575539563
5121.25,0.0231876413502109,0.0015474105485231
5121.5,0.0345596444444444,0.00710387502222213
5121.75,0.0333561567839196,0.00715451658291451
5122,0.0390094153645833,0.000523262604166572
5122.25,0.0266275247590561,0.00290321288800265
5122.5,0.0432776286178862,0.00382749801626015
5122.75,0.0252557609195402,0.00134823986863705
5123,0.0265189964227642,0.00230434367479674
5123.25,0.0325970734243015,0.0059982405458089
5123.5,0.0258692629521016,0.000838618963831776
5123.75,0.0244472088974854,0.00188530845647963
5124,0.158553026717557,0.0115114486005088
5124.25,0.0251119201787994,0.001081670945083
5124.5,0.0424106666666666,0.006603
5124.75,0.0391392495309568,0.0073468615384615
5125,0.0285348774603174,0.00200830735238095
5125.25,0.0352446654205607,-0.000193703925233544
5125.5,0.0219153333333332,0.00244239999999996
5125.75,0.035316905444126,0.00476398471824256
5126,0.021013558739255,0.00115312499204068
5126.25,0.0219469193185471,0.00256602809386046
5126.5,0.0214893333333332,0.00111706666666657
5126.75,0.0229902222222221,0.00235692177777776
5127,0.020458513547574,0.00111548739760548
5127.25,0.0341117318435753,0.00545787709497198
5127.5,0.0244198610852712,0.00223199430697666
5127.75,0.0257249032258064,0.00301066175115206
5128,0.0232509333333333,0.000352999999999965
5128.25,0.0347413968547641,0.00509229602220163
5128.5,0.0280811800766283,0.00409624117496803
5128.75,0.0275699466421343,0.00131796640294384
5129,0.0224030141643059,0.00249129989235121
5129.25,0.0228541732283464,0.00368999671916008
5129.5,0.0256894515919428,0.00334714298895381
5129.75,0.025442916981132,0.00381643754716974
5130,0.0271289236430542,0.00319312190739036
5130.25,0.0241184848484848,0.00252938496071826
5130.5,0.0343435188549407,0.00568476851087252
5130.75,0.0323286666666666,0.00631899999999996
5131,0.0372986666666666,0.00901699999999993
5131.25,0.024597756802721,0.00306409676870743
5131.5,0.0330458644628099,0.0100991385785124
5131.75,0.0394286666666666,0.00701953333333332
5132,0.0352159999999999,0.00836664
5132.25,0.0334343003908431,0.00996855064209934
5132.5,0.0409088111298482,0.00835674789207417
5132.75,0.0344400094444444,0.00588985746111101
5133,0.0434410799776286,0.0150219917785234
5133.25,0.043284046997389,0.00906812741514358
5133.5,0.0413038723404255,0.0166072021276595
5133.75,0.0355297209302325,0.0114929694096601
5134,0.0326126666666666,0.00791886666666661
5134.25,0.0322853777777777,0.00917057333333332
5134.5,0.0383650535601764,0.0152654026465027
5134.75,0.0460958450980392,0.00726804725490189
5135,0.0377533301343569,0.014697
5135.25,0.0317010222222222,0.0100725155555555
5135.5,0.0386357762777241,0.016053750433944
5135.75,0.0484211695906432,0.00852193762183228
5136,0.0319662811565303,0.00691807577268185
5136.25,0.0322830339321357,0.00671771956087818
5136.5,0.0308990873015873,0.00669480224867722
5136.75,0.0316954170013386,0.00682887884872817
5137,0.0476935296074517,0.00771006620093142
5137.25,0.0463948517786561,0.00708156245059284
5137.5,0.0381018929695697,0.00741678069254976
5137.75,0.046755609264854,0.00863001544142326
5138,0.0378182946708464,0.00803043385579935
5138.25,0.03748367013167,0.00766343395703392
5138.5,0.0314547128780156,0.00692003683316342
5138.75,0.0362573333333333,0.0067308
5139,0.0374012968804767,0.00787271293375389
5139.25,0.0377347771873893,0.00757550634077218
5139.5,0.0311726466735608,0.00750121240951393
5139.75,0.0376933768421052,0.0056326168421052
5140,0.0319294268508679,0.00609561785334745
5140.25,0.0383668757062147,0.00923559074858749
5140.5,0.0357308310502282,0.00663838777660689
5140.75,0.0371165921192757,0.00703311835285765
5141,0.0403683154574132,0.00863628769716082
5141.25,0.028542,0.00460411333333332
5141.5,0.0302927398119122,0.00729951222570527
5141.75,0.0290116121593291,0.003513681341719
5142,0.0332133103448276,0.00509462466039707
5142.25,0.0313163472803346,0.00438853970711291
5142.5,0.0342943509513742,0.00551176152219873
5142.75,0.0327546666666666,0.00733193333333329
5143,0.0282792568774562,0.00430865237584842
5143.25,0.0231215843881856,0.00267151230661032
5143.5,0.0329373210633947,0.0050647029652351
5143.75,0.0307311909650923,0.00354701129363447
5144,0.0511506446735395,0.00700490147766313
5144.25,0.0781811007268951,0.0022080238144686
5144.5,0.039045150273224,0.00244149795081966
5144.75,0.0260678370978782,0.00034411430527032
5145,0.0294479492977046,0.00427794969510105
5145.25,0.0231876413502109,0.0015474105485231
5145.5,0.0250716769394261,0.00250431863974488
5145.75,0.0279985563909774,0.00575003909774436
5146,0.0352229517638588,0.00513436832253417
5146.25,0.0262699999999999,0.00432484666666657
5146.5,0.0828699323254139,0.000578713894888391
5146.75,0.0280855384615384,0.00628378461538451
5147,0.0846849682539682,0.00110520259740258
5147.25,0.0267034006514657,0.00473820234527682
5147.5,0.0905959999999999,0.00665743333333332
5147.75,0.0255818280212483,8.98437583001326e-05
5148,0.0214893333333332,0.00205426666666657
5148.25,0.0695326666666666,0.00771533333333329
5148.5,0.0359282903225806,0.00249502016129025
5148.75,0.0309247628657921,0.00321898668012104
5149,0.0253825,0.00678136585365849
5149.25,0.0364586032977691,0.00565557581635949
5149.5,0.0341831141286776,0.00467518357581636
5149.75,0.0351823648519579,0.00474583620503019
5150,0.028684,0.00555693333333325
5150.25,0.0216907020872865,0.00176496299810246
5150.5,0.0213047875318065,0.00110747353689567
5150.75,0.0231688489634747,0.000540132675222036
5151,0.033796,0.00605487999999996
5151.25,0.0271617976782752,0.00524684112769485
5151.5,0.0320758688737422,0.00684869548847776
5151.75,0.0272032847152847,0.00538843423243417
5152,0.0262002633451956,0.0026106017793594
5152.25,0.190862402650357,0.00277772120285421
5152.5,0.0381776986089644,0.00655359994848011
5152.75,0.0342771667967733,0.00503988927400462
5153,0.0530974978019136,0.00316011140418927
5153.25,0.110440120610687,0.00638327938931295
5153.5,0.0403411935887803,0.00716755401953417
5153.75,0.326370956812217,0.00327307458840367
5154,0.0263627015032211,0.0021233177666428
5154.25,0.0345078458681522,0.0106343430826369
5154.5,0.0367265568862275,0.0070957591317365
5154.75,0.0252497962032384,0.00360982077051926
5155,0.0378827693574958,0.00865486490939044
5155.25,0.040815429346352,0.00961976631407638
5155.5,0.0458856900489396,0.00748064339314837
5155.75,0.0397886821192052,0.0150270794701986
5156,0.0706974334140436,0.0135368978208232
5156.25,0.04402,0.0164246666666666
5156.5,0.0422272876857749,0.00891517680467086
5156.75,0.0310506666666666,0.0103565333333333
5157,0.049194461662631,0.0084967955878396
5157.25,0.041592759092152,0.0129089144107191
5157.5,0.0363002241183163,0.00973397883959042
5157.75,0.0383873333333333,0.0102079066666666
5158,0.0365590881164107,0.0140135288601454
5158.25,0.0432887663551402,0.0137120604927782
5158.5,0.0455639758494804,0.00883305796124676
5158.75,0.0350266666666666,0.0106168666666666
5159,0.0347255294458949,0.009883274151436
5159.25,0.0485398545880972,0.011352906244503
5159.5,0.0417006666666666,0.00847266666666661
5159.75,0.0492035494411006,0.0100433681857265
5160,0.0437441711389386,0.00860223214072739
5160.25,0.0382080128205127,0.0181072756410256
5160.5,0.0398650194624652,0.00910795106580159
5160.75,0.0352926432532347,0.00959090573012932
5161,0.0361014893221913,0.00844263175487456
5161.25,0.0390142399267399,0.0103281333333332
5161.5,0.0321270064874884,0.0087546092678405
5161.75,0.0342838277511962,0.014139123444976
5162,0.0380086666666666,0.016827
5162.25,0.0353394629457364,0.0127514987286821
5162.5,0.0403467555555555,0.0173765066666666
5162.75,0.0365836842105263,0.00847126090225561
5163,0.038482,0.0175369999999999
5163.25,0.0405077871148459,0.0153171550575785
5163.5,0.0347856562598549,0.00951531655629135
5163.75,0.0344586666666666,0.0107446666666666
5164,0.0347707863737662,0.00761083381088823
5164.25,0.0346146846153845,0.0113869071794872
5164.5,0.0355599401626016,0.0156993352845528
5164.75,0.0352285225403093,0.0151790009871668
5165,0.0355921068502129,0.01538206273353
5165.25,0.0389453397312859,0.0144884244401791
5165.5,0.0332114037784182,0.00865953102785776
5165.75,0.0236398656429942,0.00361243730006391
5166,0.0366833333333333,0.0100914666666666
5166.25,0.0281375190956309,-0.000187268194317044
5166.5,0.0392272446043165,0.0105221872302158
5166.75,0.04852353,0.0188276971666666
5167,0.0401979995072677,0.00393447400837638
5167.25,0.0919085171135818,0.00350983632003485
5167.5,0.0849106541176469,0.0216531623529411
5167.75,0.168798301075269,0.0132769083870967
5168,0.195761601255887,0.0278638775510204
5168.25,0.144414,0.000691066666666572
5168.5,0.144665538364183,0.00260818258503401
5168.75,0.242234521055067,-0.00134317149467829
5169,0.222639946164199,0.00425426648721395
5169.25,0.153201524153499,-0.00696370564334076
5169.5,0.274174034025375,0.00875374927912331
5169.75,0.265780093696763,0.0098057108177172
5170,0.22501269328802,0.00201284939677143
5170.25,0.292415567719298,0.0145449493894737
5170.5,0.204866635645798,0.00802433750705016
5170.75,0.213179671024884,-0.00364774103753689
5171,0.202304833264605,-0.00713513402061854
5171.25,0.217348822567457,0.00600905568274727
5171.5,0.211287960033306,0.00150113272273097
5171.75,0.178869500623182,0.00217235576235976
5172,0.173782376835921,0.00869621586235828
5172.25,0.172246,0.00114546666666661
5172.5,0.165611268214338,-0.00476889325156951
5172.75,0.163016,-0.00615333333333325
5173,0.11887151189961,-0.00252938191259188
5173.25,0.241188801399825,0.033577264508603
5173.5,0.210959530791789,0.0251074877810361
5173.75,0.243394917188587,0.0119945394015309
5174,0.276509788617886,0.0266164184281842
5174.25,0.212667218086573,0.00839275985663072
5174.5,0.20874,0.00799459999999993
5174.75,0.0430097909967845,0.00532460276527331
5175,0.170780027378508,-0.00150192845995886
5175.25,0.199292274641954,-0.00664307582139848
5175.5,0.190498954193094,-0.00175645694150803
5175.75,0.200004072164948,0.0136021726804123
5176,0.194348905235829,0.0154821905668541
5176.25,0.0279347714033539,0.00284538296557807
5176.5,0.0363536387889688,0.00535777748201432
5176.75,0.252167999372844,0.014699549231734
5177,0.250641043652785,0.0244057601605619
5177.25,0.174137714440825,0.00748796887441186
5177.5,0.0339285969035627,0.00424581324379774
5177.75,0.176072536425121,0.0229291666859903
5178,0.0346035369946605,0.00292291456903118
5178.25,0.236919932126697,0.0116128826168928
5178.5,0.0328216029663434,0.00244579973759269
5178.75,0.0304701563691837,0.00477665903890153
5179,0.262379212720574,0.0253854256350591
5179.25,0.314864266984505,0.0543684545093365
5179.5,0.0278105803534731,0.00275272807233867
5179.75,0.181173645054031,0.00711449509559433
5180,0.127093585858586,0.0188743459595959
5180.25,0.232044864181933,0.017225416298168
5180.5,0.13565063724854,0.0122625523685918
5180.75,0.173524,0.0199841333333333
5181,0.0722774357615893,0.0092711894039735
5181.25,0.133381464123524,0.017548946185286
5181.5,0.120652666666667,0.00667399999999993
5181.75,0.191281005071461,0.0498849469801752
5182,0.0675931631399317,0.0186791743344709
5182.25,0.0458498733010827,0.00926734655609302
5182.5,0.0460695469348658,0.0141708791187739
5182.75,0.0488006666666666,0.0160459999999999
5183,0.0434993333333333,0.0121173333333333
5183.25,0.0417953333333333,0.0109150666666666
5183.5,0.039618,0.00985953333333325
5183.75,0.0400280977917981,0.00982980441640369
5184,0.0532606593175852,0.0110443798425196
5184.25,0.0433824211369095,0.0146073054176674
5184.5,0.0418426666666666,0.0107115333333333
5184.75,0.0401523996655518,0.017659488851728
5185,0.0373614005123825,0.0125799146029035
5185.25,0.0378520773448773,0.0162967642135642
5185.5,0.0424829165247019,0.0161966119250425
5185.75,0.056705015393227,0.0119936546319619
5186,0.0493155814345991,0.00920936506329113
5186.25,0.037331100289855,0.0094985857971014
5186.5,0.0382017915590008,0.0170982677002583
5186.75,0.039273935920047,0.00798269988242211
5187,0.0370293462555065,0.015577862907489
5187.25,0.0383323561076605,0.0166264234250221
5187.5,0.0467653333333333,0.018673
5187.75,0.0429224955116696,0.0164015098743267
5188,0.0381719261926192,0.0145242993699369
5188.25,0.0384346666666666,0.0166613333333333
5188.5,0.0405286731736172,0.0106972997338065
5188.75,0.040979598464718,0.0174862078535577
5189,0.0400913333333333,0.016543
5189.25,0.0387659999999999,0.0160933333333333
5189.5,0.0419373333333333,0.0125291333333333
5189.75,0.0430911202137132,0.0184318486791332
5190,0.0618698544321722,0.0217681455678278
5190.25,0.0267883937096321,0.00582232698680136
5190.5,0.035197143319838,0.00589777165991894
5190.75,0.0745879576250308,0.00816666873614188
5191,0.122606479734219,0.072182672868217
5191.25,0.0772006666666667,0.0122688
5191.5,0.253527619601007,0.0430286128220026
5191.75,0.192173333333333,0.0211106666666666
5192,0.228317586262237,0.0377566172363986
5192.25,0.15764585415699,0.00590520817464002
5192.5,0.185465850015029,-0.00450274872257279
5192.75,0.18611313392984,0.0175382201391848
5193,0.214302947543714,-0.0100513771856786
5193.25,0.155984486463973,0.00578819244759128
5193.5,0.23004174304419,0.00459611121112923
5193.75,0.266600463258786,0.00344537140575076
5194,0.227323575949367,-0.0106243860759494
5194.25,0.452026818718049,0.0404370546598505
5194.5,0.136668682749676,0.0155434562905317
5194.75,0.2235859199176,0.0188532195184756
5195,0.21628734996801,-0.0104837973128598
5195.25,0.173085017142857,0.00918066514285708
5195.5,0.161153789446186,0.013122793861024
5195.75,0.180958273881095,0.0012600759385437
5196,0.153976329207921,0.0029558336881188
5196.25,0.172025924190801,0.00114400312322542
5196.5,0.165039702146299,-0.00475243460359173
5196.75,0.163579825335063,-0.00617461593889603
5197,0.188780008470987,0.00051571481010867
5197.25,0.193667978810106,0.0141363488182559
5197.5,0.0553107092592592,0.00647263047619047
5197.75,0.378719321944113,0.0216954787445371
5198,0.0458479709119496,0.00374732641509428
5198.25,0.0285372721429489,0.00302542253760123
5198.5,0.282354116706635,0.0352824407140953
5198.75,0.0432195948553054,0.00535057643729903
5199,0.043489500805153,0.0054597208803005
5199.25,0.0409939396145033,0.00527602827874367
5199.5,0.0413355486593167,0.00518349671974947
5199.75,0.238086666666667,0.00551906666666664
5200,0.102888055922865,0.00898078608815418
5200.25,0.215547040759352,0.0116774385817979
5200.5,0.037675094174332,0.00627760665790617
5200.75,0.213035971578622,0.0191637269076305
5201,0.0347643444389192,0.00210720303331673
5201.25,0.172348961175236,0.000709254984260221
5201.5,0.197799957446809,0.0161797519148936
5201.75,0.182233333333333,0.0148200666666666
5202,0.207402912047302,0.0644090694752401
5202.25,0.0330455953947368,0.00219513782894731
5202.5,0.0480214891131174,0.00756788359001591
5202.75,0.257966666666667,0.0311453333333333
5203,0.351492364640884,0.0367576806629834
5203.25,0.11969142357586,0.00495749257379197
5203.5,0.28209195164076,0.0102110671272308
5203.75,0.165240666666667,0.00544333333333332
5204,0.30672,0.0265066666666666
5204.25,0.108530801099133,0.0219620843796237
5204.5,0.170149960578187,0.0100999879106438
5204.75,0.173409689064559,0.0199709685551164
5205,0.113221333333333,0.003408
5205.25,0.174400873825503,0.017454277852349
5205.5,0.120818626318203,0.00668318019257221
5205.75,0.190885251267865,0.0497817367450437
5206,0.0548299277894246,0.00875388157465637
5206.25,0.0441779791962174,0.0131493342789598
5206.5,0.044618742966142,0.0135557791130186
5206.75,0.0556035900073475,0.0105044804310555
5207,0.0397301052631579,0.00956360390977434
5207.25,0.0465286666666666,0.0136130666666666
5207.5,0.0389553333333333,0.0142283999999999
5207.75,0.0372624050235478,0.0139283646258503
5208,0.0458922709504685,0.0151615167871486
5208.25,0.054666788368336,0.0126955799676898
5208.5,0.0423977750677506,0.0161253660704606
5208.75,0.0356381809290953,0.0141232791089377
5209,0.0384646829268293,0.0168579783197831
5209.25,0.0405323184476342,0.0163642732589048
5209.5,0.0453959336543606,0.0175885500267523
5209.75,0.0461326941081517,0.0191566366424535
5210,0.0408623960558751,0.0158578256915913
5210.25,0.0415804612822647,0.0174429323896752
5210.5,0.0413561504132231,0.0153960468319559
5210.75,0.045298,0.0166234666666666
5211,0.041038,0.0155253333333333
5211.25,0.0358005768240342,0.00983215313304711
5211.5,0.0341163481228668,0.00771634300341289
5211.75,0.0319105418833043,0.0135797610629694
5212,0.0362578315789473,0.00827191105263153
5212.25,0.0369313850220264,0.0145225714537445
5212.5,0.0419271036315323,0.0181020862119869
5212.75,0.0382167229629629,0.0160359442962963
5213,0.04899,0.0100015333333333
5213.25,0.0439179676870748,0.0185676712585033
5213.5,0.034772956698634,0.0158704911362976
5213.75,0.0393471481481481,0.0162117817129629
5214,0.047002,0.0157762
5214.25,0.0299146666666666,0.00611546666666664
5214.5,0.0353768266237252,0.00443629189479334
5214.75,0.0577250122899423,0.0159426502131928
5215,0.0392965330652368,0.0025672476943699
5215.25,0.109977871582962,0.00820334511549047
5215.5,0.203888811862122,0.031884236472174
5215.75,0.192479504337051,0.0211443002301291
5216,0.241291984720146,0.046880942700548
5216.25,0.340886489479513,0.00658263565891465
5216.5,0.216048038554217,-0.00464313767068269
5216.75,0.209202696629213,-0.00577062471910109
5217,0.154946764378479,-0.00679927087198514
5217.25,0.151897389315275,-0.00690442678705788
5217.5,0.248722271914132,0.00942775849731659
5217.75,0.159612375,-0.00573908333333329
5218,0.240926666666667,0.00439253333333329
5218.25,0.210822326902946,0.00218876213548668
5218.5,0.218408924349882,0.00509747437352236
5218.75,0.154715860953214,-0.00315746655006554
5219,0.166943979504697,0.0126272075149444
5219.25,0.18917067583047,0.000676058161282902
5219.5,0.144865177304965,-0.0013040236909612
5219.75,0.170706750675067,0.00266018019801978
5220,0.137845478958522,0.0117095057220708
5220.25,0.168107550923733,0.00708318332543809
5220.5,0.159182,0.00565633333333332
5220.75,0.0783386833170094,0.00579355132223308
5221,0.178798632478632,0.0180743126890204
5221.25,0.181377083956775,0.0205197625270158
5221.5,0.227424727992087,0.010651058094296
5221.75,0.216504500745156,0.0338671528398741
5222,0.164209518987342,0.0122086207594936
5222.25,0.15038357572667,0.00345791602923673
5222.5,0.159757107252298,0.00687935607763016
5222.75,0.236496276185688,0.0106236370705547
5223,0.195740864197531,0.00986848283950612
5223.25,0.196524283746556,0.0215890511707989
5223.5,0.194849193548387,0.0138580548387096
5223.75,0.079683853743269,-0.00319116449539686
5224,0.0314211419689118,0.00294561194818651
5224.25,0.0378511475409835,0.00284931147540976
5224.5,0.0670644863731655,-0.0019052410901467
5224.75,0.0360878175824176,0.0041676219780219
5225,0.0672894957507081,-0.00126523206798861
5225.25,0.137946330558858,0.00829388061831151
5225.5,0.186474261294261,0.0128491679283678
5225.75,0.0304353333333332,0.00358455333333325
5226,0.135587052247874,0.0124619061968407
5226.25,0.136236159574468,0.00882703723404252
5226.5,0.0286223654920085,0.00382184400154046
5226.75,0.197156593095642,0.0523859724580267
5227,0.228060972379871,0.0304397389330306
5227.25,0.134301251210536,0.0380338872748401
5227.5,0.349113546099291,0.0231323203309692
5227.75,0.165240666666667,0.00544333333333332
5228,0.227140653276527,0.0119734895516331
5228.25,0.108462067216233,0.0219481755231452
5228.5,0.135562666666667,0.0122545999999999
5228.75,0.128974995311453,0.0105624032150033
5229,0.235560944669366,0.0331109761583446
5229.25,0.138308,0.0107635999999999
5229.5,0.108933643496215,0.00496184941500334
5229.75,0.173760666666667,0.0229093333333333
5230,0.153293592039801,0.0325168225538971
5230.25,0.040896,0.0158566666666666
5230.5,0.0570881501637692,0.0150264335600907
5230.75,0.0639461858585857,0.0278582126262626
5231,0.0453570366300365,0.00923694395604394
5231.25,0.04978081300813,0.0178499772357723
5231.5,0.0409433333333333,0.0142283999999999
5231.75,0.04402,0.0201024666666666
5232,0.037914,0.0151135333333333
5232.25,0.0415339814345991,0.0143519819409283
5232.5,0.0416533333333333,0.0142236666666666
5232.75,0.0372986666666666,0.0160744
5233,0.0407539999999999,0.0167796666666666
5233.25,0.0378193333333333,0.0162826666666666
5233.5,0.0364939999999999,0.00621486666666661
5233.75,0.0428471263972484,0.0110097251934651
5234,0.042006151884058,0.0151581254492753
5234.25,0.036810064516129,0.0112419926765475
5234.5,0.040576715899218,0.016760359108022
5234.75,0.0377570205831903,0.0168082696397941
5235,0.0402333333333333,0.0172246
5235.25,0.0354679313459801,0.0101911189400783
5235.5,0.0419373333333333,0.012496
5235.75,0.0408852366457774,0.0128814552074007
5236,0.0400656872727272,0.0153506389090909
5236.25,0.0347106457757296,0.00966128737327186
5236.5,0.0397236563071297,0.00902767379646547
5236.75,0.0351365198049969,0.0130331424741011
5237,0.037488,0.0153786
5237.25,0.0368253333333333,0.0151372
5237.5,0.0417854086021505,0.0157476982078853
5237.75,0.0307193333333333,0.00720413333333329
5238,0.0384683812865496,0.0156431767251462
5238.25,0.0256801445578231,0.00293217120181402
5238.5,0.0353694198557959,0.0040243382806433
5238.75,0.0314766666666666,0.00623237999999989
5239,0.0920705920114122,0.00656969448407032
5239.25,0.126421619109103,0.0317477714654616
5239.5,0.0934564763071895,0.0109523764705882
5239.75,0.170302068965517,0.00281944536398463
5240,0.176462356975275,0.0325337606930157
5240.25,0.20238401779603,-0.00690929623545513
5240.5,0.234574059309674,0.00386764578512388
5240.75,0.196020357941834,0.00113309328859053
5241,0.25536145590294,0.00341427724373929
5241.25,0.15179200733945,0.0180670899082568
5241.5,0.248388864042934,0.00941512075134163
5241.75,0.159612375,-0.00573908333333329
5242,0.212219214501511,-0.0100649828801611
5242.25,0.192282674772036,0.00783373860182365
5242.5,0.158682693806843,-0.00615599826764827
5242.75,0.263683296073373,0.0148823040985956
5243,0.23897589958159,-0.00372368758716873
5243.25,0.17579886927835,0.00115635957938135
5243.5,0.191621337710299,0.0016512554780467
5243.75,0.179618535382911,0.00218145272953884
5244,0.192811898512686,0.0101178043744532
5244.25,0.17876461172977,0.0155008359613956
5244.5,0.162896329391152,-0.0046907146736749
5244.75,0.209307024929094,0.000355158978951999
5245,0.171662004597701,0.0236449042145593
5245.25,0.228924522144522,0.0282261575757575
5245.5,0.224625250655561,-0.00926874718494515
5245.75,0.0587903013869409,0.00931246046439142
5246,0.233041657559198,0.0020883570127504
5246.25,0.045292105006105,0.00187137881562881
5246.5,0.0399860177532905,0.00172119908172634
5246.75,0.240174784644195,-0.00291875814606732
5247,0.259175897678825,-0.00910871814306007
5247.25,0.12238581485547,-0.00551503476033654
5247.5,0.194085005235602,0.0114538835602094
5247.75,0.079683853743269,-0.00319116449539686
5248,0.0310843150259067,0.00291403570984449
5248.25,0.175629517241379,-0.00235612275862063
5248.5,0.0292521017374171,0.00257503557943751
5248.75,0.16500834639791,0.00183447674505404
5249,0.14783893270366,-0.000730654545454539
5249.25,0.136883947681332,0.00823000594530315
5249.5,0.13845,0.00912018666666661
5249.75,0.0768674568047337,0.00461773076923073
5250,0.147348666666667,0.0369199999999999
5250.25,0.193251260504202,0.0112981285714285
5250.5,0.196553036766199,0.0460833987406053
5250.75,0.205779095713447,0.0331138774711293
5251,0.168803372079089,0.0205672834032354
5251.25,0.0340799999999999,0.00560426666666664
5251.5,0.231891024208566,0.0255127548106766
5251.75,0.181173645054031,0.00711449509559433
5252,0.194776666666667,0.032518
5252.25,0.175851324675325,0.0115957876190475
5252.5,0.169815019710907,0.010080106044678
5252.75,0.259259705685619,0.0556910702341137
5253,0.0442093333333333,0.0136036
5253.25,0.211334220683287,0.0116987742382271
5253.5,0.177973333333333,0.0209449999999999
5253.75,0.193730051789077,0.0236833804143125
5254,0.0767362582538518,0.0133862139398385
5254.25,0.0765550109569028,0.00487629348429508
5254.5,0.0728137418867925,0.0115236279396226
5254.75,0.0672518689196109,0.0217871479774705
5255,0.0379613333333333,0.0144461333333333
5255.25,0.0455554994606256,0.0181465889967637
5255.5,0.0434042409375851,0.0159604942491141
5255.75,0.0384970642099386,0.0129253656616415
5256,0.0334930025402201,0.00998631532599487
5256.25,0.0385910443686007,0.00770875028441408
5256.5,0.038056,0.0143419999999999
5256.75,0.0406378472809242,0.0167938266553958
5257,0.0373938163265306,0.00348312959183665
5257.25,0.036999591041303,0.00875483280977303
5257.5,0.0416059999999999,0.0167086666666666
5257.75,0.0426473333333333,0.0148058666666666
5258,0.0421891055072463,0.0152241451594203
5258.25,0.0420895506607929,0.0162588623788546
5258.5,0.0390973333333333,0.0133148666666666
5258.75,0.033732110806697,0.00754234837138504
5259,0.0382453333333333,0.0140911333333333
5259.25,0.0339695116063138,0.00892114230888261
5259.5,0.041312189090909,0.0142318596363635
5259.75,0.0364939999999999,0.0148957999999999
5260,0.0364466666666666,0.00887026666666657
5260.25,0.0358786666666666,0.00853893333333325
5260.5,0.0399053747714807,0.00906897148080433
5260.75,0.03496443454039,0.0099113275147013
5261,0.0332585123966942,0.00797304138353227
5261.25,0.0346483426847661,0.00793513134238307
5261.5,0.041822817204301,0.0157617964157705
5261.75,0.0299893375912408,0.00631529020681265
5262,0.0426093232323232,0.014556214973262
5262.25,0.0426591174021648,0.0138476602830974
5262.5,0.0364466666666666,0.007668
5262.75,0.0316431582752388,0.00622820726052153
5263,0.0611546666666666,0.0144556
5263.25,0.0924498630913451,0.0035305094397209
5263.5,0.103151374018127,0.00644814706948632
5263.75,0.256453564738292,0.0142442716620752
5264,0.243568324198638,0.0473232157448928
5264.25,0.166727910942681,0.00563082804358123
5264.5,0.185215333333333,-0.00449666666666664
5264.75,0.212174325842697,-0.00585259382022465
5265,0.220939641094661,0.00422177658142664
5265.25,0.154711575018811,-0.00703234431903685
5265.5,0.244713333333333,0.00435608666666664
5265.75,0.160602,-0.00577466666666664
5266,0.155862494548626,0.032404238988225
5266.25,0.2057850071286,-0.00322192452808663
5266.5,0.192540308747856,0.0120762414236706
5266.75,0.259157526501767,-0.000851247349823235
5267,0.167443384571591,0.0126649812126387
5267.25,0.189568016205644,0.00245067480301752
5267.5,0.197517846545146,-0.00316595591352258
5267.75,0.179468728430965,0.00217963333610298
5268,0.177268314761315,0.00706722220387941
5268.25,0.181341585976628,-0.00854489148580964
5268.5,0.139127721798134,0.0157884408255584
5268.75,0.13733109315185,0.0146706354742662
5269,0.119954976200779,-0.00255243617481606
5269.25,0.247343808717732,0.0622379449851883
5269.5,0.25349111299915,0.0173281984706881
5269.75,0.3334259137577,0.0229378110882957
5270,0.045811912735849,0.00374437924528294
5270.25,0.0284489214551999,0.00301605590435785
5270.5,0.340843880445795,0.00482538227963525
5270.75,0.0569644800631662,0.00911526385050655
5271,0.256714145180484,-0.00321483644056582
5271.25,0.0380521384425215,0.0036478553770086
5271.5,0.199108848534874,-0.00889132150226983
5271.75,0.0284832970922882,0.00283695534766117
5272,0.19398450465707,0.000108347442845031
5272.25,0.0376919621441988,0.00523525747724315
5272.5,0.194839214285714,0.0107823642857143
5272.75,0.0415736464037122,0.00719290072699145
5273,0.250992525345622,0.0574777609831029
5273.25,0.15565226309922,0.00464591253384296
5273.5,0.275140165048544,0.0707029718446601
5273.75,0.0800219186746988,0.0154623457831325
5274,0.0386301426827141,0.00307047939996508
5274.25,0.23229045617632,0.0598064794122672
5274.5,0.115414704647676,0.0256870974512743
5274.75,0.307668374570447,0.0316675615120274
5275,0.271775391120507,0.0296782501761804
5275.25,0.263229284080915,0.00791578188214595
5275.5,0.150404592860838,0.0226840102603896
5275.75,0.323245451595457,0.0151883015684153
5276,0.276889692908989,0.0142143030709101
5276.25,0.113073230853994,0.0100868350413223
5276.5,0.305634026258206,0.0193805142231947
5276.75,0.351410866141732,0.0212835637795275
5277,0.0379434082840237,0.0149838708086784
5277.25,0.0941372992266508,0.0151896918500892
5277.5,0.0402580609683203,0.0168666575811915
5277.75,0.0620143994894703,0.00758742156987868
5278,0.0965126666666666,0.0149573333333333
5278.25,0.040896,0.0158566666666666
5278.5,0.0473331555221638,0.0145560135236664
5278.75,0.0639946666666666,0.0278793333333332
5279,0.0431592074303405,0.0156398712074303
5279.25,0.0465286666666666,0.0136130666666666
5279.5,0.0389254137224782,0.0142174718894009
5279.75,0.0431806500802568,0.0159621789727127
5280,0.0375694041867954,0.0148718132045088
5280.25,0.0416661176470587,0.0144483529411764
5280.5,0.0409565929620393,0.0156495803823773
5280.75,0.0409433333333333,0.0150898666666666
5281,0.0444296456256921,0.0178194274640088
5281.25,0.0360847789058093,0.0141312345177664
5281.5,0.0372986666666666,0.0151087999999999
5281.75,0.0358375107344632,0.0133083844067796
5282,0.0324041041666666,0.0117763336458332
5282.25,0.0324315159574467,0.0106688829787234
5282.5,0.0466318825256974,0.0154170713656387
5282.75,0.0337013333333333,0.0121552
5283,0.0422636626227614,0.0147168110918544
5283.25,0.0424579999999999,0.0156436666666666
5283.5,0.0317893315282791,0.0108301657039711
5283.75,0.0386239999999999,0.0157241333333333
5284,0.0429155555555556,0.0114235992633517
5284.25,0.0387903109497882,0.0164058535995159
5284.5,0.0430510135501354,0.0155021412827461
5284.75,0.0351945944798301,0.00816195068243857
5285,0.0387298191780821,0.0159475726027397
5285.25,0.0377719999999999,0.0157099333333333
5285.5,0.0395952161042036,0.0140442960331557
5285.75,0.0346953333333332,0.01278
5286,0.0346013929001203,0.0135856492178099
5286.25,0.0673022181707687,0.0155345670009115
5286.5,0.0319602007814847,0.0093319992786294
5286.75,0.0337359715808169,0.0123556814683244
5287,0.0321778920800695,0.0070120399187699
5287.25,0.0724470954063604,0.00289599717314485
5287.5,0.031843859907834,0.00868383004608288
5287.75,0.0262668385899814,0.00517838697588126
5288,0.0257725576323987,0.00212583404735193
5288.25,0.0944675431654676,-0.00474232751798561
5288.5,0.180371940714908,0.0207612170880557
5288.75,0.0295105598621878,0.00439347918461094
5289,0.213371702309666,0.0198259452523524
5289.25,0.0313075605536332,0.0068905008650519
5289.5,0.027360208855472,0.00432281849067107
5289.75,0.0335867063621532,0.00155427339314844
5290,0.0235277156323644,0.00190804608012558
5290.25,0.0321044179443498,0.00210519999432134
5290.5,0.107786097021277,0.00479678819858148
5290.75,0.0218303315881326,0.00177679916230366
5291,0.20661,0.026412
5291.25,0.0294195844464232,0.00491109676461848
5291.5,0.0634438170403587,-0.000952133560538115
5291.75,0.0267446185673648,0.00109516627876907
5292,0.0460873162037036,0.00959639287037027
5292.25,0.0478713074792243,0.010826352723915
5292.5,0.0257048834131872,0.00315069749030338
5292.75,0.026341,0.00221969367088608
5293,0.0260977914625612,0.00304941936085841
5293.25,0.0255426974789915,0.00319192167600364
5293.5,0.0256546666666666,0.00184599999999996
5293.75,0.0350085831593597,0.00630995824634647
5294,0.132304918397626,0.0107617143916914
5294.25,0.0398122893272634,0.00590286170966103
5294.5,0.0400958093819806,0.00942397855547278
5294.75,0.0335369530900967,0.00459948890543555
5295,0.0341367582659809,0.00607972843497423
5295.25,0.018663483055134,-0.0021884591805766
5295.5,0.23702228900576,0.0248873403456048
5295.75,0.131393156862745,0.00291810967549017
5296,0.0307899747474747,0.002633727070707
5296.25,0.191302515800204,0.00278412640163098
5296.5,0.21331185577408,0.00200068547655062
5296.75,0.0400671943828528,0.003025096772604
5297,0.107822571639586,0.00840902710487438
5297.25,0.0417030650769994,0.00199367858917032
5297.5,0.0269072771392081,0.00487188398467428
5297.75,0.0287007786069652,0.00527050661691538
5298,0.0335603229992789,0.0128884912761355
5298.25,0.0342240334875523,0.0107777343027098
5298.5,0.0256793885350318,0.00371081273885341
5298.75,0.0358912888888888,0.0117510383006536
5299,0.0350086818477553,0.0113252129256126
5299.25,0.0423809246487867,0.0165610144742443
5299.5,0.0444583757262749,0.0177929941897998
5299.75,0.0364150521287643,0.0170899285565939
5300,0.0440048129976328,0.0168310030126963
5300.25,0.0411530497382199,0.0148387490837695
5300.5,0.0335363159579331,0.00979600992226793
5300.75,0.0417151487858719,0.0152312083885209
5301,0.0409513760445682,0.0153543795728876
5301.25,0.035570501923512,0.0119482829599456
5301.5,0.0432480315691736,0.00915448421541313
5301.75,0.038355582023711,0.0101994634022607
5302,0.0360206666666666,0.00890718666666661
5302.25,0.042174,0.0141763333333333
5302.5,0.0408285148514851,0.00957390869086899
5302.75,0.0375553014844804,0.0154797668556005
5303,0.0430160048543688,0.0161534305825242
5303.25,0.0415529638554217,0.0153604308433734
5303.5,0.0320286300246102,0.0113414565162701
5303.75,0.0425175861500411,0.0141268108821104
5304,0.0378978583196045,0.0151212454695222
5304.25,0.0433692053376906,0.0149829490196078
5304.5,0.0376135227148329,0.0158175758620689
5304.75,0.0408419047619047,0.0150524846683181
5305,0.0375985893155258,0.0160420647746244
5305.25,0.0317957770075101,0.0107156514153668
5305.5,0.0312672838427946,0.0104129530131004
5305.75,0.0426574112856312,0.0161738743455496
5306,0.0403295187165775,0.0103827058823529
5306.25,0.0372373668161434,0.0149281097757847
5306.5,0.0421997845351868,0.0156190952794671
5306.75,0.0375315780296425,0.014927654054054
5307,0.0369380437352245,0.0147515088652482
5307.25,0.0339684376681614,0.0124929944394618
5307.5,0.041160306569343,0.0108780810218978
5307.75,0.0332322796865581,0.0112867018083182
5308,0.0431522222222222,0.0114865970534069
5308.25,0.0475113118872549,0.00912729797794112
5308.5,0.0335593333333333,0.0119942666666666
5308.75,0.0322040705663881,0.0114156573197151
5309,0.0386945461187214,0.0159330484018264
5309.25,0.0418142495479203,0.0128324860759493
5309.5,0.0558601075660893,0.0182119897295654
5309.75,0.0433897605893186,0.0114899879680785
5310,0.0508349644484958,0.00637782191431174
5310.25,0.0264365044247787,0.00366152654867253
5310.5,0.0457979321533923,0.00911212743362824
5310.75,0.0402089620548744,0.0150878440163455
5311,0.0265307636363636,0.00387159643636362
5311.25,0.074483576171875,0.00890574817708332
5311.5,0.0281547485959696,-0.000257927730426073
5311.75,0.0209457833500501,0.00114334924774314
5312,0.0218491904761904,0.0027983952380952
5312.25,0.0280213333333333,0.00251813333333329
5312.5,0.0782267513550135,0.00298976863143625
5312.75,0.0237142811881188,-0.000278713663366305
5313,0.0719654761904761,0.000773923809523755
5313.25,0.0228370120796605,0.00350135932092715
5313.5,0.033781982230997,0.00689379861796634
5313.75,0.0233593306719893,1.89144377910839e-05
5314,0.132675333333333,0.000724199999999893
5314.25,0.0352516437246963,0.00548959064777319
5314.5,0.0227660851926977,-0.000118573360378596
5314.75,0.149490950567802,0.00424972705410815
5315,0.0303245635738831,0.00192371450171818
5315.25,0.0293969920552677,0.00233949095682208
5315.5,0.0235920053926525,0.0011022109875294
5315.75,0.0358540959843291,0.0044770193927522
5316,0.0215955059288537,0.00206441620553358
5316.25,0.0693940172814889,0.00769994882020599
5316.5,0.0257084418145956,0.00150122287968433
5316.75,0.0304834308779011,0.00317304803229055
5317,0.02469025,0.00659641951219503
5317.25,0.0290489727463312,0.00299275270440252
5317.5,0.0268546793650793,0.00614981714285705
5317.75,0.0271618417266187,0.00328949640287762
5318,0.0246283829059828,0.00155398974358964
5318.25,0.0234310725779966,0.00099676538587848
5318.5,0.0431158246346555,0.0077124676409185
5318.75,0.0265266810699588,-0.000865308847736605
5319,0.026159778901247,0.00407256957195812
5319.25,0.0232649755443886,0.000825531390284757
5319.5,0.0245152449799196,0.00475447175368139
5319.75,0.0276959687194525,-0.000890227565982306
5320,0.0232728888888889,0.000353333333333316
5320.25,0.0271918838626884,0.00440408161886419
5320.5,0.0364760828625234,0.00505958568738222
5320.75,0.0287313333333333,0.00479013333333325
5321,0.024282,0.00122815799999989
5321.25,0.053392,0.000979799999999893
5321.5,0.0400907883082373,0.00559856067316205
5321.75,0.0329176017621145,0.00262533311600587
5322,0.0353106666666666,0.00352633333333332
5322.25,0.0356940322841,0.00728929513048154
5322.5,0.0334899271059618,0.0102319791455467
5322.75,0.0327754973846885,0.00927608416547787
5323,0.0393421563088512,0.0132483526365348
5323.25,0.0368104581221337,0.0156064957760077
5323.5,0.0326826509298998,0.0105258058655221
5323.75,0.0389608264998842,0.0149699116979384
5324,0.0353491862068965,0.00940137931034477
5324.25,0.036798725433526,0.0130782102601155
5324.5,0.0505519999999999,0.0102949999999999
5324.75,0.0348229835663477,0.0101713516801569
5325,0.034961280136652,0.0138042503660321
5325.25,0.0376732294881215,0.0143899384766103
5325.5,0.0397427065052949,0.0143528487140696
5325.75,0.0380847215094339,0.0148880944905659
5326,0.0432861723356009,0.00938581360544212
5326.25,0.0390727570962069,0.0144089693544335
5326.5,0.0398073333333332,0.0160270666666666
5326.75,0.0397817958557176,0.0154372199539524
5327,0.03883426003626,0.0138114069412069
5327.25,0.0375353333333333,0.0144177333333333
5327.5,0.0431332431561997,0.0184735140096618
5327.75,0.038827000786782,0.0138146373983739
5328,0.0434519999999999,0.0091164
5328.25,0.0398713837489943,0.0149339903459372
5328.5,0.0413355624489795,0.00955825763265299
5328.75,0.0431321759336099,0.015422590539419
5329,0.0403279999999999,0.0105723733333333
5329.25,0.0379760412017166,0.0162828779399141
5329.5,0.039348072072072,0.012792852759009
5329.75,0.0426946666666666,0.0148579333333333
5330,0.0429431372549019,0.0172674117647058
5330.25,0.030654730264993,0.0132868508786611
5330.5,0.042009201111111,0.0154096743333332
5330.75,0.0377570205831903,0.0168082696397941
5331,0.0372513333333332,0.00749286666666661
5331.25,0.0308560113571834,0.0134103155025554
5331.5,0.0310033333333333,0.0132769999999999
5331.75,0.0444077955253469,0.0175559132257151
5332,0.0398204566523605,0.0116434636909871
5332.25,0.0375033065984072,0.0119320104095562
5332.5,0.0471572206896552,0.00989923620689648
5332.75,0.0344936041486603,0.01383524286949
5333,0.0417339604519773,0.0184707944067796
5333.25,0.0363993333333332,0.00840166666666657
5333.5,0.0361789184549355,0.011340790386266
5333.75,0.0341273333333333,0.013419
5334,0.0275953333333333,0.00522559999999993
5334.25,0.0517798606344253,0.0106700778991159
5334.5,0.0407963207261724,0.0121105161875945
5334.75,0.0550574713286714,0.0126528123543123
5335,0.0421266666666666,0.00782419999999993
5335.25,0.0756386666666666,0.0179629999999999
5335.5,0.153889751805206,0.0312397138539043
5335.75,0.300728177130725,0.079552000606612
5336,0.212499198205775,0.0386577782450237
5336.25,0.225721803278688,0.0360773114754098
5336.5,0.203759036764706,0.0104516176470587
5336.75,0.39406279053338,0.0485727276580713
5337,0.402715182072829,0.0924070634920634
5337.25,0.227199340301974,0.00940167981416949
5337.5,0.286300668467252,0.0234507582714381
5337.75,0.385261901646494,0.0365407914076981
5338,0.2666379872526,0.0232952405233143
5338.25,0.371337393401293,0.0611001578428148
5338.5,0.274987858719647,0.0139011103752759
5338.75,0.156353037230568,0.00541076268234261
5339,0.240217827176637,0.00356787185354683
5339.25,0.263173333333333,0.0493213333333333
5339.5,0.220722925285407,0.00822737599186162
5339.75,0.319722029186935,0.00254356636553153
5340,0.214002007063695,0.0197796955303861
5340.25,0.2518908298911,0.0284808381524596
5340.5,0.22715608986495,0.0298467045311119
5340.75,0.194862063736829,0.0303012891287586
5341,0.176922331756046,0.0321416850683491
5341.25,0.206228520143598,0.0104583934583166
5341.5,0.181049162406606,0.00741778851749897
5341.75,0.0531553333333333,0.00129740666666664
5342,0.255973382773875,0.0322687332812906
5342.25,0.0285593598148862,0.00302776419591199
5342.5,0.336014361577509,0.000652179773525876
5342.75,0.337954711359404,-0.0031564590316573
5343,0.174256646132786,-0.00153250365503076
5343.25,0.221224214190094,0.00685463464524758
5343.5,0.0364598727650727,0.00351797471933467
5343.75,0.198600262863535,-0.00736436381431758
5344,0.193820180637877,0.000108255661868379
5344.25,0.0388025894498656,0.00542856300381832
5344.5,0.0867622264752791,0.00303219103958241
5344.75,0.0362551152562935,0.00537445450409456
5345,0.271693333333333,0.0160459999999999
5345.25,0.029124576865298,0.00129095278918372
5345.5,0.197904946808511,0.0161883398936169
5345.75,0.0342967205240174,0.00225940912663748
5346,0.208318093126386,0.0646932793791573
5346.25,0.145693171239017,0.0420114269320423
5346.5,0.242068623001547,0.0330308062575211
5346.75,0.191428489006157,0.0322206367634124
5347,0.332455068493151,0.0136770689146469
5347.25,0.222588809012876,0.0329849087982832
5347.5,0.203503362445415,0.0370480480349344
5347.75,0.322893715521904,0.0151717745808544
5348,0.303310973803071,0.0104706566937669
5348.25,0.309588430735931,0.0196278116883117
5348.5,0.0961745448068991,0.00564842137232842
5348.75,0.311992991933971,0.0321433021947101
5349,0.125758899616858,0.0204482176245211
5349.25,0.309086666666667,0.0213
5349.5,0.0845048980815347,0.0138456214628297
5349.75,0.0398293165969316,0.015696050209205
5350,0.0689700474164133,0.00766333860182365
5350.25,0.0600914165656565,0.00904214690909082
5350.5,0.0405690553827007,0.0176285003111387
5350.75,0.0411528722002635,0.0110308618357487
5351,0.0433041034717494,0.0125808326752893
5351.25,0.0491659075224292,0.012973547273982
5351.5,0.0422213333333333,0.0107351999999999
5351.75,0.038603363082175,0.00988379209948782
5352,0.0346229109341056,0.0111720376538739
5352.25,0.0454399999999999,0.0160885999999999
5352.5,0.0362028110275689,0.00894199979949874
5352.75,0.0456766666666666,0.0142520666666666
5353,0.0408296753445635,0.0182639037263909
5353.25,0.0464571940604198,0.0149485355862774
5353.5,0.0405646666666666,0.0119611333333333
5353.75,0.0471683510908167,0.0161367906646372
5354,0.0407704933232552,0.0168237406903502
5354.25,0.0458552306489444,0.0138611096168881
5354.5,0.0388816912114014,0.0159377367115333
5354.75,0.0438891807956104,0.0168888216186557
5355,0.0393662939244663,0.0174329677066229
5355.25,0.0390486022878424,0.0156241855812716
5355.5,0.0461442202713487,0.0150181035913806
5355.75,0.046687514764565,0.0153727182761372
5356,0.0450802211538461,0.0139574394230769
5356.25,0.0466080827366745,0.0146720342084328
5356.5,0.0453453333333333,0.0147064666666666
5356.75,0.0399336180665609,0.0163192543581616
5357,0.0403595802662489,0.0185502483946749
5357.25,0.0392227629513343,0.0155801530612244
5357.5,0.0425187871549893,0.0161088975583863
5357.75,0.0434858674980514,0.0130173381137958
5358,0.0436413333333333,0.0165761333333333
5358.25,0.0431962244412743,0.0139746906324298
5358.5,0.0551113697318008,0.00983591427203061
5358.75,0.0539839454839454,0.0106144803187802
5359,0.0638844962779156,0.00921301637717114
5359.25,0.0667242746400886,-0.00208958582502761
5359.5,0.154668546095718,0.0313978095717883
5359.75,0.289466510931417,0.0941832117400419
5360,0.123649383248731,0.0166919558375634
5360.25,0.268275123094959,0.0303761250488471
5360.5,0.196323023341978,0.00165175620600213
5360.75,0.227295514934289,0.0309387632019115
5361,0.221446537330982,0.0122973502645502
5361.25,0.434037486673472,0.0899615658387206
5361.5,0.225246829268293,0.014991375609756
5361.75,0.274655483870968,0.0276562813620071
5362,0.265924097059152,0.0232328704014312
5362.25,0.271232992206032,0.0236738203998644
5362.5,0.194994633942677,0.00409767903407802
5362.75,0.254782017336485,0.0234456179218732
5363,0.226589543239261,0.0325987450980391
5363.25,0.144244189619377,0.00980139031141862
5363.5,0.334415812865497,-0.00296735157894728
5363.75,0.17867653256705,0.0147218057950191
5364,0.317847706331609,0.0344728001970928
5364.25,0.132903560723514,0.0204794454780362
5364.5,0.237033185840708,0.0288749517296862
5364.75,0.148354422149123,0.0171537751644736
5365,0.246709419444444,0.068709283611111
5365.25,0.261783470661673,0.0524517153558052
5365.5,0.191142943899782,0.00120329937636158
5365.75,0.0956849918166939,-0.000166615657392154
5366,0.278885691056911,0.0268451192411924
5366.25,0.190048984216916,0.00670371790098473
5366.5,0.20949813559322,0.00802363607748181
5366.75,0.027019566932438,0.00280616828647357
5367,0.0260333333333333,0.00135373333333332
5367.25,0.285997161290322,0.00069962941935477
5367.5,0.0277828650519031,0.0040419587543252
5367.75,0.201943490196078,0.00455436957983189
5368,0.194772877542189,0.0155159649790854
5368.25,0.0279718693733451,0.00284916169461596
5368.5,0.173947727480567,9.05189940557839e-05
5368.75,0.0345686631174209,0.00461387473084876
5369,0.207329301771624,0.0519976221527467
5369.25,0.0330173215558655,0.00148910974740428
5369.5,0.0280825004107113,0.00179955314604892
5369.75,0.19153659643436,0.0214293419773095
5370,0.00875277365429617,0.00174556028084252
5370.25,0.027010241522903,0.00267269173111238
5370.5,0.0292975207877461,0.00301939022611233
5370.75,0.205537287140341,0.0330749657467214
5371,0.207664188937228,0.0211543110006214
5371.25,0.0268669564821144,0.00424715496924126
5371.5,0.0202581836734693,0.00342458357142854
5371.75,0.320631788946659,0.0140329688426727
5372,0.33281344314559,0.0189491228480339
5372.25,0.267604459484865,0.0137490065049821
5372.5,0.170925455874086,0.0176713106614203
5372.75,0.312169060213843,0.032161441755768
5373,0.124607884875846,0.00314580752445439
5373.25,0.104133333333333,0.0121883333333333
5373.5,0.0648312671232877,0.00570895114155243
5373.75,0.226546221719457,0.0343856319758672
5374,0.068676379331307,0.00763070881458965
5374.25,0.0975049631533847,0.0251824588688946
5374.5,0.0637579999999999,0.0185499333333332
5374.75,0.0398758003939592,0.0141481042678922
5375,0.0435111586113001,0.0126409869298842
5375.25,0.0465908884249593,0.019691154163767
5375.5,0.0426,0.013987
5375.75,0.0378996860245514,0.0124039648253068
5376,0.0347734453294714,0.0112206117306299
5376.25,0.0344586666666666,0.0105174666666666
5376.5,0.0454399999999999,0.0146401999999999
5376.75,0.0471913333333333,0.0150993333333333
5377,0.0369767346625766,0.00910487157464203
5377.25,0.0397438873165618,0.0157222839098532
5377.5,0.0413754746835443,0.0170733280590717
5377.75,0.039981289912629,0.0172365893566322
5378,0.0408671950497713,0.0163658419155232
5378.25,0.0389708796522684,0.0143728766096169
5378.5,0.0462160492206727,0.017078200601586
5378.75,0.039350651465798,0.0171957605863192
5379,0.0392549070331446,0.0175313177041228
5379.25,0.0458881735015773,0.0146501892744479
5379.5,0.0341746666666666,0.00541493333333329
5379.75,0.0480841442134975,0.0139344924300744
5380,0.0564213333333332,0.0119469333333332
5380.25,0.0464604720233359,0.0146255669583664
5380.5,0.0414724685835995,0.0119899189563365
5380.75,0.0392866666666666,0.0155632
5381,0.0370821704545455,0.00740215340909081
5381.25,0.0385791759036144,0.014155118875502
5381.5,0.0402806666666666,0.0159513333333332
5381.75,0.0361896875164951,0.0106681725521245
5382,0.0362013571613571,0.00976353897953898
5382.25,0.0264985614035087,0.00435638245614032
5382.5,0.0292993333333333,0.00489426666666661
5382.75,0.0538350242550242,0.0105851989937629
5383,0.0324771225644249,0.00510415563796354
5383.25,0.0761498454647256,0.00328861187010078
5383.5,0.165110901530273,0.0394089916833
5383.75,0.303346800121322,0.0802447082195935
5384,0.238048068669528,0.0707059442060085
5384.25,0.164246666666667,0.00254865517241373
5384.5,0.209047093100252,0.01661025771421
5384.75,0.32792200662083,0.019770095543672
5385,0.321609744349759,0.0119273423490181
5385.25,0.297019057239057,0.0204900103254769
5385.5,0.240145915970456,0.0295492045041772
5385.75,0.137733540719002,0.00961580660308134
5386,0.426766768315359,0.0634497612495351
5386.25,0.376067058970515,0.00612344485257367
5386.5,0.169208391608392,0.0147117296037296
5386.75,0.169206766096762,0.0325652128046562
5387,0.259130961744726,0.0281542288165891
5387.25,0.443285419260344,0.0441366434761382
5387.5,0.151417933788223,0.0163385838766742
5387.75,0.203692933025404,-0.00622395073133172
5388,0.225892913845745,0.0319936198061861
5388.25,0.180662404006678,-0.00851288814691143
5388.5,0.204661276595745,0.0011630635047281
5388.75,0.0432626666666666,0.00445879999999993
5389,0.23493549382716,0.032711340388007
5389.25,0.208517667392883,0.047830818010167
5389.5,0.255675798536375,0.000286034334911725
5389.75,0.18977062605753,-0.00302330654258318
5390,0.140241329280648,-0.000212630047763733
5390.25,0.0453532699510227,0.00164664361855367
5390.5,0.27890245508982,-0.00137799520958077
5390.75,0.3337,0.0123871333333333
5391,0.229681148282098,0.0363544394213381
5391.25,0.0433214146492861,0.00436067368094348
5391.5,0.225203267553924,0.0367138100045892
5391.75,0.228098692199907,0.0095934231667445
5392,0.226430662824207,-0.000131016484149789
5392.25,0.202812341897233,0.00490644377470351
5392.5,0.247919536489152,-0.00352680946745558
5392.75,0.193416099184557,0.0272778478948244
5393,0.0292204444444444,0.00226954908306358
5393.25,0.129551333333333,0.00676866666666661
5393.5,0.147503160744501,0.0102175927805978
5393.75,0.0291483058419244,0.00254282474226795
5394,0.172472512296633,0.0171999984865683
5394.25,0.0330094206871345,0.00219273483187134
5394.5,0.186493333333333,0.0408013333333333
5394.75,0.0282902290999644,0.00212413258626815
5395,0.0252562993793355,0.00110312692223434
5395.25,0.11969142357586,0.00495749257379197
5395.5,0.110446708520179,0.0182785520179372
5395.75,0.302497930775019,0.0113901376034612
5396,0.083212,0.00612966666666661
5396.25,0.0854657076093469,0.00697361174715397
5396.5,0.0448451351351351,0.017367384253819
5396.75,0.316475466200466,0.0103599592074592
5397,0.11269346746507,0.0193256501397205
5397.25,0.0394532481296757,0.0126885056109725
5397.5,0.142852869641295,0.0184195057742782
5397.75,0.214072806120218,0.0116498972677595
5398,0.0411455701179554,0.0150772175622543
5398.25,0.117653889487871,0.011997009703504
5398.5,0.0634484828532236,0.015626427983539
5398.75,0.054167003548616,0.0249565251951738
5399,0.0407257252020572,0.0159096758265981
5399.25,0.0398851133180545,0.00813334199134195
5399.5,0.0372799003067484,0.00823284202453987
5399.75,0.0486212369230768,0.0157025784615384
5400,0.0420464331508991,0.016373987802971
5400.25,0.0398393585411638,0.0149219951729685
5400.5,0.0413544858490565,0.0166981171383647
5400.75,0.0402868010033444,0.0177186001114827
5401,0.0407882758620689,0.0167937790860666
5401.25,0.0341567534482758,0.0103157185344827
5401.5,0.0363204718126626,0.0144336041630528
5401.75,0.0428839999999999,0.0110191999999999
5402,0.0396863068965516,0.0100661922988505
5402.25,0.038056,0.0123966
5402.5,0.0423633333333332,0.0160885999999999
5402.75,0.0356269938864628,0.0143122234061134
5403,0.0398293891797556,0.0160123627690517
5403.25,0.0356419999999999,0.0122924666666666
5403.5,0.0341746666666666,0.00772953333333325
5403.75,0.0335885407600812,0.00730041485349571
5404,0.0362578315789473,0.00827191105263153
5404.25,0.038482,0.00985479999999996
5404.5,0.0343810914027148,0.0071214606334841
5404.75,0.0327840958370769,0.0106358808026355
5405,0.0425526666666666,0.0167418
5405.25,0.0382314190726159,0.0161879503062117
5405.5,0.0313819999999999,0.00671659999999993
5405.75,0.043168,0.0184647333333332
5406,0.0384009520467836,0.0156157566081871
5406.25,0.0335317351973684,0.00445513322368418
5406.5,0.0480719560784313,0.0132693709803921
5406.75,0.0334636072202166,0.00643796319133569
5407,0.124155364784053,0.0730945550387597
5407.25,0.095566,0.0223413333333332
5407.5,0.13262723655914,0.0350835684587813
5407.75,0.207245250940003,0.0376809547163642
5408,0.204089810972798,0.0352043030582449
5408.25,0.191074466891134,0.017637643097643
5408.5,0.348236930305403,0.0514311879404854
5408.75,0.244972353823088,0.00930040389805097
5409,0.331926973652405,0.0236752477640802
5409.25,0.312217489489489,-0.00127339459459451
5409.5,0.307481111903065,0.0302285578522214
5409.75,0.247377888022679,0.0289001700921332
5410,0.177720888888889,-0.00413579196217487
5410.25,0.290754307116105,0.0105162434456929
5410.5,0.24424,0.0126758666666666
5410.75,0.192474761109255,0.032881105022831
5411,0.182745244971975,0.00513600844048795
5411.25,0.19312,0.022152
5411.5,0.23144159860612,0.0138435479908526
5411.75,0.23863847368421,0.0362692600877192
5412,0.18551115466937,-0.00409453008899393
5412.25,0.187782291957229,0.0312655151092514
5412.5,0.176616546127223,0.0227281346222699
5412.75,0.232101218482326,0.0616726094824466
5413,0.20076706343375,0.0215445787411216
5413.25,0.0954409949531362,0.000793766690699331
5413.5,0.287736525423729,0.0214391920903955
5413.75,0.35862455708084,0.0214699734835152
5414,0.0556102221426012,0.00328238265854522
5414.25,0.0660063078944225,0.00213858546279708
5414.5,0.059027602724991,0.000754346360702736
5414.75,0.306019901271134,0.0206929995063557
5415,0.354730767854861,0.025202051871726
5415.25,0.374734922600619,0.0376627523219814
5415.5,0.0410693281392027,0.00333096854953896
5415.75,0.053602117403672,0.00242819485906384
5416,0.0769070741971207,0.00181487427094865
5416.25,0.336752281753466,0.0451856875234169
5416.5,0.342693333333333,0.030814
5416.75,0.303108830167905,0.0257975070189925
5417,0.0311671515151514,0.00481888484848477
5417.25,0.261515375757576,0.0420883696969696
5417.5,0.0896249474517252,0.00669933434631212
5417.75,0.201774523923828,0.0509597983677388
5418,0.263216845006485,0.0310987597276264
5418.25,0.0891340056872038,0.00746426028436016
5418.5,0.235135962352941,0.066850526117647
5418.75,0.232483720930232,0.0292265249169435
5419,0.271905046493302,0.0479362011032309
5419.25,0.359860480538203,0.0199460119173474
5419.5,0.169065257315843,0.0162103746720484
5419.75,0.143488828746177,0.00545948263676514
5420,0.209244954766875,0.0243485038274182
5420.25,0.232630396570204,0.00591032511611286
5420.5,0.266156814095649,0.00903133531103913
5420.75,0.159489308855292,0.0229084643628509
5421,0.0984675156054931,0.0113735617977527
5421.25,0.120408010027855,0.00361081871866294
5421.5,0.11389979524073,0.00730017782696918
5421.75,0.11512316442953,0.0128764244593586
5422,0.0389553333333333,0.0131397333333332
5422.25,0.0459767933655839,0.00929300011057359
5422.5,0.0498079999999999,0.0121501333333333
5422.75,0.0416023004626247,0.00962023550036517
5423,0.046162282245827,0.0132101694992412
5423.25,0.0418918583525789,0.0109402746728252
5423.5,0.0377476856919468,0.0139452770914777
5423.75,0.0395702898089172,0.0133371804140127
5424,0.0411128221859705,0.0158591530179445
5424.25,0.0361811917548141,0.0138033397342012
5424.5,0.0337459498787389,0.0123782215036378
5424.75,0.0408080952380952,0.015040024002202
5425,0.0318482716680875,0.0109295329923273
5425.25,0.0374406666666666,0.0150283333333333
5425.5,0.0338433333333333,0.0124108
5425.75,0.0434566892464013,0.0158153852667231
5426,0.0368253333333333,0.012496
5426.25,0.0370927687016336,0.0128525262252794
5426.5,0.036778,0.0143798666666666
5426.75,0.03741106271777,0.00756281939605105
5427,0.0369821119906185,0.00758086004104364
5427.25,0.0379664909197422,0.013686919976567
5427.5,0.0386580299559471,0.00745683077826722
5427.75,0.0459880922803903,0.0183667613132208
5428,0.0398440187463386,0.0173255389572348
5428.25,0.0434960358612581,0.0167999315108759
5428.5,0.0392455658362988,0.0160792512455515
5428.75,0.0372655711328009,0.0148258331854481
5429,0.0408353983596953,0.0167307111892208
5429.25,0.0374406666666666,0.0153975333333332
5429.5,0.0372513333333332,0.0153170666666666
5429.75,0.0482988644222019,0.00855351234455565
5430,0.0430957747502271,0.0118798154405086
5430.25,0.0264130053097344,0.00365827185840698
5430.5,0.149410976253298,0.0260755461741424
5430.75,0.0292824075717243,0.00565240638864235
5431,0.0267235393939393,0.00389972792727266
5431.25,0.0364126995961478,0.00695151537744633
5431.5,0.046204984962406,0.00520632857142854
5431.75,0.029886012771392,0.00569347458492971
5432,0.0372986666666666,-0.000709999999999929
5432.25,0.0238852821005443,0.00410116370156896
5432.5,0.0254909703349282,0.00543949774800638
5432.75,0.026032948509485,0.00356684587774756
5433,0.0422396067917783,0.00169433029490614
5433.25,0.0264118306499701,0.00506898509242688
5433.5,0.0405054068241469,0.00486301755613873
5433.75,0.0257434371395617,0.00455259861591688
5434,0.0322622754385965,-0.00157758263157891
5434.25,0.0321318341851221,0.00210699777399201
5434.5,0.0348667319268635,0.00254394497890287
5434.75,0.0187429436337624,-0.0025456411101573
5435,0.0189639677509034,-0.00197639366138441
5435.25,0.0582173552451382,0.00386055606135305
5435.5,0.0400111770491803,0.00456392267759554
5435.75,0.184908589764869,0.0231757198340248
5436,0.0551494775641026,0.00604895726495718
5436.25,0.0260806666666666,0.00624799999999993
5436.5,0.0290150229508196,0.00739122267868849
5436.75,0.0293753116304952,0.00680821647189755
5437,0.041341670995671,0.00315277651515148
5437.25,0.0432404815409309,0.00419172755484209
5437.5,0.0265334762666666,0.00240563934293329
5437.75,0.0270403112176925,0.00133063042899011
5438,0.0433931510713317,0.00394646307567127
5438.25,0.019596785150079,-0.00134108120063184
5438.5,0.0277227078651684,0.0023580775280898
5438.75,0.0278767450980391,0.00188061176470586
5439,0.0266207185929647,0.00293254974874363
5439.25,0.0198382777307366,0.000566128309342285
5439.5,0.0220981134278565,0.00105956396997489
5439.75,0.0199602710743801,0.000388774876033033
5440,0.024465431721798,0.000976720723777134
5440.25,0.0266486666666666,0.00330859999999993
5440.5,0.0354053333333333,0.00330291999999996
5440.75,0.0273826025080198,0.00390367897346157
5441,0.0226253333333333,0.000899333333333286
5441.25,0.0291380888119954,0.000721333794694312
5441.5,0.0949289959839357,0.0040282214572575
5441.75,0.0325495688926458,0.00291530921386296
5442,0.0244788320759988,0.00274766572003347
5442.25,0.107837260731319,0.00851024737678845
5442.5,0.0369199999999999,0.00713313333333325
5442.75,0.039815319333816,0.00415628481776489
5443,0.0412101906158357,0.0132914706744868
5443.25,0.0410834057315233,0.00979644720965307
5443.5,0.0344399705232129,0.0100046691230655
5443.75,0.0489526767371601,0.00948672398791534
5444,0.0338906666666666,0.00883239999999996
5444.25,0.0348243289020186,0.0131663294928606
5444.5,0.0397872379463122,0.0140587919728954
5444.75,0.0389855312661498,0.0133536102842377
5445,0.0371275470219435,0.0144253526645768
5445.25,0.0421658352758352,0.0143787853923853
5445.5,0.0428632424002114,0.0174052173936029
5445.75,0.0373670709677419,0.0138050567741935
5446,0.0422592465192464,0.0140565113841113
5446.25,0.0534893883333332,0.0101208922222221
5446.5,0.042872876866723,0.0148468061989292
5446.75,0.0390614359814359,0.016165787059787
5447,0.0376943107438016,0.0157098942148759
5447.25,0.0430174120956399,0.00935925794655407
5447.5,0.038482,0.0162022
5447.75,0.0315713333333333,0.0108677333333333
5448,0.0369664448236632,0.0134868659840727
5448.25,0.0387108463768115,0.00825514736231875
5448.5,0.0426639639639639,0.0150344202266782
5448.75,0.039546367201426,0.0146520713012477
5449,0.0387700283687943,0.018234176359338
5449.25,0.04377505,0.0108760153988095
5449.5,0.039112831858407,0.0169975884955752
5449.75,0.0383186004177857,0.0154786356311548
5450,0.0389431472448057,0.0168801014152364
5450.25,0.0427893333333332,0.0152129333333333
5450.5,0.041370277425204,0.0142769864007252
5450.75,0.0401282158846978,0.0169135455381785
5451,0.0391019083023543,0.017829516480793
5451.25,0.0384113966480446,0.0168820459342024
5451.5,0.0395628141321044,0.00877324423963125
5451.75,0.03231125115848,0.011640578313253
5452,0.0314949188191881,0.0104888483394833
5452.25,0.038825703569268,0.0164208224440411
5452.5,0.0425769424019608,0.0091431859681372
5452.75,0.0320544233983286,0.0113626105849582
5453,0.0401306455617629,0.0112611024208566
5453.25,0.0387072157586949,0.0162056746075715
5453.5,0.0398073333333332,0.0141195333333332
5453.75,0.0434695211786371,0.0115111092694905
5454,0.0507886666666666,0.00637201333333332
5454.25,0.026366007079646,0.00365176247787609
5454.5,0.0429000950639853,0.0105171378427787
5454.75,0.0335859005328597,0.0123007184724689
5455,0.0277414206128133,0.00375101943670685
5455.25,0.074266,0.00887973333333325
5455.5,0.022955152,0.00277928079999996
5455.75,0.032691586073501,0.00634880077369437
5456,0.0244925803310613,0.0045365335929892
5456.25,0.0242570374639769,0.00416499504322766
5456.5,0.0303680353817504,0.00659929795158279
5456.75,0.0520622614751503,0.00391175612535604
5457,0.0387748662041625,0.00230663167492559
5457.25,0.0227476304276852,0.00348765537055168
5457.5,0.0298950139017608,0.0074761223354958
5457.75,0.025134,0.00499650666666661
5458,0.0518773333333333,0.00630006666666661
5458.25,0.023380954708374,0.0022797616487455
5458.5,0.0436587427642276,0.00386120396747966
5458.75,0.0250572873563218,0.00133764466338249
5459,0.160342713864307,0.00464434480498193
5459.25,0.0219841565557729,0.00290911037181993
5459.5,0.0266667048710601,0.00297439954154726
5459.75,0.0378914560404806,0.00403283592662867
5460,0.160835459923664,0.0116771604325699
5460.25,0.0260778460583488,0.00197116449410298
5460.5,0.172304910630292,0.0175722528692379
5460.75,0.0281332447817836,0.00345786616065773
5461,0.0208936924528302,0.00114180949685534
5461.25,0.0271405952380951,0.00172466578968244
5461.5,0.0340512602651148,0.00465715008082757
5461.75,0.0295494414245548,0.00357365025304582
5462,0.0266486666666666,0.00216313333333332
5462.25,0.0219890035358406,0.00257094856959174
5462.5,0.0264903577557755,0.00196442706270624
5462.75,0.0325496939571149,0.0052250076413255
5463,0.0202849729048519,0.00110602520478889
5463.25,0.0301814257488846,0.00479745959209679
5463.5,0.0245659999999999,0.00472528666666657
5463.75,0.0380899943449575,0.00400723732327984
5464,0.0362750667909288,0.00589947138862994
5464.25,0.0339173500897665,0.00566714266906035
5464.5,0.0595551493848857,0.00139214903339189
5464.75,0.0537721074306176,0.00264592909579222
5465,0.0515463020358553,0.000611406867213556
5465.25,0.0532483443946188,0.000977163766816112
5465.5,0.028889424954792,0.00333927764918625
5465.75,0.0252535324444444,0.00195312900740732
5466,0.0323216718041704,0.00358338652160766
5466.25,0.0365725060658578,0.0133289641247833
5466.5,0.0246853963750985,0.00334477698975569
5466.75,0.0354434262948207,0.0130101003452855
5467,0.0824622974195264,0.00806593242883744
5467.25,0.037262801266825,0.00763628329374497
5467.5,0.0397315230352303,0.0140913834688346
5467.75,0.0344876848979591,0.0129779375673468
5468,0.0341822079096045,0.0112366926553672
5468.25,0.0335738425460636,0.0100101556113902
5468.5,0.0355770551839465,0.00811545316053509
5468.75,0.034353981111111,0.00587514507777773
5469,0.0394759999999999,0.00755534666666664
5469.25,0.0512218493890309,0.0150641379937482
5469.5,0.0413038723404255,0.0166072021276595
5469.75,0.038495085037037,0.0161972562962962
5470,0.0339990482921083,0.00733462614840982
5470.25,0.0517863204678363,0.0159422486549707
5470.5,0.0381840735551663,0.0150178056042031
5470.75,0.0408967332185886,0.0145048967297762
5471,0.0446741516754849,0.0091940158142269
5471.25,0.0351213333333333,0.00846225333333325
5471.5,0.0403984982332155,0.0150537561837455
5471.75,0.0332753333333333,0.0103423333333333
5472,0.0334003363636363,0.0108018109090909
5472.25,0.0489807391304347,0.0152447804347825
5472.5,0.035247527305282,0.0105316200537153
5472.75,0.0396177459749552,0.0191485772212283
5473,0.0333226666666666,0.0105988799999999
5473.25,0.0355146911539638,0.00855946617692067
5473.5,0.0496009863945578,0.0151366072356215
5473.75,0.0351213333333333,0.01131456
5474,0.0398747314036725,0.0145561667600373
5474.25,0.0343795592489996,0.0112549313634964
5474.5,0.0374624522489217,0.0153311529266789
5474.75,0.0347899999999999,0.00681599999999989
5475,0.037062,0.0146591333333333
5475.25,0.0344586666666666,0.0132154666666666
5475.5,0.0397035465639049,0.0151754725112395
5475.75,0.0413931585326953,0.0138230364274322
5476,0.0512634890371782,0.0166108865586272
5476.25,0.0317783674976915,0.0113782515235456
5476.5,0.0396276644507756,0.0164563570750236
5476.75,0.0376073781190019,0.0134874380038387
5477,0.0368826812144212,0.0140125707779886
5477.25,0.0356493830940989,0.0119147738437001
5477.5,0.0388331769230769,0.0140356896153845
5477.75,0.0333072981107908,0.00948049836695477
5478,0.0412897003529034,0.0130577496310554
5478.25,0.0403967492795388,0.0142883919308357
5478.5,0.0407149636015325,0.0141343816730523
5478.75,0.0280686666666666,0.00643686
5479,0.025986,0.00591808666666657
5479.25,0.0367605614035087,0.00811104
5479.5,0.0291706902718169,0.00344167472103
5479.75,0.0332845580404685,0.00435933951011708
5480,0.0337588615384615,0.00604221547252741
5480.25,0.0705137665967854,0.00321129874213835
5480.5,0.0782267513550135,0.00298976863143625
5480.75,0.0259334668035591,0.000342340520191613
5481,0.0722559523809523,0.000777047619047618
5481.25,0.0427814444444444,0.00297240922764217
5481.5,0.0347392683760683,0.00714079744957262
5481.75,0.0768762941176471,0.00174868823529409
5482,0.0236640504947116,0.000136704674172603
5482.25,0.0246092902777778,0.000609327916666572
5482.5,0.0827806328293736,0.000578090280777463
5482.75,0.0272166666666666,0.00477593333333329
5483,0.026563867372134,0.000549111746031657
5483.25,0.025363101511879,0.0052095904967602
5483.5,0.0897536818181817,0.00659553570936632
5483.75,0.082008211551844,-0.00052923903966591
5484,0.0864805922920892,0.0102208604462474
5484.25,0.0356893333333333,0.00540546666666661
5484.5,0.0255021697467487,0.00125860985626276
5484.75,0.0307040968718466,0.0031960173562058
5485,0.0411149967762733,0.00537512572533845
5485.25,0.0263292628726287,0.00735698536585356
5485.5,0.0224844024640656,0.00425125256673511
5485.75,0.0270493703323056,0.00327587529976017
5486,0.041345619427811,0.00713765881570191
5486.25,0.036035320804484,0.0059227690616551
5486.5,0.0274333416149068,0.00595341614906828
5486.75,0.0242732571996027,0.00631619149288308
5487,0.0260542959218065,0.00405614792045834
5487.25,0.0232649755443886,0.000825531390284757
5487.5,0.0244399678714859,0.00473987255689416
5487.75,0.0271490949050948,0.00537770029970025
5488,0.0252983349786113,-0.00126255241855868
5488.25,0.0269458914572864,0.00512352126633159
5488.5,0.0259101133603238,0.00343464080971658
5488.75,0.0271243278688524,0.00488421555942616
5489,0.0278395228693649,0.00557027591312924
5489.25,0.022831811023622,0.00368638615485556
5489.5,0.0258156276803118,0.00336358278752428
5489.75,0.0255382981132075,0.00383074471698112
5490,0.0211717811607992,0.00203701769743097
5490.25,0.0328921153846153,0.00836779212454212
5490.5,0.0342578029176988,0.00567058023671894
5490.75,0.0401557370816599,0.015085661793842
5491,0.040721344551282,0.0142926716880342
5491.25,0.0386225494623656,0.00802817612903215
5491.5,0.0830841662707838,0.00892667315914484
5491.75,0.0419226755070203,0.014296342901716
5492,0.0377953516053249,0.0149756958496475
5492.25,0.03834,0.0154732666666666
5492.5,0.0321393333333332,0.0109245333333333
5492.75,0.0411649022988505,0.00898617027168229
5493,0.0459721961089494,0.0155463589105058
5493.25,0.0374406666666666,0.0136130666666666
5493.5,0.0336746708860759,0.0115733033227848
5493.75,0.0346678627606228,0.0130016309316441
5494,0.0309775616514269,0.0102817128290385
5494.25,0.0376630753741496,0.012503952
5494.5,0.044197414595028,0.0179150631381983
5494.75,0.0375553014844804,0.0154797668556005
5495,0.049116698275862,0.010653815229885
5495.25,0.0484973503371445,0.0113429649956025
5495.5,0.0329149488536155,0.0102088362198706
5495.75,0.0410025,0.0079766768292682
5496,0.0375353333333333,0.00848213333333329
5496.25,0.0377656036036035,0.00774313633633628
5496.5,0.038030605839416,0.0161037328467153
5496.75,0.0430644160714285,0.0185143826190476
5497,0.0367010728241562,0.0184453712255772
5497.25,0.0416434828828828,0.01723538006006
5497.5,0.036778,0.00750706666666657
5497.75,0.032376,0.0105079999999999
5498,0.044316750307503,0.00862239544895447
5498.25,0.0354053333333333,0.0127752666666666
5498.5,0.0352958941212681,0.013090275900277
5498.75,0.0421427820155038,0.00857501674418596
5499,0.0368253333333333,0.00816973333333332
5499.25,0.0381356430847673,0.0170949627788399
5499.5,0.03763,0.00577466666666664
5499.75,0.0409294751071546,0.00876450405539067
5500,0.0345338054750402,0.00745476676328492
5500.25,0.0428309977280104,0.0073959278156442
5500.5,0.0339853333333333,0.0101009333333333
5500.75,0.0396317238658777,0.00831125719921103
5501,0.0360782603953647,0.0144313041581459
5501.25,0.036352,0.0166282
5501.5,0.0311242040285899,0.0024709291747888
5501.75,0.0273321306175234,0.00364917044940183
5502,0.0393813333333332,0.0077106
5502.25,0.03976,0.00688226666666664
5502.5,0.0403279999999999,3.78666666666667e-05
5502.75,0.0505450703999999,0.00649932864
5503,0.109023169238305,0.0051555424932647
5503.25,0.0574754031910305,0.00911873911168606
5503.5,0.142615333333333,0.0172813999999999
5503.75,0.254329432506887,0.0141262903948576
5504,0.216786666666667,0.00241399999999993
5504.25,0.146213803037727,0.0316970298873101
5504.5,0.156034793191746,0.0348215912034945
5504.75,0.18611313392984,0.0175382201391848
5505,0.21412480710519,-0.0100430219261726
5505.25,0.156376243231987,0.00580272955712896
5505.5,0.21054629476584,-0.00520451515151506
5505.75,0.228528110932476,0.00179037344051445
5506,0.295951524836862,0.00976261819150347
5506.25,0.454879847948617,0.0406922786734827
5506.5,0.212944368448637,-0.00316808102725359
5506.75,0.342907328660436,0.0361302632398754
5507,0.176138003025718,0.00304799455370649
5507.25,0.228919319193506,0.0127725486252945
5507.5,0.174332696958127,0.026126409571083
5507.75,0.255740549882168,0.0459578036135114
5508,0.225892913845745,0.0319936198061861
5508.25,0.199456376392901,0.0155528483973036
5508.5,0.138664808284355,-0.00363687713406097
5508.75,0.138977241841004,0.00316826597489533
5509,0.247120430555555,0.0688237513888888
5509.25,0.192795957620212,0.0140726976365117
5509.5,0.271332167080232,0.00652996611524673
5509.75,0.0957628477905073,-0.000166751227495834
5510,0.280243349593496,0.0269758054200541
5510.25,0.190511015783084,0.00672001543234855
5510.5,0.28258,0.0353106666666666
5510.75,0.173435294117647,0.000876705882352935
5511,0.197982659380692,0.0104369224043716
5511.25,0.200388677337826,-0.00667962257792747
5511.5,0.190034413735343,0.00130147638190947
5511.75,0.0346510414184397,0.0039236513475177
5512,0.195536027693639,0.0155767589211019
5512.25,0.190475120815138,0.0110136109461426
5512.5,0.0274780660660661,0.00254029983183177
5512.75,0.251337328316086,0.0146511271872059
5513,0.0348161027681087,0.00211034030830431
5513.25,0.0371848621399177,0.00653337081618654
5513.5,0.167086666666667,0.00343166666666664
5513.75,0.185546666666667,0.00581253333333325
5514,0.172864718123345,0.0172391116155883
5514.25,0.151324666666667,0.0118428
5514.5,0.151170068441065,0.0195877005975013
5514.75,0.185748787218591,0.0307054117647059
5515,0.114688666666667,0.00686333333333329
5515.25,0.221040572246066,0.03275547925608
5515.5,0.0303406666666666,0.00780053333333329
5515.75,0.352357288515406,0.0181056708870214
5516,0.0746199886039886,0.00797465527065521
5516.25,0.0392866666666666,0.0125812
5516.5,0.287080316330565,0.0230995088967971
5516.75,0.038482,0.0132675333333332
5517,0.0663139999999999,0.00668346666666661
5517.25,0.263173333333333,0.0216265999999999
5517.5,0.0409809233375688,0.0153914527742482
5517.75,0.0978853333333333,0.0152460666666666
5518,0.164373750832778,0.0207371085942704
5518.25,0.100577988208617,0.0212389239002267
5518.5,0.0364213388927495,0.00989052202918687
5518.75,0.0446677718023255,0.013798220494186
5519,0.0383112631578947,0.00932383157894733
5519.25,0.0419537728722099,0.0182856015697816
5519.5,0.0398727420604182,0.0158924728117738
5519.75,0.0396017197452228,0.0133477738853502
5520,0.0377891984063744,0.0152291888446214
5520.25,0.0397432829176723,0.0148860096540627
5520.5,0.0423633333333332,0.0161122666666666
5520.75,0.035784,0.0141810666666666
5521,0.0411936233306078,0.0170733616789315
5521.25,0.0514513333333333,0.00983113333333332
5521.5,0.0393148108108108,0.0127820388513513
5521.75,0.0395841962457338,0.0157532804891922
5522,0.0383082089552238,0.00901898203427307
5522.25,0.0373439215686274,0.0152507450980392
5522.5,0.0386082609882609,0.0141547832923833
5522.75,0.0391298062015503,0.0156329734219269
5523,0.0408828210702341,0.00804392006688956
5523.25,0.0357698203147353,0.00982370626609432
5523.5,0.0486240033670033,0.00954523681257005
5523.75,0.0483417647058823,0.00836411764705876
5524,0.040843125203252,0.00954434336043355
5524.25,0.0441936995850622,0.0172147680221299
5524.5,0.0392866666666666,0.0151513999999999
5524.75,0.0370782013422819,0.0150299137583892
5525,0.0371863691275167,0.014741569574944
5525.25,0.0438803344671201,0.0185517606575963
5525.5,0.0362882169222033,0.00882571124361148
5525.75,0.0317496470588235,0.004515294117647
5526,0.0429373480662983,0.014414681136543
5526.25,0.0471792346786247,0.0162095723966118
5526.5,0.0395101223880596,0.00722688159203974
5526.75,0.0337539638989169,0.00649382404332126
5527,0.124562966112957,0.0733345240310077
5527.25,0.119660588973906,0.0267432218952325
5527.5,0.192973740803622,0.0154995370684776
5527.75,0.130095255519363,0.0121239116901917
5528,0.242010828765986,0.0470206078724464
5528.25,0.243741387354205,0.0966904063842848
5528.5,0.199931948283549,0.0353836397681676
5528.75,0.15537660518487,0.0312267233319167
5529,0.214302947543714,-0.0100513771856786
5529.25,0.259965892420538,0.015768422982885
5529.5,0.216705784195748,-0.0102650108303249
5529.75,0.331922290076336,-0.000178150381679317
5530,0.280598496732026,0.0339721256913022
5530.25,0.2322814921875,0.000235647890624893
5530.5,0.442560675105485,0.0379337721518986
5530.75,0.432352622120982,0.0170188419640597
5531,0.179354501108647,0.0331519623059866
5531.25,0.211891449814126,0.0344442379182156
5531.5,0.150680140257771,0.016258973085671
5531.75,0.217615265917603,0.0392366918851436
5532,0.225824010120177,0.0372278912080961
5532.25,0.160644225028703,0.00864825105243005
5532.5,0.153833333333333,0.00922999999999993
5532.75,0.238086666666667,0.0369034333333333
5533,0.175606666666667,0.0319026666666666
5533.25,0.193016565846033,0.00948372664321993
5533.5,0.11213741078208,0.0112941771956466
5533.75,0.0713167678660669,0.00127943703148422
5534,0.113534905730129,0.0087975430683918
5534.25,0.432780014776505,0.00490484016746697
5534.5,0.0621273578027465,0.00771871048689129
5534.75,0.358054969183359,0.0048610111710323
5535,0.420010861686873,0.0130975202190066
5535.25,0.0437747018511224,0.00660651784166988
5535.5,0.355807352902805,0.0107735816829745
5535.75,0.196426942017474,0.000370079745829998
5536,0.31098,-0.00357366666666661
5536.25,0.257756767019257,-0.00165531868727961
5536.5,0.0520726235827663,0.00281626893424031
5536.75,0.279266666666667,0.0123729333333332
5537,0.02747979437751,0.00269112469076298
5537.25,0.161183791708459,0.00175045503176186
5537.5,0.0365224293843765,0.00447068598034143
5537.75,0.254855399610136,0.0164261161084529
5538,0.188487841031149,0.0280363823845327
5538.25,0.170029363784665,0.0331084955591806
5538.5,0.150841794676806,0.0195451648741626
5538.75,0.185849847494553,0.0307221176470588
5539,0.300872662590328,0.0250254148601074
5539.25,0.365413333333333,0.0405173333333333
5539.5,0.0329154862700228,0.00932526510297472
5539.75,0.302497930775019,0.0113901376034612
5540,0.222851335254563,0.0255093656099903
5540.25,0.0433099999999999,0.0167418
5540.5,0.0445566576576576,0.0172556642381511
5540.75,0.0403135202112533,0.013601638594353
5541,0.19399476357763,0.0152931907126994
5541.25,0.232984792703151,0.0107808849087893
5541.5,0.25794740649404,0.0168560157418824
5541.75,0.0614004500648507,0.00649144742758319
5542,0.0389047748215444,0.0131226798182998
5542.25,0.0864123339942718,0.0120000267547917
5542.5,0.0407736901535681,0.0156188775971092
5542.75,0.0364035631205673,0.0113192329078013
5543,0.038282947368421,0.00931694035087717
5543.25,0.0380846350639578,0.0149685879107098
5543.5,0.0376594214229867,0.0139126692728693
5543.75,0.0396017197452228,0.0133477738853502
5544,0.0377891984063744,0.0152291888446214
5544.25,0.0398713837489943,0.0149339903459372
5544.5,0.0424666585365853,0.0161515648780487
5544.75,0.0380240793388429,0.011886080661157
5545,0.0304077092896175,0.012970493387978
5545.25,0.0381506666666666,0.0101245999999999
5545.5,0.0352454448160535,0.0084418525083611
5545.75,0.0426946666666666,0.0148579333333333
5546,0.0439194563758389,0.0177388973154362
5546.25,0.030706381032078,0.0133092381589958
5546.5,0.0381033333333332,0.0170542
5546.75,0.0344707656879677,0.0127641404720782
5547,0.0372831993156544,0.00749927630453378
5547.25,0.0319973333333333,0.00868093333333332
5547.5,0.041285431858407,0.0174221684955752
5547.75,0.0387057690709409,0.0153259685366577
5548,0.0359421687315634,0.0140070140412979
5548.25,0.0369966925110132,0.0145482523935389
5548.5,0.0402092711814716,0.011147641102316
5548.75,0.0349958604514805,0.00897123611844026
5549,0.0416059999999999,0.0116264866666666
5549.25,0.0382314190726159,0.0161879503062117
5549.5,0.0314095764499121,0.006722502108963
5549.75,0.0432448797862867,0.0184976179875333
5550,0.0319165999439304,0.00681296652649285
5550.25,0.0349430042462844,0.00475980382165602
5550.5,0.048223125751634,0.0133110985620914
5550.75,0.0578123421118635,0.0159667691998996
5551,0.0408201410614524,0.00667879944134074
5551.25,0.0565738234234234,0.00167538252252249
5551.5,0.102840489828802,0.00642871323262839
5551.75,0.129530544697792,0.0120712848353239
5552,0.287024285714286,0.0235009999999999
5552.25,0.146500075779846,0.0317590896619304
5552.5,0.253934853420195,0.0140181444082519
5552.75,0.242088331851852,0.0134925160296296
5553,0.144761603516483,0.0121747491868131
5553.25,0.152392989023686,0.0304406655112651
5553.5,0.2783484,0.007207068
5553.75,0.246437076648841,0.0203310588235293
5554,0.24784396975945,0.00223813470790372
5554.25,0.269683088824423,0.00927214294792092
5554.5,0.261226307320998,0.0257907642799678
5554.75,0.287873450760608,0.0513041793434747
5555,0.345005398523046,0.0467884033613445
5555.25,0.150615671849324,0.0153086339021615
5555.5,0.149204553196866,0.0160997515036643
5555.75,0.258662723225975,0.0464829321811992
5556,0.227064277180406,0.0321595221027478
5556.25,0.155092753894081,0.0196823018974794
5556.5,0.139485070398643,0.0158289933276788
5556.75,0.153598369304556,0.0127824277613203
5557,0.246503913888889,0.0686520497222222
5557.25,0.195094922575387,0.0142405052974735
5557.5,0.18147465985057,0.00743522162799835
5557.75,0.223500740740741,0.0179937037037037
5558,0.316591709062003,0.00632234117647049
5558.25,0.0285814474868234,0.00303010585422286
5558.5,0.0814465191988774,0.00834307151422367
5558.75,0.303054361432947,0.0335727409774936
5559,0.172482861054072,-0.00151690406570833
5559.25,0.365595355626327,0.0244991454352442
5559.5,0.0365204121968121,0.00352381610533609
5559.75,0.0284713091726366,0.00283576134288514
5560,0.192423426474739,0.000107475523567583
5560.25,0.0376756098829649,0.00523298621586467
5560.5,0.182015103073077,-0.000452432127628191
5560.75,0.0356693076923076,0.00444922713675207
5561,0.0347815972153157,0.00210824879164585
5561.25,0.173073116474292,0.000712235047219264
5561.5,0.0329553362429532,0.00364778219676304
5561.75,0.182132873943403,0.0148118968393972
5562,0.207517309682188,0.0644445957132298
5562.25,0.223288938381589,0.0519430623608017
5562.5,0.197785224019334,0.0537728577802565
5562.75,0.0305993359375,0.00450267578124996
5563,0.321454569683509,0.0553300122154358
5563.25,0.211347273399926,0.0344854591194968
5563.5,0.352589869354237,0.0267055938783128
5563.75,0.0353318107784431,0.0126171506586825
5564,0.28542,0.0128888666666666
5564.25,0.271837764350453,0.00959705498489415
5564.5,0.0404226666666666,0.0148721333333333
5564.75,0.0650207722731905,0.0065779032008154
5565,0.0408836250783699,0.0151604215256007
5565.25,0.0401347750159336,0.0141015352028893
5565.5,0.059128543814433,0.0106573287371133
5565.75,0.100566570700637,0.0203876726114649
5566,0.0722786923758864,0.00619058000886514
5566.25,0.0571928245493954,0.0169490104950947
5566.5,0.0501599999999999,0.0122359999999999
5566.75,0.0431407014037592,0.0123205321912919
5567,0.0383112631578947,0.00932383157894733
5567.25,0.04204645425558,0.0183259968604365
5567.5,0.039618,0.00985953333333325
5567.75,0.0392525281853281,0.00829138548262539
5568,0.0420135329684649,0.0163611756059421
5568.25,0.0514835379746835,0.0119515356012658
5568.5,0.0307870879443998,0.0132072829724672
5568.75,0.0378500557812077,0.0159974516111562
5569,0.0376618445739661,0.0119790183180682
5569.25,0.0401249388097233,0.0152209478625314
5569.5,0.0350444266441821,0.00807298735244516
5569.75,0.0397194112627986,0.0158070918657564
5570,0.0538618033898304,0.0128822640677965
5570.25,0.0374726399089098,0.0124687722174779
5570.5,0.0393203025114155,0.0106022695205479
5570.75,0.0433787868576242,0.0164300699241785
5571,0.0357973916737468,0.0143094739167374
5571.25,0.0399019999999999,0.0112852133333333
5571.5,0.0358147158798283,0.00827623130185977
5571.75,0.0408252482517482,0.0174443772727272
5572,0.043423550522648,0.0158668425087107
5572.25,0.0392270554561717,0.0145632812164579
5572.5,0.0402445734388742,0.0111574283201407
5572.75,0.0350574728818528,0.00898703054822628
5573,0.0418410621468927,0.0185181959322033
5573.25,0.0437741307759372,0.0156478305143853
5573.5,0.0370600722125938,0.013289694685153
5573.75,0.0300672538439222,0.00547619889759207
5574,0.0299835299512753,0.00646490306678129
5574.25,0.0516593489339573,0.0106452445137805
5574.5,0.0396278518518518,0.00783031111111104
5574.75,0.0451425829573934,0.0120411800501253
5575,0.0452346018194541,0.0120011132726848
5575.25,0.0923295639851754,0.00352591541312398
5575.5,0.0781010649299387,0.0121290811920268
5575.75,0.13055536,0.0124958079999999
5576,0.214788632872504,0.00239175115207363
5576.25,0.146285371223257,0.0317125448309652
5576.5,0.254291670544439,0.014037842035055
5576.75,0.174821947148818,-0.00208838792149585
5577,0.221739784656797,0.0042370659488559
5577.25,0.170477454545455,0.00242077985454543
5577.5,0.25962631294964,0.00837046582733803
5577.75,0.23856,0.01207
5578,0.241034079358003,0.00439449166295134
5578.25,0.161025497797357,0.0318250983847283
5578.5,0.276668087336244,0.0192720167685588
5578.75,0.264820842648323,0.0149465073086844
5579,0.270759329087049,0.0223506392073601
5579.25,0.18893161497625,0.00244244761106448
5579.5,0.185940231560892,-0.00610338164665516
5579.75,0.171118913011372,0.00638623346625304
5580,0.197227763401109,-0.000754610573012889
5580.25,0.124416681111634,0.0144277952896844
5580.5,0.209255117861098,0.0067151869640879
5580.75,0.179734541966427,0.00878387709032764
5581,0.198308329297821,0.0175698353510895
5581.25,0.164728328445748,0.0236411260997067
5581.5,0.21868,0.0226253333333333
5581.75,0.0583290945924886,0.00923940470624897
5582,0.0518035736940298,0.00181477788246261
5582.25,0.218708752876208,-0.00426980211688903
5582.5,0.244574988157271,0.0033860576030317
5582.75,0.0324388326797385,0.00216574130718951
5583,0.0379916257367386,0.00489748305500974
5583.25,0.0319815399802566,0.00188572635735432
5583.5,0.0339412278081964,0.00132896638460256
5583.75,0.0359559331015068,0.00516777479715182
5584,0.0385001636093208,0.0020265730292513
5584.25,0.0340095772357723,0.00568418495934957
5584.5,0.2485,0.026128
5584.75,0.16685113964687,0.00631752605671482
5585,0.14897126160568,0.0057667820862916
5585.25,0.189540464436755,0.00786718216070735
5585.5,0.196175404188687,0.00735301514973568
5585.75,0.03030836829559,0.00356959989272939
5586,0.195022392344498,0.0161576523125996
5586.25,0.135915792356186,0.00880627994483844
5586.5,0.0439028178733031,0.00582860819381589
5586.75,0.0306679058779761,0.00451276581101186
5587,0.28212002688172,0.0195824489247311
5587.25,0.0408034751131222,0.0129683266968326
5587.5,0.253233333333333,0.0202728666666666
5587.75,0.275756541414141,0.0204692569696969
5588,0.0410128695652173,0.0161780869565216
5588.25,0.161831296891747,0.0166549410503751
5588.5,0.235246666666667,0.0334646666666666
5588.75,0.102269140065147,0.0162254380456026
5589,0.0723253333333333,0.00927733333333332
5589.25,0.235555389326334,0.0220199263342082
5589.5,0.144419960731212,0.0197078502369668
5589.75,0.190489497464269,0.0496785265099123
5590,0.0393069291121817,0.00592678485891256
5590.25,0.0408486666666666,0.00656986666666657
5590.5,0.0474395221637866,0.0145887236664161
5590.75,0.0640916282828282,0.0279215747474747
5591,0.0372705568326947,0.0132227389527458
5591.25,0.0376773333333333,0.0139207333333333
5591.5,0.0365540724279835,0.0110989732235939
5591.75,0.0441619999999999,0.0168080666666666
5592,0.040612,0.0171867333333332
5592.25,0.0359733333333332,0.0112132666666666
5592.5,0.0353106666666666,0.00731773333333332
5592.75,0.0412867423208191,0.0140649222980659
5593,0.037914,0.0156625999999999
5593.25,0.0425053333333333,0.016756
5593.5,0.0434335325131809,0.0157897012302284
5593.75,0.035705139061116,0.00888123844109825
5594,0.0392523251748251,0.0164103094405594
5594.25,0.0381640763765542,0.0129105239786855
5594.5,0.0348373333333333,0.00868093333333332
5594.75,0.0355473333333333,0.00944299999999993
5595,0.0389553333333333,0.00888446666666664
5595.25,0.0402451457965902,0.0181599717813051
5595.5,0.0458659999999999,0.0101056666666666
5595.75,0.0337172725581395,0.0107961477209302
5596,0.0334319684308263,0.00949847273289999
5596.25,0.033796,0.00857679999999996
5596.5,0.0410947563748079,0.013997753609831
5596.75,0.0398073333333332,0.00866199999999996
5597,0.0365886666666666,0.0129787999999999
5597.25,0.031410738095238,0.00876468559218556
5597.5,0.0399019999999999,0.0164009999999999
5597.75,0.0297253333333333,0.00697219999999993
5598,0.0385986306954436,0.0138509336930455
5598.25,0.0256582891156463,0.00292967573696143
5598.5,0.035054760053981,0.00587391336032386
5598.75,0.0743682581916728,0.00814261374722831
5599,0.0887026666666666,0.00814133333333329
5599.25,0.106147869146889,0.0287129039982895
5599.5,0.0932283946078431,0.0109256470588235
5599.75,0.129827626666667,0.0124261546666666
5600,0.166809801840057,0.00506344004493976
5600.25,0.203428850102669,-0.00694496632443526
5600.5,0.212837680727874,-0.0050259895781637
5600.75,0.212053333333333,0.00899333333333329
5601,0.153241710575139,-0.00672445083487933
5601.25,0.2556,0.0101567866666666
5601.5,0.154733911705891,-0.00326080359944623
5601.75,0.2556,0.00665033333333329
5602,0.256386461538462,0.014993860102564
5602.25,0.191783239253148,0.00781339122883195
5602.5,0.21908451536643,0.00511324208037821
5602.75,0.154987649905261,-0.00316301326337262
5603,0.192561349276646,-0.00103614092116908
5603.25,0.17687361148904,0.00563482339229022
5603.5,0.166537219430486,0.00561116881376571
5603.75,0.161920466878884,0.0119089891768986
5604,0.164486305426357,0.00649025860465114
5604.25,0.16842684351808,0.00709663666508754
5604.5,0.126981293397745,0.00557506542995167
5604.75,0.169255682790391,0.0147474032247449
5605,0.178710641025641,0.0180654178500986
5605.25,0.236337353123067,0.0138871828695114
5605.5,0.287854190520882,0.0138822291881745
5605.75,0.271843283265058,0.0168937901987559
5606,0.217196084356311,0.0133969200503619
5606.25,0.20940678070581,-0.00206090383726303
5606.5,0.335593333333333,0.0120037333333333
5606.75,0.0378070064874884,0.00132656163113988
5607,0.232040412434595,0.0137519460757156
5607.25,0.0348389540337711,0.00299757204502806
5607.5,0.0351716347634763,0.0011990330033003
5607.75,0.22852405106648,0.00961131300015568
5608,0.243651952941176,0.0145292261647058
5608.25,0.169209046932564,0.000397026814031703
5608.5,0.246820927021696,-0.00351118106508873
5608.75,0.16023535060449,0.00246515924006902
5609,0.137718510012405,0.00540834038631931
5609.25,0.13033476635514,0.00680959868059372
5609.5,0.155916,0.00216786666666661
5609.75,0.0344790082644628,0.00423409799291611
5610,0.19596,0.0162353333333333
5610.25,0.152403111377724,0.0213098812237552
5610.5,0.175045452408931,0.017288091186839
5610.75,0.177863743842365,0.0120483764778325
5611,0.217733333333333,0.0144556
5611.25,0.026238607497467,0.00188027566362708
5611.5,0.0278965215782983,0.00276123464858196
5611.75,0.165603457920792,0.00368743069306924
5612,0.0410882608695652,0.0162078260869565
5612.25,0.152839333333333,0.0134284666666666
5612.5,0.0605393333333333,0.00789519999999996
5612.75,0.294263589047296,0.0132893233763294
5613,0.165507276950834,0.0201976585475868
5613.25,0.152588029587211,0.0148520276783583
5613.5,0.0472404871794871,0.0142712520710059
5613.75,0.0388175863671572,0.0127266904208623
5614,0.0439253333333333,0.0191747333333333
5614.25,0.0316918709150326,0.00921385484749453
5614.5,0.0400535914332784,0.00745874299835254
5614.75,0.0436887075064711,0.00822874685073329
5615,0.034605758462421,0.0101739985656912
5615.25,0.0368865882352941,0.00788805502262439
5615.5,0.0387290516772438,0.00976769465095193
5615.75,0.0395004857316333,0.00836955069823914
5616,0.0482383327194598,0.00977995580110496
5616.25,0.0356610746268656,0.00806167910447758
5616.5,0.0394403396567299,0.0128772236073471
5616.75,0.0335428866359446,0.0121251849953917
5617,0.0344586666666666,0.00953766666666661
5617.25,0.0390499999999999,0.0094146
5617.5,0.0377164884169884,0.01510562007722
5617.75,0.0312873333333333,0.0101766666666666
5618,0.0370113815575105,0.0152666055392635
5618.25,0.0378023788027478,0.0155834525351651
5618.5,0.0316337889878009,0.00949013669634019
5618.75,0.0402333333333333,0.0153691333333333
5619,0.0405488120740019,0.00867886854917235
5619.25,0.0328493333333333,0.0107135213333333
5619.5,0.0381310544488711,0.0107503146082337
5619.75,0.033293798019802,0.0110367517623762
5620,0.0330564692333004,0.0113293104310628
5620.25,0.0477129102564103,0.00914457962213223
5620.5,0.0309238056680161,0.0095095445344129
5620.75,0.0407945916334661,0.00723499900398405
5621,0.0314293333333333,0.00619119999999996
5621.25,0.0342138195138195,0.0136572129204129
5621.5,0.0387277692307692,0.0149425825115055
5621.75,0.0333072981107908,0.00948049836695477
5622,0.0369458854166666,0.01334051171875
5622.25,0.0324552137254902,0.00357436274509794
5622.5,0.0362809999999999,0.0141203006510416
5622.75,0.0280955266347687,0.00644301967464113
5623,0.0364675607622618,0.00787206123086532
5623.25,0.036378732525629,0.0069450307548928
5623.5,0.028126789560621,-0.000257671595639199
5623.75,0.02107311334002,0.00115029969909723
5624,0.0229709236947791,0.00102938451807226
5624.25,0.0219568381330685,0.00329305755710024
5624.5,0.0256990416666666,0.00476471570312496
5624.75,0.0278576752767527,0.00611163284132835
5625,0.0205725703971118,-9.32996389891689e-05
5625.25,0.026128846750149,0.00501467453786521
5625.5,0.024209462641049,0.000957008112229313
5625.75,0.0206485992444057,-0.000189003196745115
5626,0.0272351700801424,0.00579982119323233
5626.25,0.198326666666667,0.0116283799999999
5626.5,0.0351687511150758,0.0120053969669937
5626.75,0.0443513333333333,0.003834
5627,0.0323340275095112,0.0020308202516827
5627.25,0.0283999999999999,0.006565938
5627.5,0.0404129968526466,0.00831865659513588
5627.75,0.039841738980121,0.00601652895419186
5628,0.0160459999999999,-0.001278
5628.25,0.0575124827975183,0.00904648121827408
5628.5,0.0296046001648804,0.00343734432536411
5628.75,0.0291802888146911,0.00676301669449074
5629,0.165491405405405,0.00543670434070434
5629.25,0.0183834024896265,0.00162622406638999
5629.5,0.037424756302521,0.00760750084033611
5629.75,0.0289452173174873,0.0038372546689303
5630,0.032918475949367,0.00574307316455694
5630.25,0.0282589388429751,0.00177337814876023
5630.5,0.0271611031947978,0.00268746943737629
5630.75,0.0199699045967042,0.000878109280138722
5631,0.0590205782131195,-0.000338759988127004
5631.25,0.0281668987012987,0.0017842207792207
5631.5,0.0237643361157484,0.000667553299944259
5631.75,0.0242048866155157,0.00106944158567775
5632,0.0248607485281748,0.00356022901597978
5632.25,0.0221621173512153,0.000694633528918675
5632.5,0.0272860379495893,0.00359701161144143
5632.75,0.0229582205387205,1.330911335578e-05
5633,0.0186452190949227,-0.00036718206401756
5633.25,0.0332079533991227,0.0043298244517543
5633.5,0.033694538893344,0.00447244202085001
5633.75,0.0415530444087747,0.00425918705189936
5634,0.0266486666666666,0.00266723333333329
5634.25,0.192113084294133,0.00204005575198557
5634.5,0.0321866666666666,0.0115256666666666
5634.75,0.0342183373015872,0.011673935515873
5635,0.0274468131049888,0.00310495035989069
5635.25,0.0404085887708648,0.0148401133029842
5635.5,0.0382637009581441,0.0148325050932929
5635.75,0.0489894279959717,0.00949384615307143
5636,0.0427563423284503,0.0141275657671549
5636.25,0.0405321735731039,0.00796016028146986
5636.5,0.0480265054112554,0.0085940420887445
5636.75,0.0462544557988645,0.00755773214382262
5637,0.0377593026455026,0.0138277496296296
5637.25,0.0377893417922283,0.0147231816019032
5637.5,0.0404397278043593,0.0147631081339712
5637.75,0.0459832028191072,0.0155482772122161
5638,0.0380498308766485,0.0127964363072148
5638.25,0.0409367549342105,0.00909863053728067
5638.5,0.0382156592844973,0.0153668674616695
5638.75,0.035056501987507,0.0106259099943214
5639,0.0490322327586207,0.0106354939655172
5639.25,0.0399747197231834,0.00984247531718567
5639.5,0.0418452097053726,0.00850203466204497
5639.75,0.0379613333333333,0.0157336
5640,0.0357518490566038,0.0114085758227014
5640.25,0.0377246666666666,0.00875666666666664
5640.5,0.0395116603432701,0.0129005097259861
5640.75,0.0414851765399351,0.0143071884468022
5641,0.0383873333333333,0.0148863333333332
5641.25,0.0353257684594348,0.0136290314190215
5641.5,0.0347426666666666,0.00994946666666664
5641.75,0.0505995977653631,0.0161058850403476
5642,0.03696676828895,0.0133909259871442
5642.25,0.0504095156589146,0.0157956132713178
5642.5,0.0393128152309612,0.0112589247191011
5642.75,0.0429649132075471,0.0151420494339622
5643,0.0318424161158325,0.00804564312244254
5643.25,0.0406031165876777,0.0103331852132701
5643.5,0.0351213333333333,0.01135432
5643.75,0.0380672847682119,0.0150992348155156
5644,0.0368726666666666,0.0143751333333332
5644.25,0.0393813333333332,0.0143325333333332
5644.5,0.040573211079274,0.0132690478191658
5644.75,0.0324547817652764,0.00946163491755577
5645,0.038078954887218,0.00590554511278186
5645.25,0.0479994130297279,0.0147966694497154
5645.5,0.0389136799999999,0.017869884063492
5645.75,0.0333392628882484,0.00948959673390969
5646,0.0258180559748427,0.00218061094339621
5646.25,0.0356278397017707,0.0179560521901211
5646.5,0.0290966847352025,0.00192555499127715
5646.75,0.0293077712106768,0.00478788443597071
5647,0.0316804015230183,0.00528637147801997
5647.25,0.029028945533769,0.00347595787944807
5647.5,0.0260152635135134,0.0055679298048048
5647.75,0.0492145703703703,0.0146691785185184
5648,0.0172772813852814,0.0048104805194805
5648.25,0.010451133097762,0.00223001884570077
5648.5,0.0213682316513761,0.00475478532110092
5648.75,0.0276429931034483,0.00734771655172404
5649,0.0262200573318633,0.00371373054024254
5649.25,0.0284649142857142,0.00821687192380942
5649.5,0.0280928484154257,0.00827777586865212
5649.75,0.0245186666666666,0.00512146666666657
5650,0.0301653715545755,0.00303355836824693
5650.25,0.0275315903890159,0.0070546758962623
5650.5,0.0160803314415436,0.00462931604994322
5650.75,0.0133854541284403,0.00300851752293577
5651,0.0267056169312168,0.000552041904761898
5651.25,0.036055750798722,0.00539493008519693
5651.5,0.0256483723404255,0.00503450425531905
5651.75,0.0815832985386221,-0.000526496868475919
5652,0.0416135179380007,0.00670350790665266
5652.25,0.0684927962778331,0.00759994948487869
5652.5,0.0266859442060086,0.00580478326180249
5652.75,0.0319482205513783,0.00476057618331543
5653,0.026146429787234,0.00328985297872337
5653.25,0.0263646666666666,0.00508833333333325
5653.5,0.0268853333333333,0.00509306666666664
5653.75,0.0243308869438366,0.0049929986141502
5654,0.0248568936752136,0.00156840820512814
5654.25,0.0262635186721991,0.00434537529045636
5654.5,0.0428014384133611,0.0076562308977035
5654.75,0.026172375,0.00417137124316938
5655,0.0417234185662371,0.00557421070366691
5655.25,0.0340165363128491,0.00544264581005583
5655.5,0.0267690976236352,0.00345250290944114
5655.75,0.0272303796203795,0.00539380119880113
5656,0.0258705826170009,0.00371444603629414
5656.25,0.0291666342412451,0.00657193174448767
5656.5,0.0282151551724137,0.00411578431034477
5656.75,0.0245655923444976,0.00180685148325356
5657,0.0265023516279069,0.00147602065116276
5657.25,0.025230108956602,-0.00120031301939057
5657.5,0.0265767706986764,0.00527752243767308
5657.75,0.0254422768569674,-0.00056904168201347
5658,0.0322632239347235,0.00357690661831366
5658.25,0.0325291197119711,0.00434353843384328
5658.5,0.0259386666666666,0.00167465333333329
5658.75,0.045142608477552,0.0155417521946325
5659,0.0383204149758454,0.0144802853623187
5659.25,0.0403471775417298,0.014817559939302
5659.5,0.0415110815602836,0.00962582679837888
5659.75,0.0464570027798837,0.0161746217841799
5660,0.0338402716232961,0.00881926631970252
5660.25,0.0451542955738934,0.0149211639909977
5660.5,0.0332547306547619,0.0132829166666666
5660.75,0.0424112949852507,0.00761797536873156
5661,0.042758371442354,0.0150789478051133
5661.25,0.0452163858585858,0.00969125257575749
5661.5,0.0382713870211102,0.0130772340891321
5661.75,0.0461995943617854,0.0156214455755676
5662,0.0381387323506593,0.0128263345228859
5662.25,0.0437021223857474,0.00941676684740506
5662.5,0.0425895387808041,0.00770757582360567
5662.75,0.0376128778135048,0.014334580385852
5663,0.0315013736263735,0.0105067739403454
5663.25,0.0375950554229647,0.0144406732431715
5663.5,0.037912507330567,0.0128388779529737
5663.75,0.0425526666666666,0.0139444
5664,0.0434639967506092,0.0170072396425669
5664.25,0.0369815846538782,0.0148353049207672
5664.5,0.0410985033222591,0.0185581734219269
5664.75,0.0392724187745925,0.0154910505902192
5665,0.0403279999999999,0.0086052
5665.25,0.0419954821894004,0.0151145902114103
5665.5,0.0407430235632183,0.017468040229885
5665.75,0.0361153333333333,0.0140863999999999
5666,0.0397004976359338,0.0165197655437351
5666.25,0.0344276228228228,0.00796848138138134
5666.5,0.0322339999999999,0.0109529333333333
5666.75,0.033732110806697,0.00754234837138504
5667,0.0417779946524063,0.0160550237076649
5667.25,0.036778,0.0142
5667.5,0.0387186666666666,0.0151324666666666
5667.75,0.044256103653356,0.0174959442650806
5668,0.0360394548551958,0.0167932538330493
5668.25,0.0369966925110132,0.0145482523935389
5668.5,0.0373459999999999,0.0149336666666666
5668.75,0.0405068915223336,0.0171265979945304
5669,0.0365555547511311,0.0129670544796379
5669.25,0.0415786470046082,0.0166979086943164
5669.5,0.0333089387008233,0.00642082946020122
5669.75,0.0465707359855334,0.00978317088607585
5670,0.0364152200172563,0.0143059792924935
5670.25,0.0425880188731612,0.0138245808492922
5670.5,0.0422213333333333,0.013206
5670.75,0.0411024744697564,0.0053286252945797
5671,0.102614906855792,0.006371482931442
5671.25,0.0772006666666667,0.0122688
5671.5,0.17270130790802,0.00974538911946158
5671.75,0.142869541602859,0.00426765451761099
5672,0.225881978319783,0.0270395408009635
5672.25,0.372192960135708,0.0338228583545377
5672.5,0.307003454146073,0.0219552547501372
5672.75,0.242084040565786,0.0130554163330664
5673,0.239046960972489,0.0110074984005117
5673.25,0.242255146022155,0.0258342401812688
5673.5,0.240850156193244,0.0296358590628405
5673.75,0.183961701614847,0.0333609303446613
5674,0.331439845776376,0.0679475391985044
5674.25,0.229969415204678,0.0192510479532164
5674.5,0.267622935129387,0.0447617121588089
5674.75,0.26607873694207,-0.00669982431149098
5675,0.207397681965693,-0.0026867426981919
5675.25,0.366486366514245,0.00363656355962011
5675.5,0.275514159818983,0.031684128379183
5675.75,0.205892797101449,0.0194140925120773
5676,0.227713032258064,0.0375393032258064
5676.25,0.159538874856487,0.00858874473784913
5676.5,0.188012228840125,0.0144045423197491
5676.75,0.192655024077047,0.0195015992509363
5677,0.187977737704918,0.0325638202185792
5677.25,0.193826528117359,0.0141479217603912
5677.5,0.192389697712418,0.00121114804738559
5677.75,0.224836174469788,0.0142396243830865
5678,0.278885691056911,0.0268451192411924
5678.25,0.292512622368061,0.0358198009297237
5678.5,0.211837814784728,-0.00559213918223658
5678.75,0.173221176470588,0.000875623529411737
5679,0.172057152635181,-0.00151316016427104
5679.25,0.267401803889119,0.025934182043856
5679.5,0.190903238900634,-0.00176018456659612
5679.75,0.191064678808414,-0.00176876707609761
5680,0.194179316313284,0.0154686808019616
5680.25,0.19089264628821,0.0110377530131004
5680.5,0.0363536387889688,0.00535777748201432
5680.75,0.0292993333333333,0.00468978666666661
5681,0.211211799468791,0.00379328814741032
5681.25,0.0286514812898775,0.00298354267977231
5681.5,0.210273232758621,0.0154531882543103
5681.75,0.0291483058419244,0.00254282474226795
5682,0.129874349132948,0.00359317456647394
5682.25,0.178976481331012,0.0189727384020119
5682.5,0.0438283642533936,0.00581872361236797
5682.75,0.186254088598402,0.0307889411764706
5683,0.0274239400428265,0.00243742087794425
5683.25,0.383130026553372,0.0504841295804567
5683.5,0.291422635327635,0.0116049499999999
5683.75,0.0442798426368953,0.0166547202551833
5684,0.0450589053134767,0.0169644650854936
5684.25,0.344969115797262,0.0104566393932667
5684.5,0.304798960612691,0.0193275619985412
5684.75,0.352003464566929,0.0213194551181102
5685,0.0920888787359603,0.00690191905577757
5685.25,0.14988657591623,0.00491007748691093
5685.5,0.117434,0.00656986666666657
5685.75,0.225555895734597,0.0383834075829383
5686,0.153371420461266,0.0760242191996846
5686.25,0.0418426666666666,0.01917
5686.5,0.0458068484461472,0.010210017624521
5686.75,0.039980598818122,0.014185287196323
5687,0.04348157930565,0.0126323934649421
5687.25,0.0363861795782989,0.00940530490405108
5687.5,0.0433901025641025,0.0169542808167141
5687.75,0.0385752470129236,0.00987659341623985
5688,0.0479959999999999,0.0129361999999999
5688.25,0.0348183296158612,0.0079752795539033
5688.5,0.0362845944862155,0.00896220010025054
5688.75,0.0417806666666666,0.0173375555555555
5689,0.0399480031225604,0.0175401149102264
5689.25,0.041732450711382,0.0128039516768292
5689.5,0.037033880121396,0.0092324564491654
5689.75,0.0335376012223071,0.00891493862999745
5690,0.0396266771570941,0.0157169905061631
5690.25,0.0454981026843888,0.0137531570497785
5690.5,0.0427706625577811,0.0129824320493066
5690.75,0.0382877368833202,0.0081984150352388
5691,0.0462841732283464,0.0152823307086613
5691.25,0.0391107815908486,0.0156490648576748
5691.5,0.0461442202713487,0.0150181035913806
5691.75,0.0441035431388661,0.0164665860312243
5692,0.0404226666666666,0.0160696666666666
5692.25,0.041322,0.00950453333333329
5692.5,0.0353003197389886,0.00787286916802605
5692.75,0.0456875374800638,0.0143683994683678
5693,0.0351686666666666,0.00811293333333325
5693.25,0.039334,0.0170683999999999
5693.5,0.0411326666666666,0.0189191333333333
5693.75,0.0434858674980514,0.0130173381137958
5694,0.0362296394716395,0.00977116674436669
5694.25,0.0565041232575201,0.0122393998532648
5694.5,0.0480906666666666,0.00903593333333329
5694.75,0.0539467151767151,0.0106071599875259
5695,0.0414099558916194,0.00769108506616256
5695.25,0.128430646313158,0.00216800357079088
5695.5,0.298849894179894,0.0597226924603175
5695.75,0.302657688808007,0.0800624167424931
5696,0.204683183948448,0.0324278670181605
5696.25,0.164381904761905,0.00255075369458126
5696.5,0.230567710100231,0.0114812346440503
5696.75,0.328922913165266,0.0198304392156862
5697,0.239874431222009,0.0110456012795904
5697.25,0.199923891472868,0.00581596775193795
5697.5,0.18440271864068,-0.00412417391304343
5697.75,0.182442448782839,0.0330854181730537
5698,0.18520533999049,0.00715243128863528
5698.25,0.251619992573338,0.0268678975120683
5698.5,0.361672702010969,0.00743385316270566
5698.75,0.263079610636277,-0.00662430674264003
5699,0.363616219686163,0.00523147446504992
5699.25,0.44344556572684,0.044152588795313
5699.5,0.371078656330749,0.0279017157622738
5699.75,0.160481180634559,0.0354772936417646
5700,0.156585923344948,0.0250102516453736
5700.25,0.166726878080415,0.0339359740596628
5700.5,0.167428496999454,0.0325845261865793
5700.75,0.174917917179172,-0.00704399179991796
5701,0.147161807757167,0.0169739927487352
5701.25,0.212968144952545,0.0212017394305436
5701.5,0.301138316749585,0.0136386820066334
5701.75,0.276279485903814,0.0112885329463791
5702,0.275944097560976,0.0265619658536584
5702.25,0.292392444626743,0.0358050844954881
5702.5,0.178446666666667,-0.003195
5702.75,0.0270081854804868,0.00280498624422995
5703,0.308043388960205,0.015938306033376
5703.25,0.297804334365325,0.0279841533244876
5703.5,0.181866073810582,0.00777369497554462
5703.75,0.0987894167403478,-0.00118908782788087
5704,0.22913329142344,0.0209683053435114
5704.25,0.229967873015873,0.0120030850491307
5704.5,0.252131012054948,-0.00139809489767303
5704.75,0.030438752400835,0.00419125500347941
5705,0.0320494564737074,0.000708113359846725
5705.25,0.0537370247933884,0.00070706611570245
5705.5,0.0386894974166275,0.00307337623297316
5705.75,0.257493333333333,0.0412746666666666
5706,0.226320546666667,0.0332824333333333
5706.25,0.226479586666667,0.0283336386666666
5706.5,0.0991693472845042,0.00481767722969605
5706.75,0.246726146640827,0.0446096027131782
5707,0.434306371681416,0.0461746207800721
5707.25,0.295062443914081,0.0236620124105012
5707.5,0.239733902593295,0.036035890575585
5707.75,0.228118006937875,0.0181740296436455
5708,0.104983225556631,0.00406998141013228
5708.25,0.238679384666009,0.013096645047713
5708.5,0.103072062626263,0.00377345349494947
5708.75,0.126494047619048,0.0129315476190476
5709,0.128055580400276,0.0183085382332642
5709.25,0.166053222222222,0.00396959027777776
5709.5,0.155377445736434,0.000846067071881514
5709.75,0.0788156923076923,0.0102792307692307
5710,0.0399467732371794,0.0164126057692307
5710.25,0.08461170590665,0.0164501985130111
5710.5,0.051059147338193,0.00953451424784625
5710.75,0.0399543992120813,0.0141759914642153
5711,0.045833615756738,0.018465613268832
5711.25,0.0440066094299788,0.0178809277973258
5711.5,0.0382435221976944,0.00898366465538379
5711.75,0.0423168377581121,0.00948822846607662
5712,0.0480313431516936,0.0129457259204712
5712.25,0.0374216187594554,0.00877276429652041
5712.5,0.0460425434949961,0.0142404027713625
5712.75,0.0453335278431372,0.0180765665882353
5713,0.0433916621799947,0.0184746159936658
5713.25,0.0335392676973148,0.0125061676159479
5713.5,0.0402806666666666,0.0164862
5713.75,0.0427054455445543,0.0155969777227722
5714,0.0428366666666666,0.0172246
5714.25,0.0372204705882353,0.0152003294117646
5714.5,0.0417858823529412,0.0164310588235294
5714.75,0.0433787868576242,0.0164300699241785
5715,0.0408145122630992,0.00803047993311029
5715.25,0.0400031885038039,0.0113138317948718
5715.5,0.0379934223724993,0.0146383634826711
5715.75,0.044673256301331,0.0176608589068252
5716,0.0361010607609312,0.0168219602498579
5716.25,0.0373933333333333,0.0154495999999999
5716.5,0.0343639999999999,0.0106357999999999
5716.75,0.03834,0.0161406666666666
5717,0.037708731111111,0.0154577373888889
5717.25,0.0374739509403107,0.015665340147179
5717.5,0.0363352118226601,0.0128159080459769
5717.75,0.0406873540474243,0.0150273851185609
5718,0.0302228062883026,0.00690671654676258
5718.25,0.0325123199999999,0.0026141981538461
5718.5,0.0406427201210287,0.0120649193645991
5718.75,0.0272838862144419,0.00388700642839776
5719,0.042996967611336,0.00172650089968508
5719.25,0.0962491305389221,0.018444195768463
5719.5,0.12120605085043,0.0047809579870243
5719.75,0.207653817230669,0.0377552394964852
5720,0.221417158774373,0.0258793132157226
5720.25,0.278447592433362,-0.000752998446546241
5720.5,0.139056536532466,0.00362160826894394
5720.75,0.271325492026449,0.00739634238298966
5721,0.296348108108108,0.0208293081081081
5721.25,0.1712854015844,0.00388215539305293
5721.5,0.239617735803366,0.0294842135851798
5721.75,0.137885229640499,0.00962639669845919
5722,0.430115834882856,0.0639476853849014
5722.25,0.194036941263391,0.0293179903952714
5722.5,0.445580421940928,0.0381926075949367
5722.75,0.171265844818785,0.0303629198570699
5723,0.392474085739283,0.0200270936132982
5723.25,0.211028188351921,0.0343039095415117
5723.5,0.175606666666667,0.0263173333333333
5723.75,0.257352783451165,0.0462475297198219
5724,0.132882506644746,0.00248091450883674
5724.25,0.155290492211838,0.019707396205041
5724.5,0.162610546357132,-0.00468248534968601
5724.75,0.134027732727273,0.00708276636363631
5725,0.164341333333333,0.0103518
5725.25,0.202021962025316,0.0284817848101266
5725.5,0.213679246704331,0.0138373785310734
5725.75,0.0547671557113643,0.00175102635115393
5726,0.334547871235722,0.0181193769470404
5726.25,0.23309169286035,0.00332179254602597
5726.5,0.28569260034904,-0.00271455427574164
5726.75,0.243696465364121,0.0506174931912374
5727,0.234289073561096,0.0138852136657432
5727.25,0.279549260093051,0.00347904475461495
5727.5,0.225410065779409,0.036747523328744
5727.75,0.264924754402224,0.0171894136546184
5728,0.243881380392157,0.0145429071686274
5728.25,0.270655615275813,0.0072285431400282
5728.5,0.0376221419270833,0.00333211181640621
5728.75,0.197074615781331,-0.00422977892384387
5729,0.0292362222222222,0.00227077454153172
5729.25,0.130049881619938,0.00679471431189291
5729.5,0.157129591227075,0.00141198528266209
5729.75,0.0295528392246294,0.00284161915621431
5730,0.172456746698206,-0.000621166725803254
5730.25,0.162489511742892,0.0121240354758961
5730.5,0.175252361927144,0.0173085262828045
5730.75,0.19963066976384,0.0515160662020906
5731,0.0361004245553643,0.0039455306942053
5731.25,0.209329246212121,0.0369515734848484
5731.5,0.163820584490741,0.00850160081018508
5731.75,0.0921579999999999,0.0148105999999999
5732,0.279285321568627,0.0140875499215686
5732.25,0.0376999759615384,0.0122809092548076
5732.5,0.04807206738437,0.016112430861244
5732.75,0.0649413333333333,0.00656986666666657
5733,0.0827251171627612,0.00462119620012658
5733.25,0.0639074410480349,0.00599339213973798
5733.5,0.244090251379522,0.0126822861230328
5733.75,0.111916333547696,0.00630680900321542
5734,0.0406391470588235,0.0152231024064171
5734.25,0.0430830793442622,0.0164348720437158
5734.5,0.0449193333333332,0.00964179999999996
5734.75,0.0432025962407803,0.0123382087080657
5735,0.0382263157894737,0.00930315789473684
5735.25,0.0401337176997759,0.0148769903908388
5735.5,0.0379070689232278,0.00890462948246254
5735.75,0.0413354540991654,0.0179989356897398
5736,0.0466687078003511,0.0129134166039629
5736.25,0.040770091883614,0.0170316822358346
5736.5,0.0392227147335423,0.0152390668234064
5736.75,0.0391754649881982,0.0153480660896931
5737,0.0433573333333333,0.01846
5737.25,0.0404352737905369,0.0163250930356193
5737.5,0.0405832687822077,0.00816880515324102
5737.75,0.0426233305485937,0.0148331080478975
5738,0.0428721568627451,0.0172388705882353
5738.25,0.0399019999999999,0.0167086666666666
5738.5,0.0413561504132231,0.0153960468319559
5738.75,0.0410249684797768,0.0120815216066945
5739,0.048807259382819,0.0085223528495968
5739.25,0.0399694590025358,0.0113042923076922
5739.5,0.0357532841201716,0.0082620353648068
5739.75,0.0442940266213537,0.0175109365052393
5740,0.0398204566523605,0.0116434636909871
5740.25,0.048427764436821,0.0115394282447112
5740.5,0.0423944216027874,0.0139030864111497
5740.75,0.0390555614636934,0.0137335109205259
5741,0.0418410621468927,0.0185181959322033
5741.25,0.0313346666666666,0.00736506666666661
5741.5,0.0411074970364097,0.013650344171606
5741.75,0.0482224225834046,0.009587247219846
5742,0.0393004433604335,0.011917517398374
5742.25,0.0517798606344253,0.0106700778991159
5742.5,0.0560001133890154,0.008622314755758
5742.75,0.0745879576250308,0.00816666873614188
5743,0.0604919999999999,0.00540073333333332
5743.25,0.052114,0.0134473999999999
5743.5,0.0849606603921569,0.0216659145098039
5743.75,0.165193333333333,0.0363046666666666
5744,0.229318491413898,0.0379221357727491
5744.25,0.243293333333333,0.0965126666666666
5744.5,0.19738,0.034932
5744.75,0.142746386333771,0.00355914323258859
5745,0.189098233995585,0.0356450171081678
5745.25,0.259754107579462,0.0157555770171149
5745.5,0.214454745286803,-0.0101583826714801
5745.75,0.229263223472669,0.00179613258306535
5746,0.250308035738832,0.0022603862542955
5746.25,0.268572824975825,0.00923397027213702
5746.5,0.289076751353603,0.00930997184506447
5746.75,0.21255082243779,-0.00363698073949097
5747,0.254286040884439,0.00814946510916423
5747.25,0.190715922107675,0.000681580562428335
5747.5,0.194202110290925,0.0202234800984223
5747.75,0.200923760984183,0.00326322987697713
5748,0.138843907054193,0.0117943188010898
5748.25,0.132943299984119,0.00848282337621088
5748.5,0.149732543354482,0.00015696232308435
5748.75,0.197289939983779,0.0268949819626926
5749,0.178798632478632,0.0180743126890204
5749.25,0.175047018235584,0.0224722523410547
5749.5,0.287583650868137,0.0138691819802909
5749.75,0.0580306666666666,0.00919213333333332
5750,0.051948885261194,0.00181986842350741
5750.25,0.0559420245862884,0.0132868269818754
5750.5,0.0535913856145478,0.0126826588731936
5750.75,0.199917332044466,-0.00498756023199612
5751,0.193306589371981,-0.00574708070853461
5751.25,0.0319184600197433,0.00188200697597893
5751.5,0.194617367174281,0.00108929040947536
5751.75,0.0317482513661201,0.00298471584699445
5752,0.0313249056994818,0.00293659016580302
5752.25,0.038028574795082,0.00286266762295079
5752.5,0.2485,0.026128
5752.75,0.191800947867299,-0.00388337721607861
5753,0.166329333333333,-0.00452506666666657
5753.25,0.137373863556851,0.00310396268221572
5753.5,0.0313522395209581,0.00178612758483025
5753.75,0.161680394574599,-0.000156007398273694
5754,0.033796,0.00372986666666664
5754.25,0.162790976514215,0.0121465290482076
5754.5,0.201051714285714,0.0124377039285714
5754.75,0.0580564644549762,0.00769200876777246
5755,0.2911,0.0381033333333332
5755.25,0.204132674490426,0.0203895861642989
5755.5,0.027793392108508,0.00275102675708993
5755.75,0.219013922815946,0.0192051085665817
5756,0.168033333333333,0.00951399999999996
5756.25,0.26838,0.0553326666666666
5756.5,0.137885230837199,0.00589382496134299
5756.75,0.10193688165038,0.0161727238219327
5757,0.0424792098116513,0.0127154749014454
5757.25,0.180387333333333,0.0101766666666666
5757.5,0.129974391713748,0.0134426867231638
5757.75,0.0468737080047789,0.0153013567502987
5758,0.122025333333333,0.00828806666666664
5758.25,0.105284193412754,0.00661273534220972
5758.5,0.0420010257921886,0.0171598785556374
5758.75,0.0405173333333333,0.0165051333333333
5759,0.0355946666666666,0.00918976666666657
5759.25,0.0455554994606256,0.0181465889967637
5759.5,0.0446353333333333,0.0156484
5759.75,0.0418774197120708,0.0157987776854928
5760,0.0374693559042113,0.0117157035507844
5760.25,0.0431573192640692,0.0166915890151515
5760.5,0.0365413333333333,0.00677813333333329
5760.75,0.0430247037344397,0.0153841621576763
5761,0.037488,0.0157194
5761.25,0.0363832839931152,0.0146054250717153
5761.5,0.0434716321031048,0.0158035518453427
5761.75,0.037124130180969,0.0138659808523058
5762,0.0414743027059173,0.0160837062146893
5762.25,0.0353259437896646,0.00879601813236617
5762.5,0.0348684658921656,0.00868869109323796
5762.75,0.0356269938864628,0.0143122234061134
5763,0.038989746171967,0.00889231513545344
5763.25,0.0400680255724055,0.016615190722569
5763.5,0.041322,0.0174376
5763.75,0.0404913791026799,0.0101913541102078
5764,0.0381719261926192,0.0145242993699369
5764.25,0.0366970920170627,0.0149578482023156
5764.5,0.0344435457013574,0.00713439698340866
5764.75,0.0372513333333332,0.0129598666666666
5765,0.0400800756756756,0.011843993993994
5765.25,0.039334,0.0150898666666666
5765.5,0.0417120722891566,0.0206101146299483
5765.75,0.035926,0.0117718
5766,0.0616597700368168,0.0216942299631832
5766.25,0.0504037455138662,0.0148511035889069
5766.5,0.0351401900134952,0.00588822834008089
5766.75,0.045413913283208,0.0121135537844611
5767,0.0377246666666666,0.00383920666666657
5767.25,0.0995419999999999,0.0179819333333333
5767.5,0.167286292313819,0.0695683504579848
5767.75,0.129609306666667,0.0124052586666666
5768,0.165666666666667,0.00502874066666664
5768.25,0.18772822142491,0.0196261322398769
5768.5,0.235834594069033,0.00388842942148757
5768.75,0.196206423777565,0.00113416883988494
5769,0.158167660241342,0.0253825945776523
5769.25,0.18602,0.00454399999999993
5769.5,0.241761510248112,0.00243180853752496
5769.75,0.255478727384238,0.0138735850659307
5770,0.212872282183638,-0.000895432386985666
5770.25,0.202586666666667,0.000411799999999929
5770.5,0.206458161662817,0.00634929551963043
5770.75,0.204856921658986,0.021197000921659
5771,0.181286666666667,0.00586933333333332
5771.25,0.169844499846106,0.0119555346260388
5771.5,0.160034,0.0155916
5771.75,0.156844170676933,0.00758710054539614
5772,0.137173079490993,-0.00124443721698886
5772.25,0.116172966233766,0.000142368831168774
5772.5,0.131730676574664,0.0063312051663128
5772.75,0.130360406634564,-0.000141696094167999
5773,0.123868608929532,0.0141382044109736
5773.25,0.190926803603604,0.0270871524324324
5773.5,0.2131866873706,0.00838502650103515
5773.75,0.24430208040201,0.0105252302847571
5774,0.193978281893004,0.0138180170781893
5774.25,0.133888641975309,-0.00440007407407404
5774.5,0.190695973234724,0.0016916578270822
5774.75,0.225261082769391,0.0198765405517959
5775,0.194239783950617,0.0097928042901234
5775.25,0.233494783526927,0.0244884772967265
5775.5,0.171844909637489,0.009332224933687
5775.75,0.182325033942559,-0.00565491012010439
5776,0.185161914636254,0.00749622343182989
5776.25,0.0277423157894736,0.0019924026794258
5776.5,0.147467461467038,0.0100691158402971
5776.75,0.164055348476024,0.00785839468064449
5777,0.0974547016706443,0.0110245631264916
5777.25,0.137491179354839,0.010910192860215
5777.5,0.118770982728843,0.00096685077720201
5777.75,0.120957584334668,0.00235404971072538
5778,0.0821093425414364,0.00342161160220985
5778.25,0.0471295554003724,0.0135231035847299
5778.5,0.169755536039033,0.0108749640275005
5778.75,0.20481955178416,0.0233390223672759
5779,0.188106067864271,0.0230583152361942
5779.25,0.0269588407382091,0.00426168012303484
5779.5,0.0344762049122806,0.0140962054736842
5779.75,0.0434182712579057,0.0119447645818692
5780,0.152519095270733,0.00838384286040662
5780.25,0.0437993366690493,0.0146250052894925
5780.5,0.0402373323622238,0.0157908964311726
5780.75,0.0435312108843537,0.0144312847424684
5781,0.0577436152468661,0.0145756443080071
5781.25,0.105557482215447,0.0113195574186992
5781.5,0.0805108907779495,0.00709273905203496
5781.75,0.0433707302580141,0.0167949250977325
5782,0.0425212514147129,0.0151535466451091
5782.25,0.0397413178551685,0.0154523316749585
5782.5,0.0390942643391521,0.015453566084788
5782.75,0.0397473502183405,0.00971654532751084
5783,0.0424299023957409,0.0077299911268855
5783.25,0.0433601200937316,0.00690949373169303
5783.5,0.0411326666666666,0.0163867999999999
5783.75,0.0368618451845184,0.00637997095709568
5784,0.0355,0.0105222
5784.25,0.049069231884058,0.0152723229468598
5784.5,0.0456709279854147,0.00612577903372828
5784.75,0.0352159999999999,0.0113789333333333
5785,0.0345883323925996,0.00957355628723732
5785.25,0.0330698058435438,0.0116534110801131
5785.5,0.0355473333333333,0.00572733333333325
5785.75,0.0402593122605364,0.00759876819923365
5786,0.0359605774783445,0.00968282374077638
5786.25,0.0373235258397932,0.00927160012919897
5786.5,0.0331806666666666,0.00695799999999996
5786.75,0.0317606666666666,0.00856733333333328
5787,0.03763,0.00775319999999989
5787.25,0.0383778106508875,0.00724440401051932
5787.5,0.0374357458745874,0.0143273782178217
5787.75,0.0341347646666666,0.0104303307333332
5788,0.0377719999999999,0.00860046666666661
5788.25,0.0378666666666666,0.00873773333333329
5788.5,0.0338296613545816,0.0122724914342629
5788.75,0.0389253669064747,0.0169246924974306
5789,0.0334784208416833,0.0127908373413493
5789.25,0.0344195138195138,0.0137393204129204
5789.5,0.0321354674634794,0.00929246679946874
5789.75,0.0248268643902438,0.00401067570731704
5790,0.0253233333333332,0.00555693333333325
5790.25,0.0401258898495036,0.0141925885366634
5790.5,0.040675927203065,0.0141208300127714
5790.75,0.04402,0.0144224666666666
5791,0.0227207988748241,0.00320848101265823
5791.25,0.02485,0.00329439999999996
5791.5,0.0296288805031446,0.00586404926624729
5791.75,0.0306687926078028,0.0035398092402464
5792,0.0385293333333332,0.00256215333333325
5792.25,0.0221772883151274,0.00332612038397881
5792.5,0.025442323444976,0.00542911702711314
5792.75,0.0520127255460588,0.00390803418803411
5793,0.0357702853559109,0.00786472499216048
5793.25,0.0219725789305155,0.00168283549791862
5793.5,0.025818156,0.00332798868
5793.75,0.0233593306719893,1.89144377910839e-05
5794,0.0280964299373557,0.00164882927794258
5794.25,0.0264172382851445,0.00288028524426714
5794.5,0.0284882901554404,0.00349266437305691
5794.75,0.0377801828847481,0.00580840759144234
5795,0.160025203539823,0.00463514808259577
5795.25,0.0218337273320286,0.00288920443574688
5795.5,0.0366833333333333,0.00524216666666664
5795.75,0.0373572719797596,0.00397598203668554
5796,0.159313837786259,0.0115666858778626
5796.25,0.0211927437343358,0.00211455438596481
5796.5,0.0241391687804877,0.00197199902439018
5796.75,0.0393603752345215,0.00738836923076913
5797,0.0209133849056603,0.00114288566037725
5797.25,0.0364939999999999,0.00566106666666661
5797.5,0.0280605990147783,0.00297470693596053
5797.75,0.0211579999999999,0.00181286666666664
5798,0.0428689564356435,0.00620484231023099
5798.25,0.0434394293496765,0.0071527725570309
5798.5,0.0271358768406961,0.00541767068273088
5798.75,0.032676469785575,0.00524535820662765
5799,0.0203428197857593,0.00110917926906109
5799.25,0.0341751955307262,0.00546803128491614
5799.5,0.022066952833175,0.0017548934472934
5799.75,0.0235021550239234,0.000699862966507122
5800,0.025821305316778,0.00370737090098692
5800.25,0.0270254847108689,-2.04902721930055e-20
5800.5,0.117434,0.00693433333333332
5800.75,0.053676,0.0026412
5801,0.0265518424806201,0.00147877699224804
5801.25,0.0254175192366882,-0.0012092289935364
5801.5,0.026650458602647,0.00529215512465373
5801.75,0.0319122686922847,0.00525390694072085
5802,0.032058656391659,0.00355422695678449
5802.25,0.0312011493428913,0.0028446154241338
5802.5,0.0258328809135399,0.00166782358890699
5802.75,0.0781328037974683,0.0039728544303797
5803,0.0414909084191079,0.0136838830298231
5803.25,0.0397754108527131,0.0091563847099705
5803.5,0.0415464810941271,0.0136839600429069
5803.75,0.0344594394557823,0.0129673086258503
5804,0.032442628951747,0.00920900479201328
5804.25,0.0335180256839754,0.00999351362367386
5804.5,0.0499409474590869,0.0143060005742176
5804.75,0.0403215565068492,0.00757028989726024
5805,0.0373527440633245,0.0146318073878627
5805.25,0.0428739483608935,0.00898221061792855
5805.5,0.0361153333333333,0.00773426666666664
5805.75,0.0477901192411923,0.00731184125263465
5806,0.0396842156334231,0.00667501641209941
5806.25,0.0378484218181818,0.0163821527272727
5806.5,0.0410621574992486,0.00913480835587608
5806.75,0.0376934136986301,0.0161482010958903
5807,0.0351539436706901,0.00781725162488389
5807.25,0.0355357802064359,0.00736438554948382
5807.5,0.0352228944911298,0.0145270640522875
5807.75,0.03976,0.0167749333333333
5808,0.0310506666666666,0.00608706666666661
5808.25,0.0377365666041275,0.00742909099437139
5808.5,0.038482,0.0160933333333333
5808.75,0.0470493333333332,0.00800406666666661
5809,0.0366954503036113,0.0132642703739213
5809.25,0.0387287608069164,0.0166311418507845
5809.5,0.0434669037900875,0.00821198833819235
5809.75,0.0476179053373615,0.00878917556226916
5810,0.0478755412041708,0.00888517833837865
5810.25,0.0495057242302543,0.0085359583668005
5810.5,0.045299483653522,0.00601944078193453
5810.75,0.0317067444558171,0.00694819904469462
5811,0.033973168911917,0.00865202321243516
5811.25,0.0374954445625221,0.00752745873184545
5811.5,0.0352452968421052,0.006157478736842
5811.75,0.030501720338983,0.00610970042372879
5812,0.0315581544456252,0.00602473857598289
5812.25,0.0377996779661016,0.00909905614406776
5812.5,0.0357308310502282,0.00663838777660689
5812.75,0.0370379552715654,0.00701821767838115
5813,0.0304678812019566,0.00551368832983922
5813.25,0.0286022787750791,0.0046138369095388
5813.5,0.0303244932079414,0.00730716370602571
5813.75,0.0289509818308875,0.00350633822501742
5814,0.028727480620155,0.00690409203664543
5814.25,0.031131188900747,0.00266297232301667
5814.5,0.0283856923076922,0.00354703076923068
5814.75,0.0254531965811966,0.00591231950271949
5815,0.0387251008668242,0.00654985910165485
5815.25,0.0264924096385542,0.00573537429718866
5815.5,0.0269106078665077,0.0078803230035756
5815.75,0.0242643980929678,0.00570953396901064
5816,0.0276035482093664,0.00768560330578509
5816.25,0.0222152226148409,0.0047401908127208
5816.5,0.0210485688073394,0.00468365504587154
5816.75,0.0212086279969064,0.0036092709976798
5817,0.0264840176405733,0.0037511170893053
5817.25,0.0224461774744027,0.00463697042093278
5817.5,0.0293255656342182,0.00333266460176985
5817.75,0.0280894607948442,0.00576870805585387
5818,0.0348296241457858,0.00596605398633248
5818.25,0.027848409610984,0.00713585743707088
5818.5,0.0276400877790389,0.00795721794930004
5818.75,0.026495864678899,0.00595521619266046
5819,0.0253818843930635,0.00423663976878612
5819.25,0.0262226666666666,0.00526346666666664
5819.5,0.0297861980568012,0.00460897189835574
5819.75,0.0279903362831858,0.00573518207964594
5820,0.0319317948717948,0.00615896588966582
5820.25,0.0261237305122494,0.00514472746844836
5820.5,0.0272885300429184,0.00593585901287553
5820.75,0.0318144060150375,0.00474063659720726
5821,0.0267782823355505,0.0054700121212121
5821.25,0.0267626172839505,0.0052475720164609
5821.5,0.0267195614814814,0.00538670162962959
5821.75,0.0243577126185265,0.00499850357403345
5822,0.0264197595628414,0.00626997508196712
5822.25,0.0326279598028062,0.00710875047402343
5822.5,0.0430709123173277,0.00770443382045921
5822.75,0.0268936227979274,0.00530994898100167
5823,0.0263714285714285,0.00463729239465567
5823.25,0.0271080119402984,0.00523645134328355
5823.5,0.0263388442703232,0.00458920078354547
5823.75,0.0305773333333333,0.00490846666666657
5824,0.0256981120662209,0.0036896830627188
5824.25,0.0307739058823529,0.00568423215686266
5824.5,0.0272325364431487,0.00549305863297696
5824.75,0.0286474053878611,0.00477614073352803
5825,0.0288927509652509,0.00525365733590725
5825.25,0.0286366666666666,0.00595926666666661
5825.5,0.0296019269317814,0.00651147817652763
5825.75,0.0209339827586206,0.00101584406130268
5826,0.0209695673961306,0.00201756194100854
5826.25,0.0328921153846153,0.00836779212454212
5826.5,0.0250078177215189,0.00359694987341763
5826.75,0.0355,0.0130308666666666
5827,0.038845396621078,0.0132839914722445
5827.25,0.0256971764705882,0.00158876823529403
5827.5,0.0459981549755301,0.00749897830342573
5827.75,0.0396897052980131,0.0149896986754966
5828,0.0340660406779661,0.0111985050847457
5828.25,0.0344522636986301,0.0124426770547945
5828.5,0.0364945364719558,0.00656806742226093
5828.75,0.0406341267123288,0.00762897431506843
5829,0.0347422596732588,0.0125794173688735
5829.25,0.0387391183172655,0.00640594233128826
5829.5,0.0351063282873256,0.0072097560106856
5829.75,0.0506498798955614,0.0155118212938787
5830,0.0364135333333333,0.0154101309480122
5830.25,0.0380760579196218,0.0150454958628841
5830.5,0.041324176735798,0.00919309792605945
5830.75,0.035152435667265,0.011970829443447
5831,0.0352843850201175,0.00784625812441962
5831.25,0.0354161623616235,0.0076019778597786
5831.5,0.0334646666666666,0.0079662
5831.75,0.03976,0.0167749333333333
5832,0.0404709732087227,0.00825272149532703
5832.25,0.038856896353167,0.0166794535508636
5832.5,0.0380557728726807,0.0162405708893153
5832.75,0.0404337292464879,0.00822779374201782
5833,0.0471824671291708,0.00806113406012544
5833.25,0.0396831690821256,0.0171771431884058
5833.5,0.041505514036786,0.00682346886092281
5833.75,0.0386239999999999,0.0161785333333333
5834,0.0442415742020401,0.00658937005593937
5834.25,0.0344325390346614,0.0122892605118237
5834.5,0.0376707308447936,0.0155821984282907
5834.75,0.0469538103852595,0.00933379082077047
5835,0.0387010169491525,0.0164574177467597
5835.25,0.0380374658634538,0.0158441775100401
5835.5,0.0443821,0.00612101142857135
5835.75,0.0463350655737705,0.00804640963114746
5836,0.0390906254158349,0.0168890340652029
5836.25,0.0481884119241192,0.0101926079945799
5836.5,0.0481400973481033,0.00684869956361187
5836.75,0.0452475015197568,0.00607094360013505
5837,0.044833520728008,0.00683805379170873
5837.25,0.0369199999999999,0.0141763333333333
5837.5,0.0352526633565044,0.00830584839457126
5837.75,0.0307812051023833,0.0035652129237999
5838,0.028684,0.00393718666666657
5838.25,0.0377246666666666,0.00969481333333332
5838.5,0.0463925410714285,0.00873466089285712
5838.75,0.0440673333333333,0.00628113333333325
5839,0.0899070929408557,0.00340994287271733
5839.25,0.0981243212508884,0.00768876846718784
5839.5,0.114620951145698,0.0121441371379161
5839.75,0.156673333333333,0.0319973333333333
5840,0.156114187836798,0.00306838606620469
5840.25,0.182706666666667,0.00827386666666657
5840.5,0.226369898677657,0.0211689005667181
5840.75,0.147774666666667,0.0215319333333332
5841,0.27000652846331,0.0248254689042447
5841.25,0.249926371794872,0.00813801999999996
5841.5,0.192460893603343,0.0143991012536161
5841.75,0.222466666666667,0.00185215333333332
5842,0.221256986996511,-0.00587491785601012
5842.25,0.230513333333333,0.0166518666666666
5842.5,0.223413333333333,0.0101141866666666
5842.75,0.158004819333646,-0.00486095786015946
5843,0.202586666666667,0.00510726666666661
5843.25,0.169612593984962,0.00555268045112773
5843.5,0.141276775472568,-0.00338913213462418
5843.75,0.169059333333333,0.017483671111111
5844,0.117765333333333,-0.00212999999999989
5844.25,0.147165536290323,0.00460804386088707
5844.5,0.124787000170155,0.0028414497192445
5844.75,0.160151008388974,-0.00167258301660669
5845,0.129862468814969,0.00084682629937623
5845.25,0.214893333333333,0.0156673333333333
5845.5,0.233463770310775,0.0150543879476258
5845.75,0.273213084509179,0.0169789169473524
5846,0.232724162112933,0.0020855118397085
5846.25,0.218708752876208,-0.00426980211688903
5846.5,0.23572,0.00770160666666661
5846.75,0.240288021223471,-0.00292013426966287
5847,0.259670980577925,-0.00912611779567335
5847.25,0.248616297004461,0.018164114627151
5847.5,0.0353886405783435,0.00120643092880713
5847.75,0.192922138544646,0.00537006119796628
5848,0.201838856015779,-0.00154458842866525
5848.25,0.218708715398641,0.00515795876015249
5848.5,0.0671692746331236,-0.00190821802935009
5848.75,0.179673365574064,0.0192628760881246
5849,0.067099089707271,-0.00126165189801697
5849.25,0.138518382877527,0.00832827467300826
5849.5,0.119658666666667,0.00926786666666664
5849.75,0.1619798027127,-0.0001562963008631
5850,0.168033333333333,0.00463866666666661
5850.25,0.160092162361624,0.00976865682656822
5850.5,0.106587465030675,0.00077956257668701
5850.75,0.222877374358974,0.0179155472410256
5851,0.252453672388218,0.0148957157448611
5851.25,0.0340175824175824,0.00559400244200239
5851.5,0.356169551241912,0.0195609075349613
5851.75,0.254334893357709,0.00750216892138929
5852,0.221855191868907,0.0137748895249948
5852.25,0.225313406884755,0.0184006739362839
5852.5,0.178990423524248,0.0138872696949747
5852.75,0.158258856565657,0.0204755393939393
5853,0.144942668484435,0.019456823221995
5853.25,0.127569777470629,0.0170991748445059
5853.5,0.045882347926801,0.0151060994672226
5853.75,0.0417180086206896,0.0162993489463601
5854,0.075506362307886,0.00563692416225741
5854.25,0.0776859689330277,0.0182751504965623
5854.5,0.0379613333333333,0.0140390666666666
5854.75,0.0444349994544462,0.0138042205128205
5855,0.0430844003364171,0.0146373456686291
5855.25,0.0393951103546099,0.0159566749503545
5855.5,0.0460553333333333,0.00902173333333332
5855.75,0.0426946666666666,0.0076254
5856,0.0334940474100087,0.0110108719929762
5856.25,0.0376978018018017,0.00772923483483473
5856.5,0.0399377224709042,0.0160935282602208
5856.75,0.0344586666666666,0.0109718666666666
5857,0.0454461310386472,0.0089710000603864
5857.25,0.0346979506404248,0.0095075232739768
5857.5,0.041716548539114,0.016998430537229
5857.75,0.0362028778816199,0.00892563781931454
5858,0.0352967266414141,0.00676560075757568
5858.25,0.0397816727716727,0.0163662368742368
5858.5,0.0372513333333332,0.0120747333333333
5858.75,0.0344113333333333,0.0127421333333333
5859,0.0386519103448275,0.0140621131034483
5859.25,0.0351991685458224,0.0113130032957502
5859.5,0.0407539999999999,0.00902646666666661
5859.75,0.0405280228846732,0.0102005770551038
5860,0.0362438411214952,0.00881696579439249
5860.25,0.0367642413162706,0.0149852184643509
5860.5,0.0402445734388742,0.0111574283201407
5860.75,0.0381826008888889,0.0160216264888888
5861,0.0362573333333333,0.0145123999999999
5861.25,0.0438427012471655,0.0185358500566893
5861.5,0.0371888648180242,0.0133358795493934
5861.75,0.0301461015375688,0.00549055955903682
5862,0.0319435110737314,0.00681871101766185
5862.25,0.0515790078003119,0.0106286889235569
5862.5,0.0460485875796178,0.0115667969214437
5862.75,0.0316921414923831,0.00623784844823127
5863,0.0981637187187187,-0.000496253753753683
5863.25,0.067876,0.0101577333333333
5863.5,0.138408949585195,0.00937074945756215
5863.75,0.15038504842615,0.00755943704600478
5864,0.119990830864875,-0.00475632544157971
5864.25,0.173713333333333,0.0136793333333333
5864.5,0.236522158483228,0.00389976595041322
5864.75,0.242570957889866,-0.00134503701064318
5865,0.222039838492598,0.00424279946164195
5865.25,0.170709818181818,0.00242407941818181
5865.5,0.214703078058138,-0.00870162254684962
5865.75,0.262523810335037,0.00968557325383302
5866,0.161860927209705,0.00859325797227028
5866.25,0.28614269515918,0.00876904186655036
5866.5,0.192954373927959,0.0121022118353344
5866.75,0.197746712172924,0.00542662612059154
5867,0.197072902771915,0.00724337664274652
5867.25,0.182233333333333,0.00807979999999993
5867.5,0.200041152300134,0.00618094056870624
5867.75,0.17150875531269,0.00290245585913781
5868,0.151796525023607,0.0045288327730563
5868.25,0.149896612866634,-0.00225813365742989
5868.5,0.140558634098681,0.000681267024914438
5868.75,0.19776903163017,0.0269602927493916
5869,0.183919754996776,0.00871248736299157
5869.25,0.2019305907173,0.0284689029535864
5869.5,0.158638125281658,0.00676224605678231
5869.75,0.0546239111890154,0.00174644650891021
5870,0.140668336372847,-0.000213277464177147
5870.25,0.0453335511380006,0.0016459276865456
5870.5,0.279261402908469,-0.00137976869118901
5870.75,0.266176705111775,0.00823498903602439
5871,0.310961974040793,0.0160893149622022
5871.25,0.299914551083591,0.0281824467049977
5871.5,0.0275658114186851,0.00401038095155708
5871.75,0.0989198031240789,-0.00119065723548478
5872,0.22862,0.013206
5872.25,0.231523111111111,0.0120842601058201
5872.5,0.0773768494124922,0.000880592977736448
5872.75,0.0691066666666666,0.00687753333333325
5873,0.199875779722079,0.0400220751415337
5873.25,0.173947918566775,0.00747980760043424
5873.5,0.191913236929922,0.0494709677419355
5873.75,0.0296033568985176,0.00284647662485746
5874,0.113978666666667,0.00217733333333329
5874.25,0.1128525208577,-0.000354584795321557
5874.5,0.029394,0.00302933333333329
5874.75,0.316959561643836,0.0460774049315069
5875,0.337015471485037,0.0440968130999435
5875.25,0.397857139561707,0.0200913130334486
5875.5,0.27264,0.0150803999999999
5875.75,0.254799573430835,0.00751587568555749
5876,0.23856,0.0133811333333333
5876.25,0.0418319631490787,0.0116808438860971
5876.5,0.190979124056095,0.0461848030204962
5876.75,0.273765364685391,0.0255766949706074
5877,0.0725648211920529,0.00930805298013242
5877.25,0.127847333333333,0.0126758666666666
5877.5,0.178097443049744,0.0209596059972106
5877.75,0.193319896421846,0.0236332391713748
5878,0.0767362582538518,0.0133862139398385
5878.25,0.0610634973696796,0.0105335715447154
5878.5,0.0600186666666666,0.00569419999999993
5878.75,0.0476273411641868,0.00539177447141736
5879,0.0398701548284117,0.00830037031125293
5879.25,0.0415586666666666,0.0161075333333333
5879.5,0.0348846666666666,0.011218
5879.75,0.0375517089511257,0.00936428006589781
5880,0.0334930025402201,0.00998631532599487
5880.25,0.0386239999999999,0.00771533333333329
5880.5,0.0361784856396866,0.0114035532579054
5880.75,0.0361153333333333,0.0113032
5881,0.0454873333333333,0.00897913333333332
5881.25,0.0389427197802197,0.0103092
5881.5,0.0361153333333333,0.0124216866666666
5881.75,0.0362028778816199,0.00892563781931454
5882,0.0353092102564102,0.00922651378220202
5882.25,0.0407435052790346,0.0168327528205128
5882.5,0.0407175147717099,0.0160174474485228
5882.75,0.0333226666666666,0.0105311933333333
5883,0.0418153297682709,0.0160693713606654
5883.25,0.0334477127272727,0.00976095219999996
5883.5,0.0453506753006475,0.0160737169287696
5883.75,0.0329274399750545,0.0119486336139694
5884,0.0334319684308263,0.00949847273289999
5884.25,0.0355946666666666,0.0145171333333333
5884.5,0.0328797775718257,0.00793094346617228
5884.75,0.0399493333333333,0.0155016666666666
5885,0.0414460142106888,0.0143211628050663
5885.25,0.0354672509225092,0.0116143424354243
5885.5,0.0358614429469901,0.0138626447439353
5885.75,0.040612,0.0140059333333333
5886,0.0299835299512753,0.00646490306678129
5886.25,0.0307490653266331,0.00720799849246226
5886.5,0.0500840184254606,0.00888175510887769
5886.75,0.0390973333333333,0.00478066666666657
5887,0.0543333870384714,0.00684022762716241
5887.25,0.0721798628649016,0.010763166191446
5887.5,0.102902666666667,0.0064326
5887.75,0.140769333333333,-4.73333333333333e-05
5888,0.176367280274319,0.032516231727125
5888.25,0.203115400410678,-0.00693426529774119
5888.5,0.233703889167084,-0.00152642296778497
5888.75,0.196020357941834,0.00113309328859053
5889,0.154307369202226,-0.00677121335807042
5889.25,0.224880074177098,-0.00692668582908355
5889.5,0.167973658683537,-0.000939425714716032
5889.75,0.178769278473465,0.00522044329159206
5890,0.239315476296627,0.00436315838906219
5890.25,0.16053068722467,0.0317273039647577
5890.5,0.275340273653566,0.0191795245414847
5890.75,0.0669802571882676,0.00698104089004474
5891,0.204368220981823,0.0129401813653928
5891.25,0.172786854382332,-0.00147374244306415
5891.5,0.197853333333333,-0.00317133333333325
5891.75,0.225126042021579,0.0133835524134014
5892,0.191818022747157,0.010065650743657
5892.25,0.125416038461538,0.0153049277472527
5892.5,0.182897812215132,0.0116959587967183
5892.75,0.16756,0.0370146666666666
5893,0.171898997701149,0.0236775478927203
5893.25,0.19726241493526,0.0162077628425172
5893.5,0.33557747207525,0.027599340388007
5893.75,0.0547910297984223,0.00175178965819451
5894,0.139875323201621,-0.000212075119409439
5894.25,0.283187437661221,0.0033251992261392
5894.5,0.127655817894586,-0.00226363662214555
5894.75,0.0269740411246328,0.00280144011749888
5895,0.213874170555791,-0.00845109857163057
5895.25,0.116064462809917,0.00192256923299983
5895.5,0.180749352304728,0.00772596176078253
5895.75,0.21026087431694,0.000533995871281032
5896,0.209115979525361,0.0274878697068404
5896.25,0.18034,0.00828806666666664
5896.5,0.0378613046875,0.0033532939453125
5896.75,0.192742845731403,0.0271828976535197
5897,0.253318672257163,0.0292870286512927
5897.25,0.130121102803738,0.00679843540406811
5897.5,0.156453024110218,0.00217533348641404
5897.75,0.0303990576082637,0.00358028092173219
5898,0.137309193846154,-0.00289621743589734
5898.25,0.151088,0.0153502
5898.5,0.028674584689572,0.00267880988547308
5898.75,0.205295478567234,0.0330360540223135
5899,0.0821178437869822,0.0118289360946745
5899.25,0.316555065554231,0.0546604092173222
5899.5,0.293287395642435,0.0328765709631439
5899.75,0.244073677581864,0.0107297632241813
5900,0.242665632549269,0.018207017927527
5900.25,0.224880666666667,0.0183653333333333
5900.5,0.137793795007731,0.00588991658935274
5900.75,0.170278481711525,0.0145471895100069
5901,0.131306337950138,0.0117258073407202
5901.25,0.178477686246756,0.0472190700636942
5901.5,0.0948475881523272,0.0130919059708509
5901.75,0.041658025862069,0.0162759135057471
5902,0.075506362307886,0.00563692416225741
5902.25,0.042316,0.0175180666666666
5902.5,0.037914,0.0144035333333333
5902.75,0.0432382489829129,0.0172099609438568
5903,0.0409433333333333,0.00829279999999993
5903.25,0.0408013333333333,0.0158282666666666
5903.5,0.0324426263672999,0.00989169056994815
5903.75,0.0393813333333332,0.0142946666666666
5904,0.0402423841515935,0.0114761978294573
5904.25,0.0403279999999999,0.0153312666666666
5904.5,0.0326599999999999,0.0114972666666666
5904.75,0.0404226666666666,0.0169074666666666
5905,0.0454873333333333,0.00897913333333332
5905.25,0.0307386204800972,0.00911802063810384
5905.5,0.0355618302583025,0.0125317619926198
5905.75,0.0370490349736922,0.0138673306097183
5906,0.0369280061957868,0.0072432053283766
5906.25,0.0428693882132834,0.00910026061739942
5906.5,0.0365680926784058,0.00906595775718255
5906.75,0.0421427820155038,0.00857501674418596
5907,0.0351213333333333,0.0129172666666666
5907.25,0.0375001549515776,0.01004890659169
5907.5,0.0349176701356038,0.00955142781456948
5907.75,0.0334014218455743,0.00875069874450711
5908,0.0424579999999999,0.0157430666666666
5908.25,0.0400065056179775,0.015052093071161
5908.5,0.0424979041353383,0.0174113486842105
5908.75,0.0338272925925926,0.0101600320679012
5909,0.0330082723091075,0.00954591668813239
5909.25,0.0377366990654205,0.0103908331900311
5909.5,0.0355145405904059,0.00754743099630988
5909.75,0.04189,0.0138876
5910,0.0385293333333332,0.0138260666666666
5910.25,0.0621759743589743,0.00336434244755235
5910.5,0.031219327065527,0.00592646102564099
5910.75,0.0425053333333333,0.00909273333333325
5911,0.047389697368421,0.0048210359795321
5911.25,0.0566881909909909,0.0016787694144144
5911.5,0.0935174317152103,0.00253069428263206
5911.75,0.167086666666667,0.010153
5912,0.131843174134997,0.0104925784080166
5912.25,0.177121689032027,0.00318250735373051
5912.5,0.174396561085973,0.00831810155857205
5912.75,0.118897952380952,0.00324569550264546
5913,0.240084905842588,0.012250972863351
5913.25,0.224047955493741,-0.0069010551692164
5913.5,0.193416212259835,0.0145511414455626
5913.75,0.175771051433773,0.0117054019116977
5914,0.207415804066543,0.0106928056069008
5914.25,0.248121376778339,0.0125389062872877
5914.5,0.19303241723356,0.00136731295540431
5914.75,0.229772833408172,0.00539137081275252
5915,0.189890134857813,0.0102569085312225
5915.25,0.21489786678276,0.003450645746626
5915.5,0.16211974025974,0.00712151939095385
5915.75,0.1704,0.00265539999999996
5916,0.155041431604489,0.00746373233242339
5916.25,0.124885956665097,0.0144822141309467
5916.5,0.138506409715564,0.00985480907638216
5916.75,0.201066072106262,0.00347853744465525
5917,0.0853267129186602,0.00529620593301428
5917.25,0.164728328445748,0.0236411260997067
5917.5,0.219153333333333,0.0153123333333332
5917.75,0.058057796478105,0.00919643073087105
5918,0.2202550691464,0.0058766330948974
5918.25,0.0559420245862884,0.0132868269818754
5918.5,0.167737091578463,0.00149047722043254
5918.75,0.210510316324909,0.00509225407725321
5919,0.0379908054511278,0.00115912171052626
5919.25,0.230404856470588,-0.000473110588235244
5919.5,0.0352550985384253,0.00120187835926447
5919.75,0.252765843621399,0.00479448907882235
5920,0.22697288184438,-0.000131330220941374
5920.25,0.216313333333333,-0.000733666666666572
5920.5,0.143392619047619,0.0123967976190475
5920.75,0.197176410520887,-0.00423196372700696
5921,0.137425803296119,0.0053968455077086
5921.25,0.171555267958951,0.00128119945267959
5921.5,0.146059177207977,0.0749713610636277
5921.75,0.21145405952381,0.0199154718253968
5922,0.196311602870813,0.0162644637161084
5922.25,0.150903858622791,0.015331491651432
5922.5,0.197390960796262,0.0462798565915091
5922.75,0.21037614977615,0.027088884004884
5923,0.268218519855596,0.0129047640593661
5923.25,0.0263023708206686,0.00188484498480236
5923.5,0.255440668717949,0.0144970873025641
5923.75,0.219013922815946,0.0192051085665817
5924,0.126452912457912,0.0187792011784512
5924.25,0.247553333333333,0.0233826666666666
5924.5,0.178872666666667,0.0138781333333333
5924.75,0.227854069132541,0.0208744033025099
5925,0.0442093333333333,0.0127752666666666
5925.25,0.181497141773352,0.0268287757230914
5925.5,0.112416666666667,0.0116298
5925.75,0.041748,0.0163110666666666
5926,0.163563157894737,0.0279473684210526
5926.25,0.0800406666666666,0.0192788666666666
5926.5,0.0486214658511722,0.00631416896024462
5926.75,0.0409589891808346,0.0131721460587325
5927,0.0462446666666666,0.0160885999999999
5927.25,0.0361153333333333,0.00910882666666657
5927.5,0.0349141549732319,0.00876880608622145
5927.75,0.0384002568397542,0.0128928626465661
5928,0.0401386666666666,0.0114466199999999
5928.25,0.0403753333333333,0.0137029999999999
5928.5,0.0364782495667243,0.00559017331022527
5928.75,0.0330386666666666,0.0105364
5929,0.0422213333333333,0.0176174666666666
5929.25,0.0418308972972973,0.0173129470270269
5929.5,0.0340264352269311,0.0126016783889389
5929.75,0.0367449559748427,0.0087724444444444
5930,0.0334479352869353,0.0128011786324786
5930.25,0.0397451758241758,0.0163512219780219
5930.5,0.0406080590868397,0.0159743897940912
5930.75,0.0385903846823324,0.00786941177835796
5931,0.0417779946524063,0.0160550237076649
5931.25,0.0320247283105022,0.0086883656392693
5931.5,0.03763,0.0148153333333333
5931.75,0.039192,0.0147679999999999
5932,0.0360394548551958,0.0167932538330493
5932.25,0.03857181088314,0.0167207850133809
5932.5,0.0382453333333333,0.0107219466666666
5932.75,0.0355946666666666,0.00825019999999993
5933,0.0350266666666666,0.00867619999999993
5933.25,0.0397126666666666,0.0159276666666666
5933.5,0.0356457115621156,0.00757530701107001
5933.75,0.0300769523809523,0.00767529775381841
5934,0.0422888155965992,0.0176337273526824
5934.25,0.050321587819467,0.0148268964110929
5934.5,0.0447773333333333,0.0129693333333333
5934.75,0.0398178128943758,0.0046469840877914
5935,0.0902190238095238,0.00563006406832291
5935.25,0.102234581713463,0.000779875449963923
5935.5,0.0960049334170853,0.0021266016331658
5935.75,0.0983674989408819,-0.00146394261505864
5936,0.223061692139738,0.011271482532751
5936.25,0.165666666666667,-0.00648466666666657
5936.5,0.22671959471063,0.0212016022668727
5936.75,0.255381411216508,0.00661433116991178
5937,0.225447154791155,0.0273183344799344
5937.25,0.203435150345715,-0.00246960810419671
5937.5,0.205910251098556,0.00763386161330819
5937.75,0.228462367773678,0.00859814803198028
5938,0.203913682771194,0.0140515925250683
5938.25,0.202586666666667,0.000411799999999929
5938.5,0.17671026962963,0.0283778690370369
5938.75,0.230494417003443,0.00540830199071992
5939,0.238396675347222,0.00095263880208325
5939.25,0.22436,-0.00015762
5939.5,0.160530842711564,2.8387416925121e-05
5939.75,0.170476687668767,0.00265659504950489
5940,0.138719103542234,0.0117837171662125
5940.25,0.15560712585034,0.00425329298082868
5940.5,0.151300933395872,0.00303075422138829
5940.75,0.20058779886148,0.00347026309297906
5941,0.126180419925512,0.00284695456238352
5941.25,0.0706259999999999,0.000587759999999934
5941.5,0.233463770310775,0.0150543879476258
5941.75,0.0577864983637213,0.00915345675549313
5942,0.229354889298893,0.0080061407749077
5942.25,0.0560470307328605,0.0133117670606776
5942.5,0.0782242878713277,-0.00582773313638601
5942.75,0.0322637457516339,0.00215405183006531
5943,0.197128496798112,0.0166870460060666
5943.25,0.194408953168044,0.0213566728650138
5943.5,0.17202801556145,0.00934216870026523
5943.75,0.1807030948651,-0.00560460479721496
5944,0.127462180150431,-0.00352895477160154
5944.25,0.216313333333333,-0.000733666666666572
5944.5,0.241042831886853,0.014983487624558
5944.75,0.16912136068034,0.012533771952643
5945,0.255987994409504,0.0295956380153738
5945.25,0.0304353333333332,0.00206373333333325
5945.5,0.160519882654932,0.00218912240557386
5945.75,0.0297717491448118,0.00286266818700109
5946,0.172472512296633,0.0171999984865683
5946.25,0.0447596614972237,0.00350727983151445
5946.5,0.169836062488236,0.0332556088838697
5946.75,0.258382965752196,0.0311955947642101
5947,0.114626437330439,0.00685960933260986
5947.25,0.31098,0.0167228666666666
5947.5,0.092580619047619,0.00830180782312916
5947.75,0.076254,0.00904066666666657
5948,0.0748743749287749,0.00800184159544157
5948.25,0.0437114831981459,0.0168969962920046
5948.5,0.0449238108108107,0.0173978533490012
5948.75,0.315737331002331,0.010335796037296
5949,0.0380109633136094,0.0150105483234713
5949.25,0.0893022222222222,0.00723395249853027
5949.5,0.116207179338363,0.00650123195976008
5949.75,0.0807520378193522,0.00688168392677529
5950,0.168681417044229,0.0347201795037755
5950.25,0.0994473333333332,0.0117528666666666
5950.5,0.0731393638479441,0.010966167571761
5950.75,0.042248348521183,0.0169560486011191
5951,0.0356530664479081,0.00920484421657087
5951.25,0.0422686666666666,0.0143230666666666
5951.5,0.0365540724279835,0.0110989732235939
5951.75,0.0393523085491507,0.0116634553049289
5952,0.0372517775881683,0.0135909670079636
5952.25,0.0386437565217391,0.00824084034782602
5952.5,0.0367605570214013,0.0129984951627088
5952.75,0.039511183600713,0.0146390356506238
5953,0.0383873333333333,0.0148863333333332
5953.25,0.0400319682259488,0.018116242188879
5953.5,0.0419658876811593,0.0146524963768115
5953.75,0.0376466423135464,0.016486308066971
5954,0.0500770800744878,0.015264973556797
5954.25,0.0344431074176669,0.0112757353031702
5954.5,0.0374278927911275,0.0153170097966727
5954.75,0.0376814323913703,0.014780176359769
5955,0.0388133333333333,0.0176979333333332
5955.25,0.036821111111111,0.0141012977777777
5955.5,0.0375700882716049,0.0154165280246913
5955.75,0.0415498768183225,0.0183350083565459
5956,0.0401012587760174,0.00871067437092255
5956.25,0.0387551249215317,0.0150187953546767
5956.5,0.0378548111319574,0.015686768417761
5956.75,0.0320244939647168,0.0113520012380067
5957,0.0402431613904407,0.0112926756052141
5957.25,0.031793343047966,0.0111417795385549
5957.5,0.0560656645396536,0.0182790071710726
5957.75,0.0433498802946593,0.0114794273173726
5958,0.0347892737665462,0.0136594174488568
5958.25,0.0466326703196346,0.0094163031354642
5958.5,0.0407539999999999,0.0141479333333333
5958.75,0.0222289523809524,-0.00029669999999992
5959,0.0245932670723461,0.0022314354293441
5959.25,0.0250079518555667,0.00466909293212967
5959.5,0.0281827076313181,-0.000258183865213054
5959.75,0.0405173333333333,-0.000523033333333322
5960,0.0267299952526279,0.000379822312648265
5960.25,0.0224197835153922,0.0033624894935451
5960.5,0.0252112280701754,0.000846716716319019
5960.75,0.0209258456549934,0.00136534105058356
5961,0.0263135723514211,0.00137614786821704
5961.25,0.0249446666666666,0.00402333333333325
5961.5,0.070159007751938,-0.000311189147286778
5961.75,0.0340830953678474,0.0036805987284286
5962,0.032120898245614,-0.00157066947368415
5962.25,0.197628947522721,0.0115874710114335
5962.5,0.0190753333333333,-0.000222466666666572
5962.75,0.0329913333333332,0.00269326666666657
5963,0.0222791870503597,-0.00166827882733807
5963.25,0.0612316483516483,-0.000622710744810718
5963.5,0.0268199617956065,0.00299149379178599
5963.75,0.0244947253384912,0.00188897280722114
5964,0.0209316099356025,0.00132424471021151
5964.25,0.0420411488203266,0.00517356769509977
5964.5,0.0220498228782288,0.00121556715867155
5964.75,0.025868873917228,0.00170564003849849
5965,0.0367912358024691,0.00175491357407407
5965.25,0.0172305545670225,9.44139976275205e-05
5965.5,0.0234941917808219,-0.000109164931506825
5965.75,0.0264822815087396,0.00120825409383623
5966,0.0306517017868145,0.00518461160813299
5966.25,0.0499366666666666,0.00585039999999996
5966.5,0.0485961623931624,0.00630513809523803
5966.75,0.0481521624007061,0.00615592350691373
5967,0.0262286503923277,0.00232726486486484
5967.25,0.0265514974171984,0.00265043366757824
5967.5,0.0243067013953488,0.00222165142325581
5967.75,0.0414733192918192,0.00245529616605616
5968,0.147945611510791,0.0048034905275779
5968.25,0.0558091269984916,0.00112281520361988
5968.5,0.0368215003138731,0.00510749843063397
5968.75,0.0513102825888787,0.00112920419325427
5969,0.0516408824065633,0.000612528714676311
5969.25,0.0530568035874439,0.000973648789237629
5969.5,0.0273129999999999,0.00147099333333324
5969.75,0.0318268656538576,0.00523984652963956
5970,0.0404943380614657,0.00310583037825053
5970.25,0.0311412068376068,0.006999629059829
5970.5,0.0347720985411505,0.00575570988164051
5970.75,0.0355848605577689,0.0130620161487383
5971,0.0388956773864216,0.00653948345074011
5971.25,0.0416423872665087,0.00733608760852399
5971.5,0.0385513291957589,0.0135000431859321
5971.75,0.0314548120649652,0.0104801930394431
5972,0.0476212990007686,0.00729750115295916
5972.25,0.0451542955738934,0.0149211639909977
5972.5,0.0321901063717746,0.0109417916798314
5972.75,0.0399648221868365,0.0154325697983014
5973,0.0372149059561128,0.0144592946708463
5973.25,0.0374994893951296,0.0136344540455616
5973.5,0.0404079466882067,0.0155094510500807
5973.75,0.0435248580491673,0.0157748074015331
5974,0.0390348394458027,0.0140563412116272
5974.25,0.0425186245333333,0.0155034539733332
5974.5,0.0385688337273443,0.0130496769109534
5974.75,0.0432974299973732,0.00807248179669031
5975,0.0418751291338582,0.0140664715485563
5975.25,0.0407692062992125,0.0153759500787401
5975.5,0.0433760344049633,0.0149792540327129
5975.75,0.0313865512820512,0.0108041261984392
5976,0.0372517775881683,0.0135909670079636
5976.25,0.0386524809116809,0.0147900079772079
5976.5,0.0313614255621976,0.0105771381952746
5976.75,0.0314900337625179,0.0109861032331903
5977,0.0383576245405711,0.0159689096974837
5977.25,0.0413693333333333,0.0139396666666666
5977.5,0.037813963060686,0.0152672105540897
5977.75,0.0386622649955236,0.0156174574753804
5978,0.0390134417344173,0.0169105709123757
5978.25,0.0324603439716311,0.01067836643026
5978.5,0.0313599195710455,0.0102507439678284
5978.75,0.0314032474074074,0.0105917997748147
5979,0.0407907484220018,0.0101811055004508
5979.25,0.0492713775355736,0.011195025491977
5979.5,0.0387548753781004,0.0161675332728372
5979.75,0.0450909984639016,0.0115480420276497
5980,0.0428761111111111,0.0114130996316758
5980.25,0.0475113118872549,0.00912729797794112
5980.5,0.0371093333333333,0.0153643999999999
5980.75,0.0352268535031847,0.00816943184713375
5981,0.0385534538812785,0.0158749515981734
5981.25,0.0319099089253187,0.0111826293260473
5981.5,0.0558601075660893,0.0182119897295654
5981.75,0.0432701197053407,0.0114583060159607
5982,0.0506497733211789,0.00635458759039797
5982.25,0.0344275105485232,0.00663060611814336
5982.5,0.0291780361370716,0.00193093864922116
5982.75,0.0334033699999999,0.00630162866666664
5983,0.0245435334685598,0.00222692292089245
5983.25,0.0381033333333332,0.00254179999999993
5983.5,0.0247515271477663,0.00224369759450167
5983.75,0.0246564175365344,0.00268858867084202
5984,0.024366193340494,-6.59819548872173e-05
5984.25,0.0279266666666666,0.00155016666666661
5984.5,0.0283267194860813,0.0058165151106352
5984.75,0.026488187568157,0.00410258905125402
5985,0.0324003076923076,0.00588495384615375
5985.25,0.0232368720112517,0.00155069592123769
5985.5,0.0746598452883262,0.00267523206751049
5985.75,0.028331872538489,0.00581849194414602
5986,0.0355675241180705,0.00518459583873284
5986.25,0.0876897735314932,0.00434391365888177
5986.5,0.0224370343392299,0.00302453104405127
5986.75,0.0837131049250535,0.00082851070663801
5987,0.0268190165784832,0.000554386031745963
5987.25,0.0295192248704663,0.00234921856994808
5987.5,0.0365735029940119,0.00522647155688621
5987.75,0.0299741919191919,0.00206509595959592
5988,0.0876301298174442,0.0103567205544286
5988.25,0.0681461728148886,0.00756148820206046
5988.5,0.0360365080645161,0.00250253528225799
5988.75,0.0269645631958087,0.00121055697445968
5989,0.0413145841392649,0.00540121856866527
5989.25,0.0363878098933074,0.00564459411574516
5989.5,0.062608430191124,0.0012814867508908
5989.75,0.0283988605817452,0.00439358159812766
5990,0.0276684128312412,0.00657537238493718
5990.25,0.0255284606433949,-0.000585125530458495
5990.5,0.0306856065239551,0.00757863119266053
5990.75,0.026838,0.00529896666666661
5991,0.0261550476190476,0.00459924281603284
5991.25,0.0277751127049179,0.00544107336065568
5991.5,0.0249167228915662,0.00483233413654609
5991.75,0.0271490949050948,0.00537770029970025
5992,0.0306964729458917,0.00747249388777551
5992.25,0.0268649728643216,0.00510813531658288
5992.5,0.0273670845481049,0.00552019825072885
5992.75,0.0267692223297838,0.00479477044207803
5993,0.0277572385653175,0.00555381204343527
5993.25,0.0223569774011299,0.00335591996233521
5993.5,0.0265767706986764,0.00527752243767308
5993.75,0.0321785791366906,0.00256526873501194
5994,0.0320294324569356,0.00355098700513744
5994.25,0.032594050558495,0.00144493974132862
5994.5,0.0258540380641652,0.00166918953779223
5994.75,0.078256529535865,0.00397914556962023
5995,0.0413932061229876,0.0136516603853259
5995.25,0.0442566666666666,0.0146686
5995.5,0.0396671804878049,0.014068563414634
5995.75,0.0346006666666666,0.0130204533333332
5996,0.0307649331210191,0.0100323927070063
5996.25,0.03834,0.0154732666666666
5996.5,0.0393325773084212,0.008697551909017
5996.75,0.033796,0.0105302466666666
5997,0.0392553130666666,0.00784634442666661
5997.25,0.0376393840867036,0.0146647562780861
5997.5,0.0378513839801816,0.0097298376548307
5997.75,0.0430953877207737,0.0113267153910849
5998,0.0405587699214366,0.0146467501683501
5998.25,0.0345533333333333,0.00927354666666661
5998.5,0.0381665871710525,0.015985509868421
5998.75,0.0388638876901797,0.0158119415767634
5999,0.0320708255782313,0.0113740106666666
5999.25,0.0405861818181818,0.0133043021240441
5999.5,0.0390554425087108,0.00913652078977925
5999.75,0.04535390264731,0.0150249581554226
6000,0.0345225919335705,0.00744836743772233
6000.25,0.0372986666666666,0.0145408
6000.5,0.0365700486048604,0.00879760084008392
6000.75,0.0403498985898589,0.0168770301830182
6001,0.0349319999999999,0.00815079999999997
6001.25,0.0355801260762607,0.0166293265682656
6001.5,0.0374057732214973,0.0158135152531842
6001.75,0.0349633010752687,0.011237527120669
6002,0.0344586666666666,0.0110286666666666
6002.25,0.0452100101826894,0.0165754273734651
6002.5,0.0366020463392029,0.00907437554525786
6002.75,0.03408,0.00903593333333329
6003,0.0341435421979356,0.00882057270188213
6003.25,0.0347747763401108,0.0134408774491682
6003.5,0.038056,0.0132343999999999
6003.75,0.0336858784496123,0.0107860954418604
6004,0.0328328289473684,0.0110499288533834
6004.25,0.0347426666666666,0.0096702
6004.5,0.0407639694749694,0.0171851815628815
6004.75,0.0353767915106117,0.0129888782771535
6005,0.0377854450418159,0.0137616577060932
6005.25,0.0403908234579155,0.0128529200850804
6005.5,0.041822817204301,0.0157617964157705
6005.75,0.0330386666666666,0.00809873333333328
6006,0.0423260744649662,0.0176492636763412
6006.25,0.0458186666666666,0.0153076
6006.5,0.035197143319838,0.00589777165991894
6006.75,0.0425053333333333,0.00909273333333325
6007,0.0556582959081836,0.0110558691616766
6007.25,0.0484365394677491,0.00373680333784387
6007.5,0.121401003726708,0.00430198260869558
6007.75,0.170791724137931,0.00282755187739457
6008,0.19342019884877,0.0275306122448979
6008.25,0.146786348521966,0.0318211494365506
6008.5,0.14412117133365,0.00259836816326523
6008.75,0.139288258064516,0.00406683811981564
6009,0.222839982054733,0.00425808882907132
6009.25,0.154711575018811,-0.00703234431903685
6009.5,0.275006666666667,0.00878033333333329
6009.75,0.177206974824598,0.0144128339524005
6010,0.212993867746289,-0.00650291012145747
6010.25,0.242010925775978,0.000762239136302194
6010.5,0.259442834540091,0.0256146827567712
6010.75,0.250540826709062,-0.0011276696343402
6011,0.214033601516998,0.0013779596911824
6011.25,0.295587698444356,0.0377800997207817
6011.5,0.195010092629883,0.00310782507719152
6011.75,0.166133850842021,-0.000112673071371235
6012,0.133101333333333,0.00248499999999996
6012.25,0.181567979966611,-0.00855555926544234
6012.5,0.13882993129771,0.0157546470737913
6012.75,0.162170261997406,-0.00612140942498913
6013,0.0435260238500851,0.00413449812606472
6013.25,0.247343808717732,0.0622379449851883
6013.5,0.193446354034643,-0.0027537657456696
6013.75,0.28435475418917,0.0260737249688408
6014,0.275378406504065,0.0265075132791328
6014.25,0.189663957911777,0.00669013662484819
6014.5,0.211751876523152,-0.00558987056593545
6014.75,0.174577254901961,0.000882478431372513
6015,0.0436127504025764,0.00547519377348361
6015.25,0.267180901944559,0.0259127576885947
6015.5,0.0362933893277893,0.00350191090783085
6015.75,0.0345476936170213,0.00391194893617021
6016,0.192587750493932,0.000107567304544128
6016.25,0.0377900757116023,0.0052488850455136
6016.5,0.0363373147482013,0.00535537165467625
6016.75,0.0763269258589511,-1.41871609403247e-05
6017,0.246015453384419,-0.00449451309067687
6017.25,0.211422847703997,0.0261447003633961
6017.5,0.0305628279569892,0.00384996863799278
6017.75,0.181931955163543,0.0147955571848585
6018,0.1786218,0.0120498833333333
6018.25,0.203804777105118,0.0282590420106402
6018.5,0.0396392885545405,0.00605245051047816
6018.75,0.185647726942629,0.0306887058823529
6019,0.203645720596356,0.042149928216455
6019.25,0.235061951219512,0.0546578395663956
6019.5,0.351606629339306,0.0266311220604703
6019.75,0.142926893159977,0.00468070209157714
6020,0.28542,0.0128888666666666
6020.25,0.0394286666666666,0.0133716666666666
6020.5,0.191597980582524,0.0463344621359222
6020.75,0.185073333333333,0.00965599999999993
6021,0.0824121595946801,0.0046037137428752
6021.25,0.188158490976299,0.0189295973037617
6021.5,0.0396593968253968,0.0138973333333332
6021.75,0.128068200814111,0.012783121302578
6022,0.116203655767484,0.00513193287920069
6022.25,0.105210257883672,0.00660809156739074
6022.5,0.039911520684736,0.00749407532096994
6022.75,0.0447002102713178,0.0138082409883721
6023,0.0404280225324516,0.015793377026696
6023.25,0.0401074546397096,0.0136166700362882
6023.5,0.0429882560777958,0.011492003997839
6023.75,0.0428936127809369,0.0165928057405902
6024,0.040612,0.0171867333333332
6024.25,0.0418443670286828,0.0176010522417153
6024.5,0.0388133333333333,0.00943826666666664
6024.75,0.0369825915655689,0.00482381629116112
6025,0.0378666666666666,0.0137077333333333
6025.25,0.0341567534482758,0.0103157185344827
6025.5,0.0371566666666666,0.00860046666666661
6025.75,0.0371177715877436,0.0138930584958217
6026,0.0341746666666666,0.00942406666666657
6026.25,0.0397451758241758,0.0163512219780219
6026.5,0.0416715384615384,0.0175757509157509
6026.75,0.0314008389241462,0.0104800299909338
6027,0.037062,0.0134947333333333
6027.25,0.0403279999999999,0.0139964666666666
6027.5,0.0347271931435567,0.0118489372513009
6027.75,0.0375135808823529,0.0144195779411764
6028,0.0374788471454879,0.0138161946593001
6028.25,0.036466243872549,0.0131496611519608
6028.5,0.0328797775718257,0.00793094346617228
6028.75,0.0365413333333333,0.00908042666666664
6029,0.0371432851479108,0.0143598593473619
6029.25,0.0402806666666666,0.0128178666666666
6029.5,0.0356129188191882,0.00756833800738003
6029.75,0.029962,0.00630953333333329
6030,0.0327366147418681,0.0100886571769621
6030.25,0.0267433333333333,0.00581253333333325
6030.5,0.0448878946502057,0.0130013563786008
6030.75,0.0540024881889763,0.0143675040944881
6031,0.0556166666666666,0.0110476
6031.25,0.169209280868385,0.0367805047489823
6031.5,0.0929432924836601,0.0108922352941176
6031.75,0.140849315909091,-4.73602272727272e-05
6032,0.195354400837258,0.0278059183673469
6032.25,0.192644334975369,0.00874454187192113
6032.5,0.218152297297297,0.0134716126447876
6032.75,0.247221011600928,0.00929909568445466
6033,0.220839623149394,0.00421986541049795
6033.25,0.153476078856283,-0.00697618540255826
6033.5,0.239198156576499,-0.00247234458279653
6033.75,0.262411524701874,0.00968143057921626
6034,0.212127898144152,-0.010060651992519
6034.25,0.152129333333333,-0.00417953333333329
6034.5,0.235578246527778,-0.00745919097222213
6034.75,0.258928386336867,-0.000850494699646576
6035,0.167015323085682,0.0126326037574722
6035.25,0.190390607101947,0.000680417951660853
6035.5,0.194117637863656,0.0202146834563612
6035.75,0.156032191317145,0.0211199870493009
6036,0.119310229691877,0.00813393501400554
6036.25,0.15560712585034,0.00425329298082868
6036.5,0.159028645472062,0.0056508840719331
6036.75,0.153510796460177,-0.000497488692231993
6037,0.19898383212268,0.0176296839386601
6037.25,0.165049436298469,0.0236872101661779
6037.5,0.205224773136773,0.0310674368550368
6037.75,0.218834642106964,0.00553467312974626
6038,0.218160394213956,0.00582074500079471
6038.25,0.24435747955748,0.0158406156806157
6038.5,0.0536173002110731,0.0126887916869621
6038.75,0.0321045758169934,0.00214342503267972
6039,0.237737053352912,0.0112204326970141
6039.25,0.0702978449062341,-0.00578248758236185
6039.5,0.270182944606414,-0.00245749008746351
6039.75,0.0357779334326875,0.00514219175360155
6040,0.0392196249790725,0.00268718299012213
6040.25,0.038560856557377,0.00290273606557377
6040.5,0.0673089923130678,-0.00191218728162124
6040.75,0.179866666666667,0.0192835999999999
6041,0.167724713646532,-0.00456302863534669
6041.25,0.172666512077295,0.00955105994202889
6041.5,0.171317406060606,0.00970940806464638
6041.75,0.0313149096258931,0.00244748251366116
6042,0.166751451578724,0.00460327950837038
6042.25,0.0645575877248676,0.00692673896296288
6042.5,0.19962205864005,0.0313151191515907
6042.75,0.224833333333333,0.0144319333333333
6043,0.339513301511535,0.0140547126491646
6043.25,0.026238607497467,0.00188027566362708
6043.5,0.23998,0.0115966666666666
6043.75,0.254489786715417,0.00750673784277869
6044,0.0432893390875462,0.013019955487053
6044.25,0.215974984365228,0.0225921200750469
6044.5,0.297355204824288,0.0314373944687045
6044.75,0.18377105982906,0.0117982914957264
6045,0.20690077073808,0.0199947315480078
6045.25,0.174518,0.017466
6045.5,0.144517607763485,0.0197211753554501
6045.75,0.135951971460424,0.00565206858416945
6046,0.0437058580289455,0.0101649230415804
6046.25,0.0443974581560283,0.0132146609929077
6046.5,0.0446204748725418,0.0102172361252731
6046.75,0.0412139239636988,0.0165800969340201
6047,0.0392393333333333,0.0145644666666666
6047.25,0.05518523556231,0.0117665343465045
6047.5,0.0389254137224782,0.0142174718894009
6047.75,0.0399016267087276,0.0097987465825446
6048,0.0373808572949946,0.0150799387646432
6048.25,0.0395706666666666,0.0117528666666666
6048.5,0.036636,0.0140106666666666
6048.75,0.0430963518672199,0.0154097810788381
6049,0.0374558766066837,0.0157059300771207
6049.25,0.0380086666666666,0.0122309333333333
6049.5,0.0420769868945869,0.0144910878632478
6049.75,0.0365103923228902,0.00847495117132371
6050,0.0307925863521482,0.0132597614153327
6050.25,0.0374086934244236,0.0124474944491886
6050.5,0.0343166666666666,0.0105695333333333
6050.75,0.0509876164307521,0.00888384790452393
6051,0.0387520448275862,0.0140985434482758
6051.25,0.0319699383561644,0.00867350102739723
6051.5,0.0386530418079095,0.015106818418079
6051.75,0.0370780438448567,0.014873781618887
6052,0.0450613333333333,0.00998733333333325
6052.25,0.036604498991645,0.0167185833477384
6052.5,0.0421005261324041,0.0138067045296166
6052.75,0.041926745614035,0.0204659368421052
6053,0.0412616941312517,0.0130441717259323
6053.25,0.0328106620410523,0.0113389647875108
6053.5,0.0348032467306015,0.0158843156059284
6053.75,0.0393813333333332,0.0162258666666666
6054,0.046962201524132,0.0157628416596104
6054.25,0.0350545541401273,0.00477499872611455
6054.5,0.0460120700636942,0.0115576242038216
6054.75,0.0411347117046347,0.00533280460853619
6055,0.0386713333333333,0.004686
6055.25,0.0568025585585585,0.00168215630630621
6055.5,0.141664520460358,0.0130060439045182
6055.75,0.104458178784267,0.0144787871275327
6056,0.185073333333333,0.00475699999999993
6056.25,0.162951626666667,0.01589841088
6056.5,0.213946666666667,0.0236051333333333
6056.75,0.222024387011266,0.0139591928429423
6057,0.269739723593287,0.0248009378084895
6057.25,0.201477431557989,0.0125546801393728
6057.5,0.125761095660749,0.00353629013806701
6057.75,0.250199199080913,0.016267704579025
6058,0.218573896166909,4.73103671356943e-05
6058.25,0.19312,0.0103628475305623
6058.5,0.193593333333333,0.00763959999999996
6058.75,0.200633011067708,0.0100269518880208
6059,0.214154785992218,-0.000329760466926031
6059.25,0.215275968063872,-0.00283708063872245
6059.5,0.126491347172996,0.00378858396624472
6059.75,0.0925828513650151,0.0046054519716885
6060,0.164640667688639,0.0117661427354794
6060.25,0.116112772987013,0.00014229506493497
6060.5,0.130708721725408,0.00428118421883215
6060.75,0.124601098060345,0.0188014579741378
6061,0.124670347498655,0.0142297138246369
6061.25,0.199347093223254,0.00993914516683861
6061.5,0.13493958516964,0.0110933389996501
6061.75,0.208526673479816,0.00274252767841928
6062,0.1633,0.012141
6062.25,0.229759141489186,-0.000184836783886365
6062.5,0.224243846026215,0.00480790041480002
6062.75,0.223868433107756,0.0197536562207183
6063,0.14003745235565,0.00472296124690039
6063.25,0.146246512273212,0.00509611403415144
6063.5,0.172211121485411,0.00935211246684345
6063.75,0.0798489161021364,-0.00319777488275136
6064,0.0738512554847841,-0.00285507430997869
6064.25,0.164260649161196,0.0128251841721371
6064.5,0.163836582694414,-0.00450669324571008
6064.75,0.127326666666667,0.0137314
6065,0.067099089707271,-0.00126165189801697
6065.25,0.138260666666667,0.00312399999999996
6065.5,0.0313335329341317,0.00178506187624742
6065.75,0.124685277569704,0.0113242340823969
6066,0.197636005188067,0.017777761521833
6066.25,0.138216486699051,0.0146304639833449
6066.5,0.0926815180722891,0.0189425528781793
6066.75,0.0277970131992457,0.00464843589775813
6067,0.346648211784095,0.0383162455706634
6067.25,0.21158,0.0214751333333333
6067.5,0.234149033505154,0.0163525900773196
6067.75,0.193593333333333,0.00716626666666657
6068,0.227140653276527,0.0119734895516331
6068.25,0.21584,0.022578
6068.5,0.0477753795811518,0.00690614397905749
6068.75,0.101870429967427,0.0161621809771986
6069,0.0724211284768212,0.00928962119205296
6069.25,0.133563059037239,0.0175728385558583
6069.5,0.0730795655172413,0.00907227227586199
6069.75,0.1276343654455,0.0127398180461329
6070,0.0393610708878183,0.00593494847442069
6070.25,0.0568414693132557,0.0168448868811316
6070.5,0.0593857592458303,0.0141937186366932
6070.75,0.0482904984756097,0.014756743902439
6071,0.040186,0.00905013333333325
6071.25,0.0402333333333333,0.0102145333333333
6071.5,0.0375468970934799,0.0149666103692066
6071.75,0.0399648622502628,0.0098142754994742
6072,0.037914,0.0151135333333333
6072.25,0.0380721010928961,0.0149166965027322
6072.5,0.0394759999999999,0.0126332666666666
6072.75,0.0456454364261168,0.00966303493699877
6073,0.0349625082969432,0.0121610784279475
6073.25,0.0401619166666666,0.0116279891666666
6073.5,0.035941242937853,0.0114775521855486
6073.75,0.04189,0.017466
6074,0.041464,0.0181333999999999
6074.25,0.0412746666666666,0.0163820666666666
6074.5,0.0336066666666666,0.00588826666666657
6074.75,0.0357205030567685,0.0143497882969432
6075,0.037062,0.0155916
6075.25,0.036778,0.0142
6075.5,0.0436599373913042,0.0152101015652173
6075.75,0.0360361096374889,0.00777944886531093
6076,0.0348373333333333,0.0112369333333333
6076.25,0.0386403829913767,0.0167505108534047
6076.5,0.0297866834683468,0.0086102869486948
6076.75,0.02982,0.00870933333333325
6077,0.042590762160549,0.016756788182632
6077.25,0.0361153333333333,0.00991633333333332
6077.5,0.0410634742451154,0.00993394671403193
6077.75,0.0388281797356827,0.0146081509544786
6078,0.0306986945169712,0.00691194371917601
6078.25,0.0353395624659028,0.00799640501909436
6078.5,0.0365413333333333,0.00812239999999993
6078.75,0.173571333333333,0.046008
6079,0.0873992545598731,0.0062543759238699
6079.25,0.0875846147501213,0.00448151586608439
6079.5,0.146350780619112,0.0049619253028263
6079.75,0.126224039240776,0.0417747101727446
6080,0.127728144578313,0.00320146698795178
6080.25,0.190716422018349,0.0167564776758409
6080.5,0.181935566448802,0.0134915855119825
6080.75,0.227423157152925,0.00751628816067647
6081,0.184989451476793,0.00415989099859352
6081.25,0.138986835973249,0.00746209500175993
6081.5,0.109530082673703,-0.00224480259138074
6081.75,0.105292145166839,-0.00464731269349837
6082,0.102448482362869,-0.00392145043037967
6082.25,0.0979466788741946,-0.0037222586639538
6082.5,0.170957756916996,0.0071177149209486
6082.75,0.202655699352912,0.0120790355068856
6083,0.17892,-0.00833066666666664
6083.25,0.179246742163138,0.00215096090595758
6083.5,0.0940470690690691,0.00315233603603599
6083.75,0.176961032388664,0.00461042476383258
6084,0.0784435507470376,-0.000148534975098729
6084.25,0.164735744561403,0.0122133303157894
6084.5,0.129313104843002,0.00509073400745071
6084.75,0.084169241949991,0.00834143608562688
6085,0.124002232024386,0.0141534559799174
6085.25,0.104254994791667,0.0151440596354166
6085.5,0.119479534482759,0.00623885160919531
6085.75,0.148477876747799,0.013723796271362
6086,0.189151450617284,0.0134741783950616
6086.25,0.150155260581336,0.00345266615672275
6086.5,0.225823822797412,0.00484177590841209
6086.75,0.22549319104633,0.0198970212736422
6087,0.177816023292747,0.00678188692429851
6087.25,0.146640283173248,0.00510983539665591
6087.5,0.191167190226876,0.0112816893542757
6087.75,0.187762773591676,0.00437953067814851
6088,0.073773271054494,-0.00285205944798298
6088.25,0.166060765864333,0.0129657341356673
6088.5,0.0388041899679828,0.00238867641408744
6088.75,0.165100839865621,0.00183550503919367
6089,0.0976309307875895,0.011044499045346
6089.25,0.0317436502596054,0.00438618122949113
6089.5,0.0274975070989616,0.00143236143250684
6089.75,0.119462932175351,0.00459509181141432
6090,0.166858275058275,0.00460622843822841
6090.25,0.056952182529335,0.00677371473272484
6090.5,0.148207652699604,-0.00160530748384406
6090.75,0.210118966218966,0.027055768009768
6091,0.346862060156572,0.0383398829831067
6091.25,0.235102343558282,0.0135716020858895
6091.5,0.0640557881462799,0.0116718627994956
6091.75,0.0726093333333332,0.00815079999999997
6092,0.0453747020725388,0.0143844436528497
6092.25,0.186449516733601,0.0180544730923694
6092.5,0.0371055570839065,0.0122377436038514
6092.75,0.18229831583731,0.0397328970688479
6093,0.150756666666667,0.0256404666666666
6093.25,0.0487181323706378,0.0142843456077015
6093.5,0.111328,0.00387659999999989
6093.75,0.0486113333333333,0.00866199999999996
6094,0.0821095277777777,0.0153671575892857
6094.25,0.0776859689330277,0.0182751504965623
6094.5,0.04144389006228,0.0124615208773354
6094.75,0.0441619999999999,0.0152176666666666
6095,0.0388930775646372,0.0144487072560466
6095.25,0.040612,0.00870933333333325
6095.5,0.0418426666666666,0.0171157333333333
6095.75,0.0410503074737141,0.0124191368002273
6096,0.0360319943019942,0.0107810769230769
6096.25,0.036698219081272,0.00775108003533568
6096.5,0.0399377224709042,0.0160935282602208
6096.75,0.0447773333333333,0.0162353333333333
6097,0.0406228675635276,0.016863928490284
6097.25,0.040126625,0.01161777125
6097.5,0.0361307490438364,0.0111277032068255
6097.75,0.0436496589285714,0.0200987053571428
6098,0.0366984467836257,0.0142915858479532
6098.25,0.0366981328609389,0.0140833813994685
6098.5,0.0407539999999999,0.0160318
6098.75,0.0373320584900029,0.00948461689048037
6099,0.0357670291702067,0.0142973369583686
6099.25,0.0427893333333332,0.0165666666666666
6099.5,0.0357532841201716,0.0082620353648068
6099.75,0.0483417647058823,0.00836411764705876
6100,0.039556296914095,0.0180300917431192
6100.25,0.0368660775330396,0.0144968905139501
6100.5,0.037488,0.0158093333333333
6100.75,0.0420534665508253,0.0146289362293657
6101,0.0400913333333333,0.016543
6101.25,0.038164580927384,0.0161596496937882
6101.5,0.034772956698634,0.0158704911362976
6101.75,0.0408749155395251,0.0114990336639614
6102,0.0569419999999999,0.00838746666666661
6102.25,0.0539599999999999,0.0217259999999999
6102.5,0.0429486091753774,0.0138574518002323
6102.75,0.0482863084323712,0.00787430984719864
6103,0.106263333333333,0.00533541333333325
6103.25,0.102760666666667,0.00180198
6103.5,0.0928371346548188,0.0024823017088175
6103.75,0.154919316445517,0.00454000321672689
6104,0.167276373333333,0.00930995199999995
6104.25,0.207928021680217,0.0126079991327913
6104.5,0.214167571846498,0.0236295062123558
6104.75,0.21442,0.00647993333333329
6105,0.2201,0.0158708666666666
6105.25,0.209686666666667,0.00789519999999996
6105.5,0.192551953457883,0.0022708829891838
6105.75,0.203077191283293,0.00561309152542365
6106,0.224400128452151,0.0219486946692356
6106.25,0.19312,0.0103628475305623
6106.5,0.270489180535743,0.0224619511808527
6106.75,0.139699136035187,-0.000568267672007454
6107,0.203063565599498,0.00511928942247325
6107.25,0.185283604284814,0.0118354628859482
6107.5,0.178058325374085,-0.00277505794333007
6107.75,0.147651208434712,0.00616197080291962
6108,0.127862170558039,-0.00815688772975655
6108.25,0.148777174683544,0.00800743392405057
6108.5,0.131370663904713,-0.000194167167270836
6108.75,0.14839,0.00524926666666657
6109,0.179860117083555,0.0307792116373957
6109.25,0.143197455158942,0.0201939080092345
6109.5,0.134447104931794,0.0110528523609654
6109.75,0.204051493550577,0.0210220492192803
6110,0.194481076817558,0.0138538336076817
6110.25,0.149470315145334,0.00343691653918062
6110.5,0.209446970472777,0.0270163058542413
6110.75,0.224564757938574,0.0198150983862571
6111,0.139514924548353,0.00470533825717314
6111.25,0.146561528993241,0.0051070911241551
6111.5,0.154947874186551,0.000914524150397641
6111.75,0.138051981441048,-2.36795851528383e-05
6112,0.12732234232251,-0.0035250831810676
6112.25,0.163773333333333,0.000738399999999964
6112.5,0.148709467038069,0.0101539202971216
6112.75,0.12536423722842,0.00356784380504983
6113,0.128060581228178,0.00267471246662553
6113.25,0.0497096336499321,0.011020895522388
6113.5,0.0472949697795955,0.0137169418768461
6113.75,0.0346688852233676,0.00460056577319585
6114,0.0270186256263421,0.00265446146504408
6114.25,0.1081472,0.00682560617543856
6114.5,0.0328051910112359,0.00494905898876399
6114.75,0.12961189687924,0.0263288937132518
6115,0.0317819825503355,0.00328334877852341
6115.25,0.0649886666666666,0.0065604
6115.5,0.0279559775486826,0.0053728635967926
6115.75,0.035898893503014,0.0147128929671801
6116,0.0385503344709897,0.00668836477815692
6116.25,0.0396933258056927,0.0153562962126558
6116.5,0.13650141029341,0.0108898632034631
6116.75,0.150127916546763,0.0121369953956834
6117,0.0426473333333333,0.0146401999999999
6117.25,0.054244,0.00770113333333332
6117.5,0.0427277376710559,0.0152199801704105
6117.75,0.038787448489543,0.0127168094500387
6118,0.0421129430244941,0.013803950053248
6118.25,0.0419715120891062,0.0133399298016843
6118.5,0.0390291072319202,0.0154278101413133
6118.75,0.0404226666666666,0.009217362
6119,0.0392657710320901,0.00972572039895916
6119.25,0.0435909636789689,0.00694627896895129
6119.5,0.0460160034158839,0.00901402903501277
6119.75,0.037062,0.00641461333333332
6120,0.0392409415365779,0.00845628037955311
6120.25,0.0353216032039433,0.010869999383857
6120.5,0.051925449754902,0.017186659375
6120.75,0.0336373576864536,0.00710174636225263
6121,0.0357697255627505,0.007367142152328
6121.25,0.0424896436995654,0.0146722050900062
6121.5,0.0405518884664132,0.00696926641318123
6121.75,0.040336659642401,0.00761336717752229
6122,0.035926,0.00967351333333332
6122.25,0.0424876875407697,0.00830764840182639
6122.5,0.0348453128991059,0.0129243575989782
6122.75,0.034506,0.00987846666666661
6123,0.0368015525554484,0.00590525554484084
6123.25,0.040896,0.00785733333333325
6123.5,0.0324706666666666,0.00959588666666664
6123.75,0.0431630248853961,0.00792664551407989
6124,0.0329913333333332,0.0113069866666666
6124.25,0.0383780357142856,0.0167678849867724
6124.5,0.0330682383759004,0.00740728539620163
6124.75,0.0399966666666666,0.00705739999999993
6125,0.03834,0.0153596666666666
6125.25,0.0354658653846153,0.00848343499999993
6125.5,0.0341870475291155,0.0123120525653131
6125.75,0.033371227665706,0.00949869510086449
6126,0.0413295168431183,0.0130703414821944
6126.25,0.0409093891102257,0.0157358440903054
6126.5,0.025254124453414,0.00353936791120074
6126.75,0.0397186067193675,0.0153166363636363
6127,0.0271298085539714,0.00363691209775963
6127.25,0.0228146666666666,0.00230181999999996
6127.5,0.0403196983204134,0.0145738416020671
6127.75,0.0405576090125911,-0.000523553247183556
6128,0.049322180163214,0.00595365530445695
6128.25,0.0225300086064217,0.00337902090698439
6128.5,0.0211462093862815,0.000751865222623344
6128.75,0.032518,0.00202586666666664
6129,0.0290898026766262,0.0055005310924369
6129.25,0.0285103572744014,0.00769402025782688
6129.5,0.0230550018903591,0.002867702079395
6129.75,0.0340518837420526,0.0036772282167726
6130,0.0982049190821256,-0.00665763913043469
6130.25,0.0222198502772642,0.00116073844731975
6130.5,0.0232851464114832,0.00138383008612434
6130.75,0.0251563782234956,0.00493216045845263
6131,0.0662226479925303,0.000906254341736673
6131.25,0.0220778517829457,0.00131709072868215
6131.5,0.0217619036505086,0.000920514362656998
6131.75,0.0229733828996282,0.000886150384138758
6132,0.159009513358779,0.011544590966921
6132.25,0.025040240102171,0.00107858339719023
6132.5,0.0286444718739955,0.00323767896496293
6132.75,0.020230748639129,0.000289010694844681
6133,0.0285348774603174,0.00200830735238095
6133.25,0.0364939999999999,0.00566106666666661
6133.5,0.0342820045263497,0.00468870869705784
6133.75,0.0354514460362941,0.00478213323145493
6134,0.0287964862745098,0.00557872522875815
6134.25,0.02815815625,0.00398114472656239
6134.5,0.027054469210174,0.00540141767068269
6134.75,0.0232373958538992,0.000541730700888357
6135,0.0336303333333332,0.00602519921568619
6135.25,0.0213473333333333,0.00182233333333332
6135.5,0.0218792377334599,0.00173996524216519
6135.75,0.0216842192307692,0.0010062611538461
6136,0.0321957224682609,0.00214273010924121
6136.25,0.0559100476621418,0.00112484561085971
6136.5,0.0281615651340996,0.00410796705619412
6136.75,0.0271637595829499,0.00129854885004592
6137,0.0267003150387597,0.00148704601550378
6137.25,0.0224199548022598,0.00336537325800368
6137.5,0.02676345,-0.000405935925925861
6137.75,0.0318322625899279,0.00253766046163063
6138,0.0391469807407407,0.00962166755555552
6138.25,0.0324122136213621,0.00432792823282326
6138.5,0.0325836776296296,0.00469602204444437
6138.75,0.0396727089692101,0.0149041983400268
6139,0.0407866554487179,0.0143155949786325
6139.25,0.0360262330043859,0.0108598081140351
6139.5,0.0349218488085455,0.0116144682004929
6139.75,0.0332479462277092,0.0106696111934156
6140,0.040225780141844,0.00791186350245496
6140.25,0.0333505750977107,0.00994358766052482
6140.5,0.0406671557054525,0.00830738313659355
6140.75,0.0340958961111111,0.00583100792777776
6141,0.041298977324263,0.00763133276643988
6141.25,0.0382858328904635,0.015689591319752
6141.5,0.0352633333333333,0.007242
6141.75,0.038346619173263,0.0170555196716505
6142,0.0377067633851468,0.00817168879677598
6142.25,0.0516498011695906,0.0159002216374269
6142.5,0.038217480443666,0.0150309445417396
6142.75,0.0501705564444444,0.0150085290666666
6143,0.0333226666666666,0.0112359866666666
6143.25,0.0354071438979964,0.0073377271402549
6143.5,0.04047,0.0150803999999999
6143.75,0.0437280613165013,0.00828132732191157
6144,0.0351991013964783,0.00943666647237394
6144.25,0.0385173370064278,0.00682225895316794
6144.5,0.0395922848373235,0.0081168908532842
6144.75,0.0352807352941176,0.011399850490196
6145,0.0358027844588343,0.00737395097132279
6145.25,0.0330698058435438,0.0116534110801131
6145.5,0.0371093333333333,0.00867146666666664
6145.75,0.0402979859514686,0.00760606768837797
6146,0.0334786412698413,0.0115953981333333
6146.25,0.0327546666666666,0.00843006666666661
6146.5,0.0365413333333333,0.0142236666666666
6146.75,0.0375593333333333,0.0125953688888888
6147,0.0349594369801663,0.0103602763915547
6147.25,0.0349319999999999,0.0109860666666666
6147.5,0.0339049863813229,0.0100026802918287
6147.75,0.0339305686666666,0.0103679359333333
6148,0.0464316357458375,0.00829472035338087
6148.25,0.0392205931972788,0.0176634089795917
6148.5,0.0306233354166666,0.00707309395833325
6148.75,0.0472785443868739,0.00773991723661476
6149,0.0384906639089969,0.0164905613236815
6149.25,0.0385293333333332,0.0168553999999999
6149.5,0.0279642052327557,0.00618802514441043
6149.75,0.0320749258517033,0.0123717571142284
6150,0.0324999229480736,0.0113319515510887
6150.25,0.0224845916837082,0.000746337286980164
6150.5,0.0309494461538461,0.00133971642490832
6150.75,0.0233940803782505,0.00324545699763588
6151,0.0388632403467297,0.00657322364066187
6151.25,0.0270450120481927,0.0058550078714859
6151.5,0.0248317777777777,0.00604682222222212
6151.75,0.0266088295625942,0.0040157707088989
6152,0.0815278967551622,0.00795038207964594
6152.25,0.0702910915443745,0.00320115779874204
6152.5,0.0273586666666666,0.00212999999999989
6152.75,0.0260140889801505,0.000343404791238837
6153,0.0227693389830508,0.00121021906779651
6153.25,0.0272123358449945,0.00495407735199129
6153.5,0.0753671490857946,0.00270057637130793
6153.75,0.0248216575481255,0.00126467760891581
6154,0.0243293333333333,0.00156199999999993
6154.25,0.0234773333333333,0.00186966666666661
6154.5,0.0241399999999999,0.00113599999999993
6154.75,0.0225953312820513,0.00226431015384613
6155,0.0303870240549828,0.00192767683848788
6155.25,0.0222490976837865,0.00180123215240005
6155.5,0.0213684693069307,0.00190942198019797
6155.75,0.0419966627373935,0.00576332154551408
6156,0.0257576699282452,0.000183303196346972
6156.25,0.0323610598455598,0.00615660920205919
6156.5,0.0424509044908285,0.00660926470588227
6156.75,0.020230748639129,0.000289010694844681
6157,0.0253245609990393,0.002195743772014
6157.25,0.0270067658730159,0.00171616152050264
6157.5,0.0227619876796714,0.00430373716632435
6157.75,0.0273586666666666,0.00331333333333332
6158,0.0247553333333333,0.00156199999999993
6158.25,0.0362883270689087,0.00596435319749417
6158.5,0.0266384575163398,0.00699200575163395
6158.75,0.0294309023832843,0.00407780978126019
6159,0.0282145583173996,0.00439875725940088
6159.25,0.0268853333333333,0.00293466666666661
6159.5,0.0243293333333333,0.00222372
6159.75,0.0258439999999999,0.0030246
6160,0.0233826666666666,0.000354999999999964
6160.25,0.021868,0.00170399999999989
6160.5,0.0258439999999999,0.00311973999999996
6160.75,0.0245186666666666,0.00180339999999996
6161,0.024282,0.00122815799999989
6161.25,0.0248026666666666,0.00243766666666657
6161.5,0.0255126666666666,0.00322813333333332
6161.75,0.025276,0.0037914
6162,0.02698,0.00317559333333325
6162.25,0.0260333333333333,0.00340326666666661
6162.5,0.0342693333333332,0.0125291333333333
6162.75,0.07807094092827,0.00396970886075944
6163,0.035892344155844,0.00626467424242421
6163.25,0.0256759215686274,0.001587454117647
6163.5,0.0416472405470635,0.0137171466881201
6163.75,0.0331931720164609,0.0106520335802468
6164,0.0385646232741617,0.00711925742462656
6164.25,0.0334622088218872,0.00997687163595748
6164.5,0.0400763718674212,0.0100333044462409
6164.75,0.0341245722222222,0.00583591205555552
6165,0.0433682533557046,0.0149968082214765
6165.25,0.0438830117647058,0.0145469334453781
6165.5,0.0410982748049052,0.0115633235785953
6165.75,0.0339379999999999,0.0105188866666666
6166,0.0354699152542373,0.0116388615254237
6166.25,0.0381097535460993,0.0150588104609929
6166.5,0.0410995888187555,0.00914313543733088
6166.75,0.0387061097122301,0.0164252242805755
6167,0.0361909887160719,0.0155158233607806
6167.25,0.0333613165467626,0.0109253599640287
6167.5,0.0352958941212681,0.00834309658356411
6167.75,0.039334,0.00912113333333329
6168,0.0410085383177569,0.00836234018691586
6168.25,0.0363940641509433,0.0163632226415093
6168.5,0.0378920608272505,0.0160450671532847
6168.75,0.0336539999999999,0.0122309333333333
6169,0.0370644090480678,0.0108233711592836
6169.25,0.0383670213592232,0.0159917918446601
6169.5,0.0415459283639883,0.00683011293965786
6169.75,0.0348292921492921,0.00712741312741303
6170,0.0378989207571383,0.0167784138594802
6170.25,0.0360330503875968,0.00892314515503867
6170.5,0.0375221283562541,0.0155207301899148
6170.75,0.0386823793445878,0.0165897034756703
6171,0.0387395254237288,0.0164737932868062
6171.25,0.03806251625239,0.0170621824091778
6171.5,0.0388705884615384,0.0168108201923076
6171.75,0.0394941738299904,0.0162960483922318
6172,0.0372116358924522,0.00783328487204399
6172.25,0.0379981889967637,0.0126976491909384
6172.5,0.0338865387596898,0.0100715701550387
6172.75,0.0365060617760617,0.00799161196911197
6173,0.0355921068502129,0.01538206273353
6173.25,0.0307545708775313,0.00507851976856316
6173.5,0.035358,0.00833066666666664
6173.75,0.0301513333333333,0.00182611999999993
6174,0.0521613333333332,0.0197190666666666
6174.25,0.0575573333333333,0.0125196666666666
6174.5,0.0546226666666666,0.0115398666666666
6174.75,0.0723253333333333,0.0115162
6175,0.091732,0.00155253333333325
6175.25,0.102760666666667,0.00180198
6175.5,0.150046666666667,0.0125859333333332
6175.75,0.179866666666667,0.004686
6176,0.185073333333333,0.00572733333333325
6176.25,0.202113333333333,0.00590719999999993
6176.5,0.204006666666667,0.0090738
6176.75,0.195486666666667,-0.00627639999999996
6177,0.221993333333333,-0.00993999999999996
6177.25,0.203533333333333,-0.0024708
6177.5,0.195013333333333,-0.00881346666666661
6177.75,0.20022,-0.00743937999999996
6178,0.221993333333333,0.00365413333333332
6178.25,0.230513333333333,0.0166518666666666
6178.5,0.257966666666667,0.0534393333333332
6178.75,0.201166666666667,-0.008946
6179,0.15904,-0.00714733333333332
6179.25,0.1704,-0.00852
6179.5,0.200693333333333,0.0232406666666666
6179.75,0.16756,-0.00774846666666661
6180,0.147632666666667,-0.00548593333333332
6180.25,0.144982,-0.00691066666666657
6180.5,0.133196,-0.00466706666666664
6180.75,0.162826666666667,0.00803719999999993
6181,0.129788,-0.00243766666666657
6181.25,0.215366666666667,0.0612966666666666
6181.5,0.224833333333333,-0.00927733333333332
6181.75,0.241873333333333,0.00535813333333332
6182,0.233353333333333,0.00525873333333325
6182.25,0.233826666666667,0.00333226666666657
6182.5,0.23572,0.00770160666666661
6182.75,0.229093333333333,0.0103375999999999
6183,0.231933333333333,0.0137455999999999
6183.25,0.21442,-0.00620066666666664
6183.5,0.226253333333333,0.00184599999999996
6183.75,0.227673333333333,0.00957553333333332
6184,0.236193333333333,0.0233353333333333
6184.25,0.216313333333333,0.00609653333333329
6184.5,0.217733333333333,-0.00636159999999996
6184.75,0.19738,-0.00423633333333325
6185,0.187913333333333,0.00516879999999996
6185.25,0.17892,-0.00418899999999996
6185.5,0.169453333333333,-0.00437359999999993
6185.75,0.16188,-0.000156199999999929
6186,0.173713333333333,0.00643449333333325
6186.25,0.166566,0.00300377333333329
6186.5,0.156247333333333,0.00865253333333329
6186.75,0.182706666666667,0.00940513333333332
6187,0.21016,0.0195628666666666
6187.25,0.206846666666667,0.0117576
6187.5,0.180813333333333,0.00280686666666661
6187.75,0.16188,0.00417953333333329
6188,0.145976,0.0181618
6188.25,0.138402666666667,0.00703373333333329
6188.5,0.137976666666667,0.00589773333333325
6188.75,0.15194,0.0189238666666666
6189,0.144745333333333,0.0194303333333333
6189.25,0.133290666666667,0.0175369999999999
6189.5,0.127516,0.0157383333333333
6189.75,0.112748,0.0196054666666666
6190,0.0993526666666666,0.0247932
6190.25,0.0725146666666667,0.0108109333333333
6190.5,0.0675919999999999,0.0170968
6190.75,0.0409906666666666,0.0131823333333332
6191,0.038482,0.0149762666666666
6191.25,0.0363993333333332,0.0133953333333333
6191.5,0.0372986666666666,0.014058
6191.75,0.0375826666666666,0.0147112
6192,0.0380086666666666,0.0153928
6192.25,0.0372986666666666,0.0145408
6192.5,0.035074,0.0135704666666666
6192.75,0.0367306666666666,0.0133858666666666
6193,0.0346006666666666,0.0125291333333333
6193.25,0.0346006666666666,0.013206
6193.5,0.0338433333333333,0.0125338666666666
6193.75,0.0356419999999999,0.0134284666666666
6194,0.034648,0.0128888666666666
6194.25,0.0354053333333333,0.0127752666666666
6194.5,0.0352633333333333,0.0130782
6194.75,0.0347426666666666,0.0131539333333333
6195,0.0351213333333333,0.0129172666666666
6195.25,0.0347426666666666,0.0134284666666666
6195.5,0.0361626666666666,0.013845
6195.75,0.0348373333333333,0.0126096
6196,0.0355946666666666,0.0131065999999999
6196.25,0.0351213333333333,0.0138544666666666
6196.5,0.0354053333333333,0.0129977333333333
6196.75,0.0341746666666666,0.0124628666666666
6197,0.035784,0.0141621333333333
6197.25,0.03621,0.0146922666666666
6197.5,0.0347899999999999,0.0125717333333333
6197.75,0.0339853333333333,0.0113789333333333
6198,0.0339853333333333,0.0124013333333333
6198.25,0.0443986666666666,0.0121362666666666
6198.5,0.0506466666666666,0.00536049999999996
6198.75,0.0665033333333333,0.00372797333333329
6199,0.0997786666666666,-0.000104133333333333
6199.25,0.106168666666667,0.00346006666666657
6199.5,0.142284,0.0110476
6199.75,0.148058666666667,-0.000646573333333322
6200,0.177973333333333,0.0156199999999999
6200.25,0.19596,0.0225732666666666
6200.5,0.213946666666667,0.0236051333333333
6200.75,0.21442,0.00647993333333329
6201,0.23004,0.0101198666666666
6201.25,0.216313333333333,0.00702426666666661
6201.5,0.228146666666667,0.0100725333333332
6201.75,0.218206666666667,0.00960109333333332
6202,0.20448,0.0043026
6202.25,0.20306,0.00629533333333332
6202.5,0.223413333333333,0.0101141866666666
6202.75,0.229566666666667,0.00538653333333325
6203,0.19596,0.00423159999999996
6203.25,0.191226666666667,0.00798039999999996
6203.5,0.20022,0.00618646666666657
6203.75,0.172293333333333,0.00291573333333325
6204,0.146402,0.0016188
6204.25,0.150188666666667,-0.00226253333333329
6204.5,0.149005333333333,0.000156199999999929
6204.75,0.15336,-0.000496999999999929
6205,0.183653333333333,0.0152034666666666
6205.25,0.185073333333333,0.00865253333333329
6205.5,0.219153333333333,0.0153123333333332
6205.75,0.283526666666667,0.0491793333333332
6206,0.279266666666667,0.00534866666666664
6206.25,0.25134,-0.00506466666666661
6206.5,0.249240253853128,0.0100168147476578
6206.75,0.23714,-0.00780999999999996
6207,0.26128,-0.00918266666666664
6207.25,0.277846666666667,-0.00823599999999996
6207.5,0.260806666666667,-0.00743133333333325
6207.75,0.240926666666667,-0.00818866666666657
6208,0.219626666666667,-0.00762066666666661
6208.25,0.220573333333333,0.00520193333333329
6208.5,0.220573333333333,0.00314766666666661
6208.75,0.1917,-0.00388133333333329
6209,0.189806666666667,-0.000312399999999964
6209.25,0.175843333333333,0.00166518666666661
6209.5,0.16756,0.0196433333333333
6209.75,0.1562,0.0184694666666666
6210,0.165666666666667,0.020874
6210.25,0.171346666666667,0.0269326666666666
6210.5,0.157146666666667,0.01917
6210.75,0.177026666666667,0.0226726666666666
6211,0.217733333333333,0.0144556
6211.25,0.235246666666667,0.0135799333333333
6211.5,0.230986666666667,0.0222892666666666
6211.75,0.193593333333333,0.00716626666666657
6212,0.177026666666667,0.0100346666666666
6212.25,0.180813333333333,0.0215839999999999
6212.5,0.178872666666667,0.0138781333333333
6212.75,0.186966666666667,0.0185262666666666
6213,0.16898,0.0241873333333333
6213.25,0.137929333333333,0.00625273333333332
6213.5,0.120889333333333,0.00989739999999996
6213.75,0.126711333333333,0.016969
6214,0.109529333333333,0.0237139999999999
6214.25,0.0747866666666666,0.00978379999999993
6214.5,0.0664086666666666,0.0143609333333333
6214.75,0.0501259999999999,0.0169311333333333
6215,0.0375353333333333,0.0118333333333333
6215.25,0.0388133333333333,0.0127137333333332
6215.5,0.0381033333333332,0.012567
6215.75,0.0390973333333333,0.0128746666666666
6216,0.0362099999999999,0.0113505333333332
6216.25,0.0359733333333332,0.0112132666666666
6216.5,0.035926,0.0113458
6216.75,0.0354526666666666,0.0114641333333333
6217,0.037062,0.0130166666666666
6217.25,0.0355473333333333,0.0114025999999999
6217.5,0.0361626666666666,0.0111375333333332
6217.75,0.0357366666666666,0.0114688666666666
6218,0.0355,0.0112321999999999
6218.25,0.03621,0.0112511333333333
6218.5,0.0351686666666666,0.0110334
6218.75,0.0358786666666666,0.0123113999999999
6219,0.0363046666666666,0.0118002
6219.25,0.0363046666666666,0.0116108666666666
6219.5,0.0355473333333333,0.0107872666666666
6219.75,0.0354526666666666,0.00929153333333328
6220,0.0356893333333333,0.0115209333333333
6220.25,0.0360679999999999,0.0117433999999999
6220.5,0.0353106666666666,0.0112227333333333
6220.75,0.0355946666666666,0.0106310666666666
6221,0.0372986666666666,0.0129267333333333
6221.25,0.0356893333333333,0.0114641333333333
6221.5,0.0347899999999999,0.0100393999999999
6221.75,0.035926,0.0117859999999999
6222,0.0385293333333332,0.0138260666666666
6222.25,0.0426,0.00838273333333332
6222.5,0.0403279999999999,3.78666666666667e-05
6222.75,0.0543859999999999,0.00371566666666657
6223,0.102429333333333,-0.000790466666666643
6223.25,0.126569333333333,0.00665506666666657
6223.5,0.163773333333333,0.0124392
6223.75,0.189333333333333,-7.526e-05
6224,0.191226666666667,0.00801353333333328
6224.25,0.209686666666667,0.0178777999999999
6224.5,0.225306666666667,0.0233731999999999
6224.75,0.240926666666667,0.0126616666666666
6225,0.270273333333333,0.02485
6225.25,0.263173333333333,0.0208219333333333
6225.5,0.23998,0.014484
6225.75,0.257966666666667,0.0170636666666666
6226,0.258913333333333,0.0165004
6226.25,0.258913333333333,0.0245659999999999
6226.5,0.270746666666667,0.0224833333333333
6226.75,0.260806666666667,0.0140390666666666
6227,0.233826666666667,0.00608848666666657
6227.25,0.231933333333333,0.0063474
6227.5,0.211106666666667,0.00467179999999993
6227.75,0.204006666666667,0.00759226666666657
6228,0.196433333333333,0.00639946666666657
6228.25,0.179393333333333,0.00290579333333329
6228.5,0.185073333333333,0.00276615999999996
6228.75,0.176553333333333,0.00347994666666661
6229,0.185073333333333,0.0192646666666666
6229.25,0.214893333333333,0.0156673333333333
6229.5,0.28826,0.0139018
6229.75,0.331806666666667,0.0272639999999999
6230,0.335593333333333,0.0181759999999999
6230.25,0.314293333333333,0.00576046666666657
6230.5,0.335593333333333,0.0120037333333333
6230.75,0.3337,0.0123871333333333
6231,0.32802,0.0337013333333333
6231.25,0.2982,0.0280213333333333
6231.5,0.288733333333333,0.0265066666666666
6231.75,0.26554,0.0172293333333332
6232,0.260806666666667,0.00628586666666664
6232.25,0.270273333333333,0.00721833333333325
6232.5,0.247553333333333,-0.00352159999999993
6232.75,0.26128,-0.00332753333333329
6233,0.243293333333333,0.00153880666666657
6233.25,0.201166666666667,-0.00473333333333329
6233.5,0.195486666666667,0.00732719999999989
6233.75,0.187913333333333,0.0106405333333333
6234,0.16614,0.0132628
6234.25,0.192173333333333,0.0280686666666666
6234.5,0.159276666666667,0.0175701333333333
6234.75,0.191226666666667,0.0263646666666666
6235,0.22436,0.0168364666666666
6235.25,0.216313333333333,0.00373933333333332
6235.5,0.2343,0.00591666666666661
6235.75,0.165603457920792,0.00368743069306924
6236,0.168033333333333,0.00951399999999996
6236.25,0.17466,0.0249446666666666
6236.5,0.191226666666667,0.0462446666666666
6236.75,0.157856666666667,0.0250866666666666
6237,0.178446666666667,0.0444933333333332
6237.25,0.138308,0.0107635999999999
6237.5,0.125196666666667,0.0116629333333333
6237.75,0.107730666666667,0.0124581333333332
6238,0.098406,0.0158992666666666
6238.25,0.0800406666666666,0.0192788666666666
6238.5,0.0535339999999999,0.0126096
6238.75,0.049416,0.0171346666666666
6239,0.0423633333333332,0.0136083333333333
6239.25,0.0422686666666666,0.0143230666666666
6239.5,0.0411326666666666,0.0129882666666666
6239.75,0.0410853333333332,0.0124297333333333
6240,0.0397126666666666,0.0130166666666666
6240.25,0.0403753333333333,0.0137029999999999
6240.5,0.0385293333333332,0.0124723333333333
6240.75,0.0398546666666666,0.0137172
6241,0.044872,0.0184268666666666
6241.25,0.0416059999999999,0.0154022666666666
6241.5,0.0386713333333333,0.0132107333333333
6241.75,0.0407066666666666,0.0140532666666666
6242,0.0386713333333333,0.0124392
6242.25,0.0402333333333333,0.0142331333333333
6242.5,0.0392393333333333,0.0130024666666666
6242.75,0.040186,0.0136982666666666
6243,0.0399493333333333,0.0131208
6243.25,0.0386239999999999,0.0126853333333333
6243.5,0.039618,0.0128699333333333
6243.75,0.03976,0.013987
6244,0.0398546666666666,0.0131491999999999
6244.25,0.038908,0.0125386
6244.5,0.0398073333333332,0.0138970666666666
6244.75,0.0405173333333333,0.0139444
6245,0.0396653333333333,0.0135799333333333
6245.25,0.040044,0.0138828666666666
6245.5,0.0411799999999999,0.0144461333333333
6245.75,0.0385293333333332,0.0130592666666666
6246,0.039618,0.0126805999999999
6246.25,0.0459606666666666,0.0105079999999999
6246.5,0.0381979999999999,0.00053013333333325
6246.75,0.0573206666666666,0.00522702
6247,0.105222,0.00419846666666664
6247.25,0.12425,0.00459133333333332
6247.5,0.162448,0.013987
6247.75,0.169453333333333,-0.00544806666666661
6248,0.18744,0.00177026666666664
6248.25,0.172293333333333,-0.00788667999999996
6248.5,0.25134,0.0559953333333333
6248.75,0.2485,0.00829279999999993
6249,0.239506666666667,0.0122214666666666
6249.25,0.249446666666667,0.00812239999999993
6249.5,0.241873333333333,0.00243293333333329
6249.75,0.255126666666667,0.0138544666666666
6250,0.23572,-0.00856733333333328
6250.25,0.278793333333333,0.00599713333333332
6250.5,0.226726666666667,-0.00693433333333332
6250.75,0.21868,-0.00179393333333329
6251,0.206846666666667,-0.00454399999999993
6251.25,0.215366666666667,0.00345817333333332
6251.5,0.18602,-0.00610599999999996
6251.75,0.20022,0.00325179999999996
6252,0.19028,0.0096702
6252.25,0.195013333333333,0.0182328
6252.5,0.20448,0.00116203333333332
6252.75,0.209213333333333,0.000354999999999964
6253,0.23714,0
6253.25,0.253233333333333,0.00070053333333325
6253.5,0.301513333333333,0.0136556666666666
6253.75,0.402333333333333,0.0198799999999999
6254,0.39334,-0.0064752
6254.25,0.4331,0.00490846666666657
6254.5,0.42742,-0.00229093333333332
6254.75,0.42884,-0.00410379999999996
6255,0.443986666666667,-0.00260333333333329
6255.25,0.43168,0.0158614
6255.5,0.422686666666667,-0.00325179999999996
6255.75,0.38198,-0.00540546666666661
6256,0.38908,0.00755913333333325
6256.25,0.38908,0.0215745333333332
6256.5,0.347426666666667,0.00476646666666661
6256.75,0.34648,0.0219153333333332
6257,0.316186666666667,0.0161737999999999
6257.25,0.233353333333333,-0.000227199999999964
6257.5,0.21016,0.0154448666666666
6257.75,0.189806666666667,-0.00176079999999996
6258,0.19596,0.0162353333333333
6258.25,0.194066666666667,0.0113458
6258.5,0.227673333333333,0.0260806666666666
6258.75,0.284473333333333,0.0254179999999999
6259,0.375353333333333,0.0263646666666666
6259.25,0.398546666666667,0.0201261333333333
6259.5,0.395706666666667,0.0227673333333333
6259.75,0.384346666666667,0.0254179999999999
6260,0.32234,0.0109576666666666
6260.25,0.32376,0.018744
6260.5,0.2982,0.0294413333333333
6260.75,0.273586666666667,0.02556
6261,0.233826666666667,0.0190279999999999
6261.25,0.20448,0.0206231333333333
6261.5,0.177973333333333,0.0209449999999999
6261.75,0.127847333333333,0.0164388666666666
6262,0.0894599999999999,0.0151513999999999
6262.25,0.0594033333333332,0.0147253999999999
6262.5,0.052114,0.0121646666666666
6262.75,0.0420224584980237,0.0167140173913043
6263,0.0393039780340472,0.0121278137287204
6263.25,0.0358014987510407,0.0112729791840133
6263.5,0.0418426666666666,0.0171157333333333
6263.75,0.0392866666666666,0.011644
6264,0.0360319943019942,0.0107810769230769
6264.25,0.0359733333333332,0.0112132666666666
6264.5,0.0315444641134751,0.0107591687943262
6264.75,0.0374406666666666,0.0111706666666666
6265,0.0464074982638888,0.0185299522569444
6265.25,0.0378848213564213,0.0163108617604617
6265.5,0.0416059999999999,0.0167086666666666
6265.75,0.0356419999999999,0.00886553333333328
6266,0.0414743027059173,0.0160837062146893
6266.25,0.0360528279761904,0.00977358529761894
6266.5,0.0305564100346021,0.0127342062283737
6266.75,0.0357516727802037,0.0143623099272197
6267,0.0387186666666666,0.0140863999999999
6267.25,0.0399694590025358,0.0113042923076922
6267.5,0.0357225682403433,0.00825493739628031
6267.75,0.036099890362511,0.00779321780135571
6268,0.0362578315789473,0.00827191105263153
6268.25,0.0386403829913767,0.0167505108534047
6268.5,0.0384477633451956,0.0162208890865954
6268.75,0.0422120975609755,0.0162973754893104
6269,0.0377854450418159,0.0137616577060932
6269.25,0.0421072587287377,0.0159419598925693
6269.5,0.040399186351706,0.0174354383202099
6269.75,0.0405017411764706,0.0139679081749622
6270,0.0374406666666666,0.0131586666666666
6270.25,0.0539599999999999,0.0217259999999999
6270.5,0.0541966666666666,0.0120889333333333
6270.75,0.0572733333333333,0.00213473333333329
6271,0.123161333333333,0.0239506666666666
6271.25,0.0919686666666666,0.00351213333333325
6271.5,0.121646666666667,0.00447773333333329
6271.75,0.1704,0.00282106666666657
6272,0.206373333333333,0.00717573333333325
6272.25,0.203533333333333,-0.00694853333333329
6272.5,0.23572,0.00388653999999996
6272.75,0.236666666666667,0.000570366666666607
6273,0.2556,0.00341746666666657
6273.25,0.256546666666667,-0.000478066666666572
6273.5,0.25986,0.00837799999999993
6273.75,0.24708,0.0094572
6274,0.240926666666667,0.00439253333333329
6274.25,0.24282,0.0131539333333333
6274.5,0.2485,-0.0052824
6274.75,0.259386666666667,-0.000851999999999893
6275,0.238086666666667,0.000951399999999964
6275.25,0.22436,-0.00015762
6275.5,0.231933333333333,0.0104086
6275.75,0.212053333333333,0.00126379999999993
6276,0.19596,-0.000749759999999893
6276.25,0.174186666666667,0.00162163999999993
6276.5,0.177026666666667,0.00271693333333332
6276.75,0.18034,0.00881346666666661
6277,0.183653333333333,0.00869986666666657
6277.25,0.236666666666667,0.0139065333333332
6277.5,0.26128,0.0153454666666666
6277.75,0.309086666666667,0.0178683333333333
6278,0.33796,0.019738
6278.25,0.366833333333333,0.009372
6278.5,0.33654,0.000653199999999964
6278.75,0.337013333333333,-0.00314766666666661
6279,0.32518,-0.00222466666666657
6279.25,0.3621,-1.278e-05
6279.5,0.34364,-0.00165666666666661
6279.75,0.378193333333333,0.0595453333333333
6280,0.28258,-0.00542439999999996
6280.25,0.0905394070957789,0.00605174488851484
6280.5,0.290153333333333,-0.002982
6280.75,0.279266666666667,0.0123729333333332
6281,0.246133333333333,-0.00449666666666664
6281.25,0.185546666666667,-0.00373933333333332
6281.5,0.175133333333333,-0.00339379999999993
6281.75,0.16614,-0.00292851333333325
6282,0.172151333333333,-0.000620066666666643
6282.25,0.175133333333333,0.00672133333333332
6282.5,0.202586666666667,0.0200030666666666
6282.75,0.222466666666667,0.0178825333333333
6283,0.26838,0.0129125333333333
6283.25,0.311926666666667,-0.00141999999999996
6283.5,0.355946666666667,0.0195486666666666
6283.75,0.33938,0.0133054
6284,0.3266,0.0217259999999999
6284.25,0.309086666666667,0.0105884666666666
6284.5,0.31382,0.0101719333333333
6284.75,0.293466666666667,0.0132533333333333
6285,0.27122,0.0250866666666666
6285.25,0.251813333333333,0.0141479333333333
6285.5,0.23004,0.0188670666666666
6285.75,0.1775,0.0215839999999999
6286,0.151277333333333,0.0215366666666666
6286.25,0.0961339999999999,0.0254464
6286.5,0.0531079999999999,0.0106144999999999
6286.75,0.0432626666666666,0.0120094133333333
6287,0.040612,0.0129537133333333
6287.25,0.0422213333333333,0.0134171066666666
6287.5,0.042316,0.01278
6287.75,0.040612,0.0125149333333333
6288,0.041464,0.0128083999999999
6288.25,0.0417006666666666,0.0132164133333332
6288.5,0.0394759999999999,0.0128888666666666
6288.75,0.0411326666666666,0.0117661199999999
6289,0.0373933333333333,0.01261528
6289.25,0.0419846666666666,0.0141763333333333
6289.5,0.0375826666666666,0.0123019333333333
6289.75,0.0390026666666666,0.01223898
6290,0.0387186666666666,0.0125764666666666
6290.25,0.0398546666666666,0.0139008533333333
6290.5,0.0392393333333333,0.01123788
6290.75,0.03763,0.0126190666666666
6291,0.0369673333333333,0.0139444
6291.25,0.0344586666666666,0.0132154666666666
6291.5,0.0351213333333333,0.01135432
6291.75,0.0356893333333333,0.0137953
6292,0.040896,0.0140485333333333
6292.25,0.0393813333333332,0.0143325333333332
6292.5,0.040612,0.0132817333333333
6292.75,0.0375353333333333,0.0134616
6293,0.036778,0.0139728
6293.25,0.0338433333333333,0.0124410933333333
6293.5,0.0343166666666666,0.0130498
6293.75,0.0370146666666666,0.0133271733333332
6294,0.03763,0.013419
6294.25,0.0396653333333333,0.0123256
6294.5,0.0324233333333333,0.00799459999999993
6294.75,0.026554,0.00335877333333325
6295,0.02343,0.00313819999999993
6295.25,0.023146,0.00267433333333332
6295.5,0.0241399999999999,0.00165193333333332
6295.75,0.0240926666666666,0.00177973333333332
6296,0.0513093333333332,0.00702663333333325
6296.25,0.0781,0.00220573333333332
6296.5,0.0781473333333332,0.00298673333333329
6296.75,0.0757806666666666,0.00132059999999989
6297,0.0721833333333333,0.000776266666666572
6297.25,0.071284,0.00133006666666657
6297.5,0.070432,-0.000312399999999964
6297.75,0.0647046666666666,-9.46666666666667e-05
6298,0.0583146666666666,0.00240926666666664
6298.25,0.054102,0.00329913333333325
6298.5,0.0647046666666666,-0.00112227333333325
6298.75,0.0624799999999999,0.00078573333333325
6299,0.0664086666666666,0.000908799999999965
6299.25,0.061344,-0.00062385333333325
6299.5,0.063048,-0.000946193333333286
6299.75,0.0672606666666666,0.00287313333333325
6300,0.0638053333333333,-0.000497946666666608
6300.25,0.0650359999999999,0.000212999999999893
6300.5,0.0604446666666666,0.00179393333333329
6300.75,0.0590246666666666,0.00219153333333325
6301,0.0601133333333333,-0.0003834
6301.25,0.0578886666666666,0.00186019999999993
6301.5,0.0626693333333333,0.00128273333333329
6301.75,0.0621486666666666,0.00126853333333332
6302,0.0583146666666666,0.000747866666666643
6302.25,0.0612019999999999,-4.26e-05
6302.5,0.057084,0.000918266666666643
6302.75,0.0528713333333333,0.00041748
6303,0.0585513333333332,-0.000336066666666607
6303.25,0.0612493333333333,-0.000814606666666572
6303.5,0.059782,-0.000160933333333321
6303.75,0.0619593333333332,0.00186493333333332
6304,0.0525873333333332,0.00130166666666664
6304.25,0.0557586666666666,0.00112179999999996
6304.5,0.0485166666666666,0.000549066666666608
6304.75,0.0514039999999999,0.00113126666666664
6305,0.0518773333333333,0.00061533333333325
6305.25,0.053392,0.000979799999999893
6305.5,0.0499366666666666,0.000407066666666643
6305.75,0.051262,0.00283053333333325
6306,0.0342693333333332,0.00467179999999993
6306.25,0.036352,0.0132486
6306.5,0.033796,0.011715
6306.75,0.0355,0.0130308666666666
6307,0.0331806666666666,0.0105979333333333
6307.25,0.0329913333333332,0.0103518
6307.5,0.0349793333333333,0.0116335866666666
6307.75,0.0346006666666666,0.0130204533333332
6308,0.0342693333333332,0.0112653333333333
6308.25,0.0343639999999999,0.0124108
6308.5,0.0366833333333333,0.0145266
6308.75,0.0344113333333333,0.0118380666666666
6309,0.035074,0.0126995333333333
6309.25,0.034932,0.0126711333333332
6309.5,0.0343166666666666,0.0122976733333333
6309.75,0.0353106666666666,0.0124581333333332
6310,0.0355,0.0137124666666666
6310.25,0.0354053333333333,0.0131113333333333
6310.5,0.033654,0.0114035466666666
6310.75,0.0350266666666666,0.011928
6311,0.0333226666666666,0.0112359866666666
6311.25,0.0335119999999999,0.0109747066666666
6311.5,0.035358,0.0127142066666666
6311.75,0.0368253333333333,0.0157714666666666
6312,0.03337,0.010792
6312.25,0.0310506666666666,0.00853419999999996
6312.5,0.0328966666666666,0.0109813333333333
6312.75,0.0335119999999999,0.0121140199999999
6313,0.0333226666666666,0.0105988799999999
6313.25,0.0330386666666666,0.0116424379999999
6313.5,0.0339853333333333,0.012298194
6313.75,0.0327546666666666,0.0106074
6314,0.0336066666666666,0.01163974
6314.25,0.0344113333333333,0.0124392
6314.5,0.031666,0.0105411333333332
6314.75,0.0317606666666666,0.00856733333333328
6315,0.032376,0.00998733333333325
6315.25,0.0328493333333333,0.0107135213333333
6315.5,0.0327546666666666,0.0111488933333333
6315.75,0.033228,0.0110149399999999
6316,0.0329913333333332,0.0113069866666666
6316.25,0.0335593333333333,0.0112511333333333
6316.5,0.033796,0.01226028
6316.75,0.0317133333333333,0.0103555866666666
6317,0.0322813333333333,0.00963612
6317.25,0.0334173333333333,0.0118901333333333
6317.5,0.0344586666666666,0.0127231999999999
6317.75,0.0331806666666666,0.0117055333333333
6318,0.0328966666666666,0.0114702866666666
6318.25,0.033228,0.0102902666666666
6318.5,0.0318079999999999,0.0103186666666666
6318.75,0.0308613333333332,0.00852946666666657
6319,0.028116,0.00803719999999993
6319.25,0.025702,0.00392251333333332
6319.5,0.0260333333333333,0.00390973333333332
6319.75,0.024708,0.00269421333333325
6320,0.0233826666666666,0.00120226666666657
6320.25,0.0229566666666666,0.00193119999999996
6320.5,0.0227673333333333,0.00180813333333325
6320.75,0.022294,0.000804666666666607
6321,0.0225306666666666,0.00119753333333329
6321.25,0.0233353333333333,0.00155726666666664
6321.5,0.0229093333333333,0.00144839999999989
6321.75,0.0215839999999999,6.05866666666662e-05
6322,0.023572,0.00148626666666661
6322.25,0.0223413333333332,0.00154779999999996
6322.5,0.022578,0.00304353333333325
6322.75,0.0223886666666666,0.00224359999999993
6323,0.0211579999999999,0.00108866666666664
6323.25,0.022294,0.00180486733333332
6323.5,0.0215839999999999,0.00254653333333332
6323.75,0.0208266666666666,0.00141526666666657
6324,0.0214893333333332,0.00205426666666657
6324.25,0.020874,0.00181759999999993
6324.5,0.0240453333333332,0.00196433333333329
6324.75,0.0202113333333333,0.000288733333333322
6325,0.020874,0.00114073333333332
6325.25,0.0239033333333333,0.00319026666666661
6325.5,0.0219153333333332,0.00244239999999996
6325.75,0.0226726666666666,0.00131586666666661
6326,0.0223886666666666,0.00263646666666661
6326.25,0.0217733333333333,0.00177168666666661
6326.5,0.0214893333333332,0.00111706666666657
6326.75,0.02059,0.000927733333333321
6327,0.0204006666666666,0.00111233333333329
6327.25,0.0213473333333333,0.00182233333333332
6327.5,0.0219626666666666,0.0017466
6327.75,0.0217259999999999,0.00100819999999993
6328,0.0211106666666666,0.00115966666666657
6328.25,0.0225306666666666,0.00212526666666661
6328.5,0.0217733333333333,0.0028542
6328.75,0.020874,0.00155963333333329
6329,0.0225306666666666,0.00250549533333325
6329.25,0.022294,0.00334646666666664
6329.5,0.0229566666666666,0.00283053333333325
6329.75,0.020874,0.00101293333333332
6330,0.0212526666666666,0.0020448
6330.25,0.022578,0.00254653333333332
6330.5,0.023856,0.00550723333333332
6330.75,0.0339379999999999,0.0113884
6331,0.0335119999999999,0.0106026666666666
6331.25,0.03408,0.0116761866666666
6331.5,0.0329913333333332,0.0100824733333333
6331.75,0.0332753333333333,0.0106783999999999
6332,0.0326599999999999,0.00927070666666657
6332.25,0.0333226666666666,0.00993526666666657
6332.5,0.0338906666666666,0.0115966666666666
6332.75,0.033796,0.0105302466666666
6333,0.033796,0.0108440666666666
6333.25,0.0330859999999999,0.0107115333333333
6333.5,0.034222,0.0117135799999999
6333.75,0.0339379999999999,0.0105188866666666
6334,0.0355,0.0116487333333333
6334.25,0.0354053333333333,0.0131539333333333
6334.5,0.0353106666666666,0.0115493333333333
6334.75,0.0334173333333333,0.0107754333333332
6335,0.0339379999999999,0.01170364
6335.25,0.0348846666666666,0.0116321666666666
6335.5,0.032944,0.0102178466666666
6335.75,0.034648,0.0115663733333333
6336,0.0341746666666666,0.0114068599999999
6336.25,0.0336539999999999,0.0115384466666666
6336.5,0.0344586666666666,0.01190812
6336.75,0.033796,0.0120131999999999
6337,0.033796,0.0114035466666666
6337.25,0.0336539999999999,0.0110371866666666
6337.5,0.0337486666666666,0.0124694933333333
6337.75,0.033654,0.0113884
6338,0.0328493333333333,0.0110286666666666
6338.25,0.0346006666666666,0.0123492666666666
6338.5,0.0337013333333333,0.0119412533333333
6338.75,0.0319026666666666,0.00941933333333328
6339,0.033228,0.0101719333333333
6339.25,0.0333226666666666,0.0115162
6339.5,0.032944,0.010579
6339.75,0.0331333333333333,0.0110334
6340,0.0328019999999999,0.0110395533333332
6340.25,0.0328493333333333,0.00934028666666664
6340.5,0.0324706666666666,0.00861466666666657
6340.75,0.0327546666666666,0.0106263333333332
6341,0.0336066666666666,0.011502
6341.25,0.0326126666666666,0.0112705399999999
6341.5,0.0337013333333333,0.0124155333333332
6341.75,0.0339853333333333,0.0118617333333332
6342,0.0327073333333333,0.0100796333333333
6342.25,0.0377246666666666,0.00969481333333332
6342.5,0.038908,0.00228146666666664
6342.75,0.0415113333333332,0.00500313333333325
6343,0.0903593333333333,0.00563881999999993
6343.25,0.105932,0.00258439999999993
6343.5,0.14484,0.0177026666666666
6343.75,0.167086666666667,0.010153
6344,0.185073333333333,0.00475699999999993
6344.25,0.20022,-0.00814133333333329
6344.5,0.194066666666667,-0.00023193333333325
6344.75,0.228146666666667,0.00754019999999989
6345,0.194066666666667,-0.0100346666666666
6345.25,0.194066666666667,-0.00680179999999993
6345.5,0.206846666666667,0.00965599999999993
6345.75,0.206373333333333,0.00770823333333325
6346,0.213473333333333,-0.000897960666666607
6346.25,0.223886666666667,0.00392393333333329
6346.5,0.210633333333333,-0.00197853333333325
6346.75,0.1988,-0.00260333333333329
6347,0.202586666666667,0.00510726666666661
6347.25,0.17608,-0.00421266666666661
6347.5,0.186493333333333,0.00846793333333332
6347.75,0.19312,0.028258
6348,0.1491,0.00125811999999996
6348.25,0.128604666666667,-0.00560899999999993
6348.5,0.121126,-0.00548593333333332
6348.75,0.14839,0.00524926666666657
6349,0.157288666666667,0.00909273333333325
6349.25,0.16472,0.00523033333333332
6349.5,0.212526666666667,0.00835906666666657
6349.75,0.24566,0.0105837333333332
6350,0.233353333333333,0.00995419999999993
6350.25,0.228146666666667,-0.00491793333333325
6350.5,0.226726666666667,0.00486113333333329
6350.75,0.239506666666667,0.0107588666666666
6351,0.242346666666667,5.68e-05
6351.25,0.23998,0.00866199999999996
6351.5,0.241873333333333,0.00736506666666661
6351.75,0.215366666666667,-0.00816499999999993
6352,0.20164,-0.00154306666666657
6352.25,0.182706666666667,-0.00456293333333329
6352.5,0.2201,0.0413693333333333
6352.75,0.192646666666667,-0.00273113333333329
6353,0.171346666666667,-0.00170873333333329
6353.25,0.170873333333333,0.00127610666666664
6353.5,0.155206,0.0106736666666666
6353.75,0.121457333333333,-0.00461499999999996
6354,0.131018666666667,0.0027264
6354.25,0.13632,0.00661246666666657
6354.5,0.145076666666667,0.00326126666666664
6354.75,0.162826666666667,0.0111706666666666
6355,0.191226666666667,0.0145313333333333
6355.25,0.204006666666667,0.020377
6355.5,0.206846666666667,0.0161889466666666
6355.75,0.179866666666667,0.0162400666666666
6356,0.142189333333333,0.0158945333333333
6356.25,0.152839333333333,0.0134284666666666
6356.5,0.135562666666667,0.0122545999999999
6356.75,0.133148666666667,0.0152224
6357,0.1278,0.0177073999999999
6357.25,0.115114666666667,0.00940039999999993
6357.5,0.105742666666667,0.0155632
6357.75,0.0939093333333332,0.0114073333333333
6358,0.0946666666666666,0.0190327333333333
6358.25,0.0834486666666666,0.0147618466666666
6358.5,0.064752,0.0152318666666666
6358.75,0.0441619999999999,0.0120202999999999
6359,0.043878,0.0133338
6359.25,0.04189,0.0111536266666666
6359.5,0.0428839999999999,0.0114641333333333
6359.75,0.04189,0.0118522666666666
6360,0.0403753333333333,0.0109776413333333
6360.25,0.0426,0.0121760266666666
6360.5,0.0394759999999999,0.0110286666666666
6360.75,0.0408013333333333,0.0122295606666666
6361,0.0415586666666666,0.0122735333333333
6361.25,0.0400913333333333,0.0116075533333333
6361.5,0.0410853333333332,0.0115455466666666
6361.75,0.0404226666666666,0.0120889333333333
6362,0.0412273333333333,0.0124770666666666
6362.25,0.0402333333333333,0.0106917953333333
6362.5,0.0392866666666666,0.0105931999999999
6362.75,0.0409906666666666,0.0120714199999999
6363,0.0408013333333333,0.0118901333333333
6363.25,0.0399019999999999,0.0112852133333333
6363.5,0.0419373333333333,0.012496
6363.75,0.0414166666666666,0.0132817333333333
6364,0.040612,0.0118428
6364.25,0.0413693333333333,0.0110854666666666
6364.5,0.0401386666666666,0.0111280666666666
6364.75,0.0407066666666666,0.0113410666666666
6365,0.0413693333333333,0.0130782
6365.25,0.0419373333333333,0.0137645333333333
6365.5,0.0419373333333333,0.0125291333333333
6365.75,0.0408013333333333,0.0114783333333333
6366,0.0411326666666666,0.0105884666666666
6366.25,0.0381979999999999,0.00159513333333325
6366.5,0.0408013333333333,-8.52e-05
6366.75,0.0483273333333332,0.007881
6367,0.101056666666667,0.0110334
6367.25,0.0936253333333333,0.00246133333333332
6367.5,0.145218666666667,0.00367254599999989
6367.75,0.168033333333333,0.0106642
6368,0.180813333333333,0.0143656666666666
6368.25,0.182706666666667,0.00827386666666657
6368.5,0.171346666666667,-0.00686333333333329
6368.75,0.208266666666667,0.00914811333333325
6369,0.18602,-0.000481758666666607
6369.25,0.192173333333333,0.00601606666666657
6369.5,0.187913333333333,0.00157146666666661
6369.75,0.1846,-0.00176884666666657
6370,0.213172807758486,-0.000896696526826137
6370.25,0.218206666666667,0.0135278666666666
6370.5,0.268853333333333,0.055522
6370.75,0.216786666666667,0.032802
6371,0.183653333333333,0.0104606666666666
6371.25,0.172293333333333,0.00807506666666664
6371.5,0.212835096774193,0.010138171797235
6371.75,0.139538666666667,-0.00650833333333332
6372,0.127989333333333,-0.00816499999999993
6372.25,0.126616666666667,-0.00823599999999996
6372.5,0.180813333333333,0.0551433333333332
6372.75,0.128368,-0.00565633333333332
6373,0.148863333333333,-0.00510253333333332
6373.25,0.200693333333333,0.0100062666666666
6373.5,0.199273333333333,0.0104275333333333
6373.75,0.220573333333333,0.017395
6374,0.219626666666667,0.00585986666666664
6374.25,0.25844,0.00815553333333325
6374.5,0.243766666666667,0.00337486666666657
6374.75,0.244713333333333,-0.000899333333333286
6375,0.26838,-0.000236666666666643
6375.25,0.270746666666667,0.00925366666666657
6375.5,0.272166666666667,-0.00247553333333329
6375.75,0.252286666666667,0.00478539999999996
6376,0.220573333333333,-0.00752599999999993
6376.25,0.207793333333333,0.00765853333333332
6376.5,0.1988,-0.00586933333333332
6376.75,0.191498104265403,-0.00387724556784265
6377,0.166329333333333,-0.00452506666666657
6377.25,0.1562,0.00151987333333332
6377.5,0.155348,0.00517684666666657
6377.75,0.157004666666667,0.0121315333333333
6378,0.136888,-0.00288733333333332
6378.25,0.153596666666667,-0.00429313333333332
6378.5,0.18176,0.0284473333333333
6378.75,0.190753333333333,0.02556
6379,0.20732,0.0043878
6379.25,0.211975970056145,0.0215153238511125
6379.5,0.231747349472377,0.0254969476515621
6379.75,0.165808666666667,0.00369199999999993
6380,0.157572666666667,0.00466233333333325
6380.25,0.150804,0.00488953333333332
6380.5,0.156531333333333,0.00241399999999993
6380.75,0.146496666666667,0.0034932
6381,0.150756666666667,0.0256404666666666
6381.25,0.144792666666667,0.00528713333333329
6381.5,0.111328,0.00387659999999989
6381.75,0.10224,0.0141715999999999
6382,0.0821706666666666,0.0153786
6382.25,0.0721833333333333,0.0145644666666666
6382.5,0.0561373333333333,0.00853893333333325
6382.75,0.0395706666666666,0.0113884
6383,0.038908,0.0121362666666666
6383.25,0.0339379999999999,0.00972037333333332
6383.5,0.0364939999999999,0.0110807333333333
6383.75,0.0347899999999999,0.0100360866666666
6384,0.0334646666666666,0.00997786666666657
6384.25,0.035358,0.0107541333333333
6384.5,0.0331806666666666,0.0102164266666666
6384.75,0.0336066666666666,0.0102736999999999
6385,0.0333226666666666,0.00979705333333332
6385.25,0.0341746666666666,0.0113316
6385.5,0.0355946666666666,0.0125433333333333
6385.75,0.034648,0.0116345333333333
6386,0.0332753333333333,0.010366
6386.25,0.0339379999999999,0.0100062666666666
6386.5,0.0349793333333333,0.0110310333333333
6386.75,0.0333226666666666,0.0105311933333333
6387,0.0322813333333333,0.00888181599999996
6387.25,0.0334173333333333,0.00975208666666657
6387.5,0.0346953333333332,0.0118380666666666
6387.75,0.0337486666666666,0.0108061999999999
6388,0.03337,0.00948086666666664
6388.25,0.0333226666666666,0.0102192666666666
6388.5,0.0326126666666666,0.00970333333333332
6388.75,0.033796,0.0101506333333333
6389,0.0330386666666666,0.00955470666666661
6389.25,0.0355,0.0116250666666666
6389.5,0.0327546666666666,0.0100346666666666
6389.75,0.0331333333333333,0.0104559333333332
6390,0.0318079999999999,0.00776266666666657
6390.25,0.0281633333333333,-0.000187439999999893
6390.5,0.0298673333333333,-0.000497473333333321
6390.75,0.0375353333333333,-0.00027453333333325
6391,0.0817446666666666,0.00701006666666664
6391.25,0.0958026666666666,-7.1e-05
6391.5,0.147774666666667,0.0100062666666666
6391.75,0.173713333333333,0.00856733333333328
6392,0.21584,0.0161028
6392.25,0.208266666666667,0.0126285333333332
6392.5,0.196433333333333,-8.51999999999995e-05
6392.75,0.203533333333333,0.0116155999999999
6393,0.22578,0.0273586666666666
6393.25,0.202586666666667,-0.00257019999999996
6393.5,0.192646666666667,0.00227199999999996
6393.75,0.192646666666667,0.00514513333333332
6394,0.221046666666667,-0.00586933333333332
6394.25,0.19738,-0.006177
6394.5,0.202586666666667,-0.00496999999999993
6394.75,0.20306,0.0121031333333333
6395,0.204006666666667,-0.00762066666666661
6395.25,0.185546666666667,0.0118522666666666
6395.5,0.177973333333333,-0.00277373333333329
6395.75,0.160933333333333,-0.00424106666666664
6396,0.1562,-0.00103659999999996
6396.25,0.147017333333333,0.00460340333333329
6396.5,0.131302666666667,-0.000194066666666643
6396.75,0.13064,-0.000141999999999965
6397,0.117623333333333,-0.00397599999999996
6397.25,0.159986666666667,0.00613913333333329
6397.5,0.184126666666667,0.0184126666666666
6397.75,0.197853333333333,0.000417006666666607
6398,0.20732,-0.00738399999999996
6398.25,0.25844,0.00815553333333325
6398.5,0.206846666666667,-0.00392866666666657
6398.75,0.200693333333333,-0.00500691999999996
6399,0.0339072310198761,0.00325717786249588
6399.25,0.0355599909076148,0.00490368491638252
6399.5,0.0339412278081964,0.00132896638460256
6399.75,0.202359102564102,0.00885380036160419
6400,0.038904291310899,0.00266557749874426
6400.25,0.0339410785907858,0.00567273644986448
6400.5,0.205419863107461,0.0181297163586584
6400.75,0.071751691634773,-0.00150554678330596
6401,0.171151622083096,-0.00170678827546951
6401.25,0.137129112960761,0.00824474625445895
6401.5,0.0274456901885992,0.00142966225895313
6401.75,0.174361587508133,0.00567143873346335
6402,0.157085903006364,0.0149302794821154
6402.25,0.150912753968254,0.0144642402116401
6402.5,0.169304058549568,0.0108460412508316
6402.75,0.159513333333333,0.0124486666666666
6403,0.0249618759991358,0.00227788982501618
6403.25,0.112967638961039,0.0095752167532467
6403.5,0.145215188101487,0.0156734208223971
6403.75,0.0355486787252368,0.0131416658053401
6404,0.17785444667112,0.0173266180360721
6404.25,0.0808576920698034,0.00874457455268388
6404.5,0.109939132842152,0.0080154070104934
6404.75,0.158365284848485,0.020489309090909
6405,0.185120666666667,0.00752599999999993
6405.25,0.1633,0.0184789333333333
6405.5,0.125109905289905,0.0116548509124508
6405.75,0.0468737080047789,0.0153013567502987
6406,0.0384346666666666,0.00734613333333325
6406.25,0.0492022765647744,0.0070471272197962
6406.5,0.0473331555221638,0.0145560135236664
6406.75,0.0672001367127495,0.0217703886328725
6407,0.0348373333333333,0.0130545333333333
6407.25,0.0422686666666666,0.0143230666666666
6407.5,0.0429535040518638,0.0114827137763371
6407.75,0.0375207512355848,0.00935656013179562
6408,0.0431092277777777,0.0108957388888888
6408.25,0.039602942903752,0.0117624530179445
6408.5,0.0411326666666666,0.0185736
6408.75,0.0540572506203473,0.0121829814171491
6409,0.037914,0.0156625999999999
6409.25,0.0391585882352941,0.0101490737141233
6409.5,0.035074,0.00807979999999993
6409.75,0.0366046066838046,0.0112036580405598
6410,0.0414743027059173,0.0160837062146893
6410.25,0.0421266666666666,0.0162732
6410.5,0.0349970833333333,0.0133840197072071
6410.75,0.0416175793991416,0.00862145991416302
6411,0.04189,0.0151419333333333
6411.25,0.04445494391717,0.015923382571182
6411.5,0.0375973633998265,0.0148024839549002
6411.75,0.0364939999999999,0.0148957999999999
6412,0.0410023457862728,0.00881526788300026
6412.25,0.0349019121447028,0.0102435693367785
6412.5,0.0421005261324041,0.0138067045296166
6412.75,0.0370782013422819,0.0150299137583892
6413,0.0355412020725389,0.0161767184801382
6413.25,0.0369199999999999,0.0143845999999999
6413.5,0.0363841130742049,0.014321507008245
6413.75,0.0398311270125223,0.00991704968395935
6414,0.0307253890339425,0.00691795410501884
6414.25,0.025702,0.00293466666666661
6414.5,0.0507758673469388,0.0053741747448979
6414.75,0.0322548079978088,0.00562094417967674
6415,0.0401979995072677,0.00393447400837638
6415.25,0.0785639417989418,0.0172869034391534
6415.5,0.0861819398062255,0.00990406823335387
6415.75,0.124313195035461,0.000425244680851017
6416,0.158566666666667,0.0026412
6416.25,0.205563378746594,0.0163647351861944
6416.5,0.23288,0.00785733333333325
6416.75,0.213,0.00904066666666657
6417,0.121667671438309,-0.00329978186775725
6417.25,0.169065472938796,0.0213581311751812
6417.5,0.17125370741483,0.0140618321977287
6417.75,0.213473333333333,0.0170068666666666
6418,0.194066666666667,0.00598766666666664
6418.25,0.202586666666667,0.00615806666666664
6418.5,0.193593333333333,0.00763959999999996
6418.75,0.20306,0.00597346666666657
6419,0.18318,0.00361626666666661
6419.25,0.169453333333333,0.00554746666666657
6419.5,0.161406666666667,0.00500313333333325
6419.75,0.155632,0.00805613333333328
6420,0.144603333333333,0.00989266666666657
6420.25,0.135231333333333,0.000984533333333286
6420.5,0.13064,0.00427893333333325
6420.75,0.143846,0.00696746666666664
6421,0.1633,0.00402806666666664
6421.25,0.159986666666667,0.000572733333333251
6421.5,0.166897333333333,-0.00454399999999993
6421.75,0.20874,0.00274533333333325
6422,0.162555848101266,0.0120856739240505
6422.25,0.232406666666667,-0.000186966666666607
6422.5,0.200693333333333,-0.00483367999999993
6422.75,0.221046666666667,0.00271693333333332
6423,0.211106666666667,0.0024708
6423.25,0.189806666666667,-0.00440531333333329
6423.5,0.195013333333333,0.00109150666666657
6423.75,0.182706666666667,-0.00566674666666657
6424,0.185546666666667,0.00751179999999996
6424.25,0.17324,-0.00232406666666664
6424.5,0.1633,-0.00449193333333325
6424.75,0.165193333333333,0.00183653333333329
6425,0.147490666666667,-0.000728933333333286
6425.25,0.155016666666667,0.00372513333333325
6425.5,0.16046,0.0077106
6425.75,0.17608,0.00572733333333325
6426,0.151561333333333,-0.000639
6426.25,0.177026666666667,0.0159844666666666
6426.5,0.169926666666667,0.0122593333333333
6426.75,0.204953333333333,0.0233542666666666
6427,0.2059,0.0166944666666666
6427.25,0.20022,0.0177973333333333
6427.5,0.191226666666667,0.00755913333333325
6427.75,0.192173333333333,0.0138686666666666
6428,0.158093333333333,0.0245565333333333
6428.25,0.14058,0.01803684
6428.5,0.139302,0.0137550666666666
6428.75,0.128888666666667,0.0105553333333333
6429,0.113221333333333,0.003408
6429.25,0.112038,0.0193451333333333
6429.5,0.094714,0.0130734666666666
6429.75,0.0890813333333333,0.0092016
6430,0.0887026666666666,0.00838273333333332
6430.25,0.071994,0.00870933333333325
6430.5,0.0648466666666666,0.00976486666666657
6430.75,0.042742,0.0105222
6431,0.0387186666666666,0.0125433333333333
6431.25,0.0375826666666667,0.0125220333333333
6431.5,0.0373933333333333,0.0116913333333332
6431.75,0.0392393333333333,0.0137834666666666
6432,0.038908,0.0146070666666666
6432.25,0.0370146666666666,0.0126190666666666
6432.5,0.0373459999999999,0.013774
6432.75,0.0385766666666666,0.0133290666666666
6433,0.0378666666666666,0.0137077333333333
6433.25,0.0369673333333333,0.011644
6433.5,0.0377719999999999,0.0139822666666666
6433.75,0.04047,0.0151798
6434,0.0352633333333333,0.0119137999999999
6434.25,0.036778,0.0112321999999999
6434.5,0.0368726666666666,0.0121646666666666
6434.75,0.03763,0.0126616666666666
6435,0.0355,0.0115114666666666
6435.25,0.0356419999999999,0.0122924666666666
6435.5,0.0373459999999999,0.0128604666666666
6435.75,0.0371093333333333,0.0128368
6436,0.0371093333333333,0.0136509333333333
6436.25,0.0378193333333333,0.0138592
6436.5,0.0369199999999999,0.0127326666666666
6436.75,0.0372513333333332,0.0129598666666666
6437,0.0378193333333333,0.013774
6437.25,0.0355,0.0107555533333333
6437.5,0.03621,0.0113505333333332
6437.75,0.035926,0.0117718
6438,0.0323286666666666,0.00595453333333332
6438.25,0.0314766666666666,0.000719466666666608
6438.5,0.0319973333333333,0.0003834
6438.75,0.048564,0.000416533333333321
6439,0.0910693333333333,0.00802773333333325
6439.25,0.0723253333333333,0.000549066666666608
6439.5,0.130782,0.0110191999999999
6439.75,0.145739333333333,0.0113599999999999
6440,0.171346666666667,0.0107778
6440.25,0.177026666666667,0.00318079999999993
6440.5,0.189333333333333,0.00171819999999996
6440.75,0.19738,0.0142899333333333
6441,0.221046666666667,0.0139065333333332
6441.25,0.229093333333333,0.0257493333333332
6441.5,0.201166666666667,0.009798
6441.75,0.20732,0.0180766
6442,0.224833333333333,0.0219910666666666
6442.25,0.193593333333333,0.0103882466666666
6442.5,0.22862,0.0124628666666666
6442.75,0.199273333333333,0.0108393333333333
6443,0.19596,0.00932466666666661
6443.25,0.1917,0.0127989333333333
6443.5,0.2272,0.0224359999999999
6443.75,0.19028,0.023572
6444,0.155442666666667,0.0144366666666666
6444.25,0.168033333333333,0.0197806
6444.5,0.150993333333333,0.0201214
6444.75,0.142094666666667,0.0206704666666666
6445,0.18034,0.0308613333333332
6445.25,0.192173333333333,0.0272639999999999
6445.5,0.18744,0.0262699999999999
6445.75,0.2272,0.0388133333333333
6446,0.212053333333333,0.0239317333333333
6446.25,0.193593333333333,0.0108393333333333
6446.5,0.210633333333333,0.0271693333333333
6446.75,0.22294,0.0196717333333333
6447,0.19454,0.00980793999999996
6447.25,0.23288,0.024424
6447.5,0.192173333333333,0.0113410666666666
6447.75,0.185073333333333,0.00431679999999996
6448,0.17608,0.00539126666666664
6448.25,0.163773333333333,0.000738399999999964
6448.5,0.16756,0.00519246666666661
6448.75,0.162353333333333,0.00777686666666664
6449,0.139207333333333,0.00222939999999996
6449.25,0.137314,0.0108961333333333
6449.5,0.125338666666667,0.00601985333333329
6449.75,0.140154,0.0116014
6450,0.120842,0.0010224
6450.25,0.110807333333333,0.00187913333333329
6450.5,0.127232,0.0151277333333333
6450.75,0.159986666666667,0.0245375999999999
6451,0.18886,0.0231507333333332
6451.25,0.18318,0.0135136666666666
6451.5,0.178446666666667,0.00560899999999993
6451.75,0.175938,0.00711893333333329
6452,0.15336,0.00843006666666661
6452.25,0.150425333333333,0.00881346666666661
6452.5,0.136698666666667,0.0109055999999999
6452.75,0.126664,0.0146354666666666
6453,0.113552666666667,0.0168412
6453.25,0.105316666666667,0.0112937333333333
6453.5,0.0803246666666666,0.00707633333333329
6453.75,0.0793306666666666,0.00925366666666657
6454,0.0718046666666666,0.0115516999999999
6454.25,0.0542913333333332,0.0164578
6454.5,0.038908,0.0106869199999999
6454.75,0.0390973333333333,0.01260676
6455,0.0346953333333332,0.0102003333333333
6455.25,0.0383873333333333,0.0128145533333333
6455.5,0.0358786666666666,0.0102760666666666
6455.75,0.03763,0.0120079933333333
6456,0.035784,0.0114188353333333
6456.25,0.0348846666666666,0.0104423959999999
6456.5,0.0352159999999999,0.0105222
6456.75,0.0354053333333333,0.0118664666666666
6457,0.0357366666666666,0.0122025333333332
6457.25,0.0341273333333333,0.0106026666666666
6457.5,0.0344586666666666,0.01010472
6457.75,0.0351213333333333,0.01131456
6458,0.0367306666666666,0.0133054
6458.25,0.0344113333333333,0.0112653333333333
6458.5,0.0342693333333332,0.00993053333333329
6458.75,0.035926,0.0116818666666666
6459,0.0356893333333333,0.0122214666666666
6459.25,0.035074,0.0111943333333333
6459.5,0.035784,0.0119232666666666
6459.75,0.0344586666666666,0.0114025999999999
6460,0.035074,0.0118096666666666
6460.25,0.03337,0.0101066133333333
6460.5,0.035784,0.0119989999999999
6460.75,0.0342693333333332,0.0103674199999999
6461,0.0351213333333333,0.0101818733333333
6461.25,0.0355473333333333,0.0118806666666666
6461.5,0.035926,0.0123303333333333
6461.75,0.034648,0.0109117533333332
6462,0.0258913333333333,0.00218679999999996
6462.25,0.0225306666666666,0.000747866666666643
6462.5,0.0225306666666666,0.000455346666666608
6462.75,0.0223413333333332,-0.0002982
6463,0.026412,-0.000481853333333286
6463.25,0.0318553333333333,-0.000502206666666607
6463.5,0.0282106666666666,-0.000258439999999929
6463.75,0.024282,-0.00110759999999989
6464,0.0233353333333333,0.000842533333333321
6464.25,0.024282,0.000518773333333321
6464.5,0.02272,8.99333333333329e-05
6464.75,0.0227673333333333,-0.000120699999999964
6465,0.0230986666666666,0.000123539999999893
6465.25,0.0230039999999999,0.000497946666666608
6465.5,0.0241873333333333,0.00095613333333325
6465.75,0.0243766666666666,0.000331333333333322
6466,0.0248973333333332,7.76266666666662e-05
6466.25,0.0258913333333333,1.89333333333333e-05
6466.5,0.0249446666666666,0.000948086666666643
6466.75,0.0237613333333333,-0.000635686666666572
6467,0.0221993333333333,-0.00166229933333329
6467.25,0.0232879999999999,-0.00087093333333325
6467.5,0.0246133333333333,0.000794726666666643
6467.75,0.0237139999999999,-0.000196433333333286
6468,0.027406,-0.000662666666666643
6468.25,0.024708,-0.000126379999999929
6468.5,0.0239033333333333,0.000728933333333286
6468.75,0.0238086666666666,0.00147632666666664
6469,0.0242346666666666,0.00157193999999989
6469.25,0.0248026666666666,0.00129693333333325
6469.5,0.023572,0.00054461733333325
6469.75,0.0243293333333333,0.00102997333333332
6470,0.0233353333333333,0.000550013333333286
6470.25,0.02343,-3.31333333333329e-05
6470.5,0.0221993333333333,-0.00123729333333325
6470.75,0.023998,0.00035973333333325
6471,0.0230986666666666,2.83999999999995e-05
6471.25,0.0234773333333333,3.07666666666667e-05
6471.5,0.0240453333333332,0.000675446666666643
6471.75,0.023572,-4.25999999999995e-05
6472,0.024424,0.000975066666666607
6472.25,0.0253233333333332,0.00057936
6472.5,0.0257493333333332,0.000435466666666572
6472.75,0.0228619999999999,1.32533333333333e-05
6473,0.0228146666666666,-0.00100393999999993
6473.25,0.0246133333333333,0.000236666666666643
6473.5,0.0219626666666666,-0.000388133333333286
6473.75,0.0254179999999999,0.000621486666666607
6474,0.0256073333333333,0.00146259999999996
6474.25,0.0292519999999999,0.00679706666666664
6474.5,0.034506,0.0100204666666666
6474.75,0.03408,0.00927638666666664
6475,0.0342693333333332,0.00928206666666661
6475.25,0.0347899999999999,0.00931079799999996
6475.5,0.0343639999999999,0.00998259999999996
6475.75,0.0347426666666666,0.00958310666666664
6476,0.0338906666666666,0.00883239999999996
6476.25,0.0349793333333333,0.00987846666666661
6476.5,0.0351686666666666,0.0106689333333333
6476.75,0.0346953333333332,0.0101340666666666
6477,0.0338433333333333,0.00882672
6477.25,0.0346006666666666,0.00983586666666661
6477.5,0.0362573333333333,0.0116028199999999
6477.75,0.0351213333333333,0.0110144666666666
6478,0.0339853333333333,0.00874104666666661
6478.25,0.0345533333333333,0.00927354666666661
6478.5,0.0361153333333333,0.0114357333333332
6478.75,0.0350266666666666,0.0106168666666666
6479,0.0346953333333332,0.00987467999999989
6479.25,0.0351686666666666,0.0103248199999999
6479.5,0.034506,0.00927212666666664
6479.75,0.034506,0.0100753733333333
6480,0.0352633333333333,0.00945388666666657
6480.25,0.0354526666666666,0.0109103333333333
6480.5,0.0349793333333333,0.0106783999999999
6480.75,0.0352159999999999,0.0113789333333333
6481,0.0352633333333333,0.0114877999999999
6481.25,0.0336066666666666,0.00906007333333332
6481.5,0.0347426666666666,0.00994946666666664
6481.75,0.0334173333333333,0.00978948
6482,0.0342693333333332,0.0101435333333333
6482.25,0.0327546666666666,0.00843006666666661
6482.5,0.0341746666666666,0.00936253333333332
6482.75,0.0348373333333333,0.0107848999999999
6483,0.0350266666666666,0.0103801999999999
6483.25,0.033796,0.00919734
6483.5,0.0339379999999999,0.01001242
6483.75,0.0334173333333333,0.00943353333333325
6484,0.03408,0.0101766666666666
6484.25,0.0338906666666666,0.00931046666666664
6484.5,0.0356893333333333,0.0114593999999999
6484.75,0.0339853333333333,0.0104483599999999
6485,0.0353106666666666,0.0109557733333333
6485.25,0.0324706666666666,0.00930241999999993
6485.5,0.0353106666666666,0.01065
6485.75,0.0332753333333333,0.00947139999999996
6486,0.0353106666666666,0.00984533333333329
6486.25,0.0347899999999999,0.0100630666666666
6486.5,0.0290153333333333,0.00192017133333325
6486.75,0.0348373333333333,-0.00323807333333329
6487,0.0393813333333332,-0.00161879999999989
6487.25,0.074266,0.00887973333333325
6487.5,0.103991333333333,0.00149099999999989
6487.75,0.094288,-0.00555693333333325
6488,0.0982166666666666,-0.00437359999999993
6488.25,0.0943826666666666,-0.00473806666666657
6488.5,0.100204666666667,0.000629533333333321
6488.75,0.0946193333333333,-0.00267433333333332
6489,0.0924893333333333,-0.00597346666666657
6489.25,0.104417333333333,0.000625746666666607
6489.5,0.0893179999999999,-0.00550013333333329
6489.75,0.092584,-0.00550486666666657
6490,0.0980273333333333,-0.0066456
6490.25,0.0909746666666666,-0.00421266666666661
6490.5,0.100441333333333,-0.00616516666666657
6490.75,0.109624,0.00446353333333332
6491,0.102618666666667,-0.00211579999999993
6491.25,0.0922053333333333,-0.00518299999999993
6491.5,0.093436,-0.00477214666666657
6491.75,0.101435333333333,0.00194066666666664
6492,0.096844,-0.00239506666666657
6492.25,0.0948559999999999,0.0011928
6492.5,0.0831646666666666,-0.00552853333333332
6492.75,0.0864306666666666,0.00059403333333325
6493,0.0428366666666666,-8.18866666666667e-05
6493.25,0.0353106666666666,-0.000194066666666643
6493.5,0.0267433333333333,0.000118333333333321
6493.75,0.0260333333333333,-0.000241399999999929
6494,0.0262226666666666,-0.000163299999999964
6494.25,0.0256073333333333,-0.000586933333333321
6494.5,0.0273113333333333,8.04666666666662e-05
6494.75,0.026554,-0.000866199999999964
6495,0.0260333333333333,-0.000141999999999965
6495.25,0.027264,0.000954713333333286
6495.5,0.0272166666666666,0.000141999999999965
6495.75,0.027832,-0.0008946
6496,0.0253233333333332,-0.00126379999999993
6496.25,0.0262226666666666,-0.000691066666666572
6496.5,0.0295833333333332,0.00190279999999993
6496.75,0.0275953333333333,0.00131917999999993
6497,0.0271693333333333,0.000121646666666643
6497.25,0.0253706666666666,-0.00120699999999996
6497.5,0.026838,-0.000407066666666643
6497.75,0.0256073333333333,-0.000572733333333251
6498,0.0259386666666666,-0.000241399999999929
6498.25,0.0257493333333332,-0.00188386666666657
6498.5,0.02698,0.000557586666666608
6498.75,0.033796,0.00941128666666657
6499,0.036636,0.00840166666666657
6499.25,0.0374406666666666,0.00767273333333329
6499.5,0.0375353333333333,0.008733
6499.75,0.0375353333333333,0.00871406666666664
6500,0.0378193333333333,0.00905959999999993
6500.25,0.0376773333333333,0.00957553333333332
6500.5,0.0387186666666666,0.00995514666666661
6500.75,0.0395706666666666,0.0109761266666666
6501,0.0385766666666666,0.00973173333333325
6501.25,0.0381979999999999,0.00937578666666661
6501.5,0.037914,0.00974593333333332
6501.75,0.0383873333333333,0.0102079066666666
6502,0.0378193333333333,0.00949506666666661
6502.25,0.0385293333333332,0.00958831333333332
6502.5,0.03834,0.00972368666666664
6502.75,0.038056,0.00838273333333332
6503,0.0365886666666666,0.00844426666666657
6503.25,0.0376773333333333,0.00877086666666661
6503.5,0.037062,0.00855313333333332
6503.75,0.0379613333333333,0.0094146
6504,0.0388133333333333,0.0106310666666666
6504.25,0.0365886666666666,0.00868566666666661
6504.5,0.0372986666666666,0.00818393333333329
6504.75,0.0364466666666666,0.00919213333333332
6505,0.0386713333333333,0.0113079333333332
6505.25,0.0357366666666666,0.00827859999999996
6505.5,0.0371566666666666,0.00860046666666661
6505.75,0.0366833333333333,0.00884186666666664
6506,0.0366833333333333,0.00843953333333329
6506.25,0.0364466666666666,0.00887594666666664
6506.5,0.036352,0.00852946666666657
6506.75,0.0364466666666666,0.00843953333333329
6507,0.036636,0.0082218
6507.25,0.0371093333333333,0.00943353333333325
6507.5,0.0369673333333333,0.0101009333333333
6507.75,0.0360679999999999,0.00778633333333332
6508,0.0361626666666666,0.00825019999999993
6508.25,0.038482,0.00985479999999996
6508.5,0.0382453333333333,0.0107219466666666
6508.75,0.0365413333333333,0.00908042666666664
6509,0.03621,0.00882766666666657
6509.25,0.0373933333333333,0.0100015333333333
6509.5,0.0377246666666666,0.00878033333333329
6509.75,0.0351686666666666,0.00731299999999993
6510,0.0283526666666666,0.00106499999999989
6510.25,0.0302933333333333,-2.17733333333333e-05
6510.5,0.032092,-0.00147679999999993
6510.75,0.0484219999999999,0.00100251999999996
6511,0.104417333333333,0.00493686666666661
6511.25,0.0871406666666666,0.00445879999999993
6511.5,0.141668666666667,0.0126664
6511.75,0.169453333333333,0.0151703333333333
6512,0.171157333333333,0.00688226666666664
6512.25,0.186966666666667,0.0147396
6512.5,0.193593333333333,0.00814890666666661
6512.75,0.218206666666667,0.00322339999999993
6513,0.209686666666667,0.00244713333333325
6513.25,0.219153333333333,0.0166802666666666
6513.5,0.213473333333333,0.0113931333333332
6513.75,0.22294,0.0125386
6514,0.217733333333333,0.00484219999999993
6514.25,0.20306,0.0119800666666666
6514.5,0.203533333333333,0.0130782
6514.75,0.209213333333333,0.0117623333333333
6515,0.168033333333333,-0.00855786666666661
6515.25,0.179866666666667,0.00215839999999993
6515.5,0.161028,0.000723016666666572
6515.75,0.148011333333333,0.006177
6516,0.136698666666667,-0.00124013333333329
6516.25,0.120321333333333,0.0036636
6516.5,0.136746,0.00358786666666657
6516.75,0.110712666666667,-0.002556
6517,0.165382666666667,0.0218206666666666
6517.25,0.169926666666667,0.0411326666666666
6517.5,0.21584,0.0382453333333333
6517.75,0.20732,0.0150046666666666
6518,0.234773333333333,0.0196906666666666
6518.25,0.24424,0.0158329999999999
6518.5,0.253706666666667,0.0158566666666666
6518.75,0.25986,0.0239506666666666
6519,0.238086666666667,0.0112369333333333
6519.25,0.248973333333333,0.0181902
6519.5,0.250866666666667,0.0165761333333333
6519.75,0.221046666666667,0.0103849333333333
6520,0.203533333333333,0.0137361333333333
6520.25,0.202113333333333,0.00488953333333332
6520.5,0.198326666666667,0.0327546666666666
6520.75,0.18034,0.0146686
6521,0.177026666666667,0.0209213333333333
6521.25,0.159986666666667,0.0263646666666666
6521.5,0.151466666666667,0.0139917333333332
6521.75,0.151466666666667,0.00951873333333325
6522,0.15052,0.0089034
6522.25,0.160933333333333,0.00377672666666664
6522.5,0.17892,0.0103139333333333
6522.75,0.186966666666667,0.0169879333333333
6523,0.200693333333333,0.0139917333333332
6523.25,0.214893333333333,0.015904
6523.5,0.209213333333333,0.00835433333333329
6523.75,0.181286666666667,0.00711893333333329
6524,0.15194,0.0158803333333333
6524.25,0.162353333333333,0.0167086666666666
6524.5,0.16472,0.0189996
6524.75,0.155206,0.0157383333333333
6525,0.132202,0.0160602
6525.25,0.127658,0.0171109999999999
6525.5,0.103849333333333,0.0158519333333333
6525.75,0.0776266666666666,0.00530133333333325
6526,0.06745,0.00858626666666664
6526.25,0.0642786666666666,0.00993999999999996
6526.5,0.0618173333333333,0.0101387999999999
6526.75,0.0446826666666666,0.0121126
6527,0.0369673333333333,0.0101956
6527.25,0.03621,0.00954713333333329
6527.5,0.0348846666666666,0.00876139999999993
6527.75,0.0364939999999999,0.00940986666666661
6528,0.0352159999999999,0.00955612666666657
6528.25,0.0348373333333333,0.0101090273333333
6528.5,0.035074,0.0105936733333333
6528.75,0.0346953333333332,0.00956464666666657
6529,0.0345533333333333,0.0102476666666666
6529.25,0.0341273333333333,0.0103068333333332
6529.5,0.0344586666666666,0.00908089999999993
6529.75,0.0325653333333333,0.00841113333333325
6530,0.0354053333333333,0.00925163133333325
6530.25,0.033796,0.00959919999999996
6530.5,0.032518,0.00801353333333328
6530.75,0.03408,0.00903593333333329
6531,0.0341746666666666,0.00882861333333325
6531.25,0.0339379999999999,0.00891286666666657
6531.5,0.0336539999999999,0.00899522666666664
6531.75,0.034932,0.00983870666666664
6532,0.0339379999999999,0.00886837333333332
6532.25,0.033796,0.00857679999999996
6532.5,0.0328493333333333,0.00792359999999989
6532.75,0.0333226666666666,0.0081792
6533,0.033228,0.00796572666666661
6533.25,0.033654,0.00883803266666664
6533.5,0.0335593333333333,0.00875193333333325
6533.75,0.0326599999999999,0.00819813333333325
6534,0.0334646666666666,0.0075828
6534.25,0.044446,0.00865489999999993
6534.5,0.043594,0.00380559999999996
6534.75,0.0505046666666666,0.00649413333333325
6535,0.0901699999999999,0.00162873999999996
6535.25,0.0982639999999999,0.00769971333333325
6535.5,0.130829333333333,0.00772953333333325
6535.75,0.148816,0.00364466666666664
6536,0.156294666666667,0.00307193333333329
6536.25,0.161406666666667,0.00369673333333332
6536.5,0.17466,0.00833066666666664
6536.75,0.194066666666667,0.00112179999999996
6537,0.20022,0.00333699999999996
6537.25,0.206846666666667,0.00573206666666664
6537.5,0.20164,-0.000790466666666643
6537.75,0.195486666666667,-0.00173239999999993
6538,0.195013333333333,-0.00112653333333325
6538.25,0.1917,-0.000549066666666608
6538.5,0.21868,0.00201024666666661
6538.75,0.18744,-0.00120226666666657
6539,0.18318,-0.000946666666666572
6539.25,0.189333333333333,0.00524453333333329
6539.5,0.18744,0.0058362
6539.75,0.162353333333333,0.000691066666666572
6540,0.155253333333333,0.00747393333333325
6540.25,0.155679333333333,0.00425526666666661
6540.5,0.15123,0.00302933333333329
6540.75,0.169926666666667,0.0148058666666666
6541,0.178446666666667,0.0180387333333333
6541.25,0.2149995584116,0.0156750779370572
6541.5,0.189977637335926,0.011070946815751
6541.75,0.206410701754386,0.0149388567251462
6542,0.2193124654268,0.00585148345255121
6542.25,0.208436009708738,0.0034881128155339
6542.5,0.243766666666667,0.00337486666666657
6542.75,0.171426511338925,0.00358006747437085
6543,0.26863283089967,-0.000236889621604617
6543.25,0.214725151802656,-0.00620949114484494
6543.5,0.250986526516961,0.0165840531294792
6543.75,0.191728427073403,0.00533683378455667
6544,0.225520633111744,-0.000450093700538077
6544.25,0.203012058629776,0.0049112753293807
6544.5,0.170531244577911,0.00372712332332327
6544.75,0.221403838489774,0.00790052158713504
6545,0.167352612229679,-0.00455290544369872
6545.25,0.114588895162808,0.00403258404667793
6545.5,0.205422273781903,0.017000464037123
6545.75,0.0765947159763313,0.00460134615384613
6546,0.0608334596577017,0.00623945048899754
6546.25,0.151180070688604,0.015359554174284
6546.5,0.196912147064798,0.0461675949624213
6546.75,0.259850293526337,0.0217571178126256
6547,0.338502243436754,0.0140128582338902
6547.25,0.206846666666667,0.0117576
6547.5,0.0795650625129802,0.00939927343717544
6547.75,0.181512709891937,0.0071278098088113
6548,0.126452912457912,0.0187792011784512
6548.25,0.102578538932633,0.00823464584426943
6548.5,0.044949081236203,0.0136883924944812
6548.75,0.294064358452138,0.0132803258655804
6549,0.180225292479109,0.0236851253481894
6549.25,0.127658,0.0171109999999999
6549.5,0.139822666666667,0.0206184
6549.75,0.0465286666666666,0.0169453333333333
6550,0.117102666666667,0.0145786666666666
6550.25,0.106831333333333,0.0210065333333333
6550.5,0.0618173333333333,0.0101387999999999
6550.75,0.0419893438735178,0.0167008463768116
6551,0.0375353333333333,0.0118333333333333
6551.25,0.0456662502696871,0.018190705501618
6551.5,0.0374238585034013,0.0117008772789115
6551.75,0.0367136752136751,0.00709166087675755
6552,0.0394286666666666,0.0155063999999999
6552.25,0.0424106666666666,0.00940513333333332
6552.5,0.0373780291595197,0.0137858130360206
6552.75,0.036384,0.0133834374999999
6553,0.0372657754262198,0.0123809390946501
6553.25,0.0306992397868561,0.0133030039076376
6553.5,0.0402953992740471,0.0170484186327888
6553.75,0.0372241016333937,0.0108115862068965
6554,0.0394512762078396,0.0160639927073837
6554.25,0.0354237211895911,0.0121588247831474
6554.5,0.0352633333333333,0.0130782
6554.75,0.0337628882800609,0.00754923007610348
6555,0.0422976139716952,0.0146808758807588
6555.25,0.037176621335751,0.0094506385614989
6555.5,0.0454766493987049,0.0161183661424607
6555.75,0.0337172725581395,0.0107961477209302
6556,0.0328328289473684,0.0110499288533834
6556.25,0.041464,0.00943353333333325
6556.5,0.0320446666666666,0.0106978066666666
6556.75,0.0350118722480619,0.00868427088372092
6557,0.0330690610242256,0.00956349664520083
6557.25,0.031410738095238,0.00876468559218556
6557.5,0.0325653333333333,0.0110617999999999
6557.75,0.0340170065237651,0.0113895381174277
6558,0.0358029684601112,0.00840776994434133
6558.25,0.0505993333333333,0.0160744
6558.5,0.0298872471738466,0.00235503941338219
6558.75,0.0524453333333333,0.00697219999999993
6559,0.038796221116639,0.00375108895522383
6559.25,0.0683493333333332,0.0115067333333333
6559.5,0.111328,-0.000378666666666607
6559.75,0.204969194591417,0.0277900094062315
6560,0.120785033827025,-0.00478780691168397
6560.25,0.163125813333333,0.0159154054399999
6560.5,0.174747812971342,0.00833485503603144
6560.75,0.215415425979916,-0.00868304470359568
6561,0.129374375318066,0.0122785647582697
6561.25,0.151374996330275,0.0180174550458715
6561.5,0.243252256341789,0.00174496745290012
6561.75,0.254681814099686,0.00662644349648248
6562,0.240819253975331,0.00439057500371523
6562.25,0.159417825185185,-0.000223562275555524
6562.5,0.219869016764839,0.00202117687056328
6562.75,0.169133897996357,-0.0098069234972677
6563,0.158825852782765,-0.00713770945541588
6563.25,0.153489285130003,-9.45422144317846e-05
6563.5,0.176553333333333,0.00940039999999993
6563.75,0.171901044323012,0.00290909459623553
6564,0.197137208872458,-0.000754264103511907
6564.25,0.154923116042534,0.0118395372168284
6564.5,0.133196,-0.00466706666666664
6564.75,0.181118446043165,0.00885151040767384
6565,0.0856950296650717,0.00531906725358851
6565.25,0.185603123409669,0.00867730203562339
6565.5,0.225249498688879,-0.00929450563010945
6565.75,0.0584376138382421,0.0092565942964001
6566,0.229354889298893,0.0080061407749077
6566.25,0.232986696602305,0.00332029624307733
6566.5,0.335593333333333,0.0120037333333333
6566.75,0.211009155937053,0.0051043210300429
6567,0.261156229275225,-0.0091783167535133
6567.25,0.243253363928407,0.00651373224414865
6567.5,0.264455179300953,-0.000862661280072531
6567.75,0.265663049119555,0.0172373172690762
6568,0.261300384918757,0.00629776608297828
6568.25,0.0358838360240582,0.00089591706236149
6568.5,0.218381670802316,-0.00638054272952852
6568.75,0.197278205260443,-0.00423414853017016
6569,0.153363458488889,0.0170272641777777
6569.25,0.114848146056842,0.00404170753999615
6569.5,0.205422273781903,0.017000464037123
6569.75,0.0304171954707985,0.00358241712753277
6570,0.172049528878376,-0.000619699980287701
6570.25,0.135755608747045,0.0087959013002364
6570.5,0.201171174603175,0.012445094126984
6570.75,0.199862663569493,0.0515759337979093
6571,0.0822152552268244,0.0118429680473373
6571.25,0.0340591941391941,0.00560084525844519
6571.5,0.234443830570902,0.00592029875179046
6571.75,0.271693333333333,0.030672
6572,0.2382643866171,0.0133645520033044
6572.25,0.0419109907872696,0.0117029109715243
6572.5,0.191969294498382,0.046424257605178
6572.75,0.249257960264901,0.0223246381456953
6573,0.0595525098831986,0.0087327914016172
6573.25,0.211773889658356,0.0117231128808864
6573.5,0.0948475881523272,0.0130919059708509
6573.75,0.127938652857143,0.0164506087142857
6574,0.0500578316100443,0.0123438062038404
6574.25,0.0722374843710927,0.0145753927481869
6574.5,0.0479959999999999,0.01704
6574.75,0.0476273411641868,0.00539177447141736
6575,0.0422941687074829,0.0135861156462585
6575.25,0.0462919999999999,0.0103896666666666
6575.5,0.0348256900535362,0.008746587827557
6575.75,0.0424252495697074,0.016348432300631
6576,0.0458583021914648,0.0103607548442906
6576.25,0.0433481922398589,0.0183104659024103
6576.5,0.0412273333333333,0.0165098666666666
6576.75,0.036384,0.0133834374999999
6577,0.0313061546860782,0.00978908462238389
6577.25,0.0397961454545454,0.0162690432727272
6577.5,0.0387905210589651,0.00972361660649812
6577.75,0.0405941136712749,0.0140144097081413
6578,0.0443986666666666,0.00863833333333332
6578.25,0.0353908605947955,0.0121475457249071
6578.5,0.0404226666666666,0.0174091999999999
6578.75,0.0421427820155038,0.00857501674418596
6579,0.0370397750702905,0.00939459090909089
6579.25,0.0320143213383838,0.009599567550505
6579.5,0.0324544199424736,0.00901616951102584
6579.75,0.0395701241642788,0.0163273869468321
6580,0.0347375128939827,0.00760355071633229
6580.25,0.0328019999999999,0.0121173333333333
6580.5,0.0451036047529706,0.0189510944340213
6580.75,0.0398748704566635,0.0154727726001864
6581,0.0413693333333333,0.0142946666666666
6581.25,0.0442093333333333,0.0153833333333333
6581.5,0.0328019999999999,0.0123445333333333
6581.75,0.0384568416431482,0.0130346960802758
6582,0.0375471778407302,0.00601511463644945
6582.25,0.0373459999999999,0.00681599999999989
6582.5,0.0302084381313131,0.00595495099621203
6582.75,0.048378059891107,0.00100161027223228
6583,0.0898335192150449,0.00340715241210138
6583.25,0.102606521929825,0.0139986983918128
6583.5,0.13561,0.0350266666666666
6583.75,0.164627431551499,0.0158917809647979
6584,0.167659265402844,0.0204222246445497
6584.25,0.172293333333333,-0.00788667999999996
6584.5,0.171346666666667,-0.00686333333333329
6584.75,0.0601581728900256,0.00621018175618067
6585,0.225890948402948,0.0273721107289107
6585.25,0.209788111594904,0.00789901964199319
6585.5,0.201262643129771,0.00980267461832061
6585.75,0.207220278980279,0.0180679051467051
6586,0.220468047732697,0.0143209609546539
6586.25,0.275818695313716,0.00230633380040471
6586.5,0.223935815403804,0.0101378400498908
6586.75,0.157560361332708,-0.00484728427968087
6587,0.183351597189696,0.00361965427010142
6587.25,0.240384784601283,0.00101189642529787
6587.5,0.141668666666667,-0.00339853333333332
6587.75,0.148832731989373,0.0136829327082356
6588,0.138816950054799,0.0169375630186316
6588.25,0.144631632672789,-0.00689396616723046
6588.5,0.159565386319846,0.00566995648683361
6588.75,0.170844659347971,0.010081395342648
6589,0.137340877487255,0.0152006971879624
6589.25,0.215212008568133,0.0156905671445048
6589.5,0.0596024295874821,0.00516617411095298
6589.75,0.271345173721742,0.016862835017448
6590,0.233458023029759,0.00526109256766852
6590.25,0.143486956398239,-0.00271934739383601
6590.5,0.293921566164154,0.0189384868788386
6590.75,0.191143956170704,0.00721521121683967
6591,0.178925350724638,0.00234160881159414
6591.25,0.271682384341637,0.00649675266903906
6591.5,0.267181875,0.00821808095238091
6591.75,0.210355928961749,0.000534237279902775
6592,0.290495694757398,0.0127742406489409
6592.25,0.191467138263666,0.0105354085438676
6592.5,0.200880918560606,0.0322827452651514
6592.75,0.194666427026127,0.0274541840572474
6593,0.200706001029336,0.0401883142906158
6593.25,0.175086693811075,0.00752877524429962
6593.5,0.155526869314911,0.00518280734216076
6593.75,0.037532181496759,0.00573408328422704
6594,0.135669526123937,0.0124694864317537
6594.25,0.0290693320926385,0.00466152584780803
6594.5,0.19750468730259,0.0313544611497156
6594.75,0.177026666666667,0.0226726666666666
6595,0.298673333333333,0.0310033333333333
6595.25,0.0340591941391941,0.00560084525844519
6595.5,0.2343,0.00591666666666661
6595.75,0.180834580216126,0.00710118038237736
6596,0.266652909128717,0.0319225685173632
6596.25,0.247553333333333,0.0233826666666666
6596.5,0.137702359178264,0.00588600821736248
6596.75,0.191909358974359,0.0234450842490842
6597,0.131215342566944,0.0117176813481071
6597.25,0.210894551708218,0.0116744355955678
6597.5,0.111167353535353,0.00387100606060598
6597.75,0.136750356038647,0.0137887179227053
6598,0.0676551711026615,0.00861238458808618
6598.25,0.0829753333333333,0.0199415333333333
6598.5,0.0478629200748462,0.0135312069500134
6598.75,0.0444349994544462,0.0138042205128205
6599,0.0388930775646372,0.0144487072560466
6599.25,0.0398117831392123,0.00760647060454791
6599.5,0.0349141549732319,0.00876880608622145
6599.75,0.041855149750416,0.011842406211869
6600,0.0334646666666666,0.00997786666666657
6600.25,0.0366213787085514,0.0117653897614892
6600.5,0.0362730287206266,0.011433353484189
6600.75,0.036352,0.0133716666666666
6601,0.0372986666666666,0.0123918666666666
6601.25,0.0416533333333333,0.0172813999999999
6601.5,0.039618,0.0149809999999999
6601.75,0.0371566666666666,0.0138781333333333
6602,0.036778,0.0121741333333333
6602.25,0.0388606666666666,0.0138166
6602.5,0.0376773333333333,0.0139112666666666
6602.75,0.0379613333333333,0.0141952666666666
6603,0.037062,0.0134947333333333
6603.25,0.0369199999999999,0.0143230666666666
6603.5,0.038056,0.0132343999999999
6603.75,0.0375826666666666,0.0144461333333333
6604,0.0375826666666666,0.0138544666666666
6604.25,0.0363993333333332,0.0131255333333333
6604.5,0.0382926666666666,0.0131917999999999
6604.75,0.0378193333333333,0.0135042
6605,0.0365886666666666,0.0129787999999999
6605.25,0.0368253333333333,0.0129030666666666
6605.5,0.0363046666666666,0.0138828666666666
6605.75,0.04189,0.0138876
6606,0.0344113333333333,0.00849633333333325
6606.25,0.03976,0.00688226666666664
6606.5,0.0359733333333332,0.00241399999999993
6606.75,0.0432626666666666,0.00448009999999993
6607,0.0901226666666666,0.00487533333333325
6607.25,0.095992,0.00200693333333329
6607.5,0.127279333333333,0.00502206666666661
6607.75,0.149668,0.00919686666666661
6608,0.197853333333333,0.0177831333333332
6608.25,0.21442,0.0178399333333333
6608.5,0.234773333333333,0.00291099999999996
6608.75,0.255126666666667,0.00660773333333329
6609,0.257966666666667,0.0050268
6609.25,0.256546666666667,-0.000681599999999893
6609.5,0.256546666666667,0.0121457333333333
6609.75,0.2556,0.00665033333333329
6610,0.2556,0.0149478666666666
6610.25,0.24708,0.00500786666666664
6610.5,0.260806666666667,0.00408013333333332
6610.75,0.2556,0.00139159999999993
6611,0.23998,-0.00373933333333332
6611.25,0.220573333333333,0.000624799999999929
6611.5,0.213946666666667,0.00334646666666664
6611.75,0.224833333333333,0.00496479333333325
6612,0.199746666666667,0.00697693333333332
6612.25,0.188386666666667,0.0172766666666666
6612.5,0.18744,0.023572
6612.75,0.1988,0.0233826666666666
6613,0.235246666666667,0.0327546666666666
6613.25,0.2414,0.0336066666666666
6613.5,0.246606666666667,0.0234773333333333
6613.75,0.243293333333333,0.0119895333333333
6614,0.28826,0.0168885333333333
6614.25,0.311453333333333,0.0199036666666666
6614.5,0.29678,0.0191226666666666
6614.75,0.267433333333333,0.00827386666666657
6615,0.25986,0.0160980666666666
6615.25,0.28258,0.00951399999999996
6615.5,0.2668224375,0.00820702523809515
6615.75,0.209310327868852,0.000531581785063709
6616,0.22862,0.013206
6616.25,0.22862,0.0119327333333333
6616.5,0.244713333333333,0.0178825333333333
6616.75,0.241873333333333,0.0319973333333333
6617,0.254653333333333,0.0294413333333333
6617.25,0.206846666666667,0.0165477333333333
6617.5,0.2059,0.01704
6617.75,0.21158,0.0199273333333333
6618,0.196906666666667,0.0149431333333333
6618.25,0.200693333333333,0.0479013333333332
6618.5,0.169642666666667,0.0108677333333333
6618.75,0.23998,0.053818
6619,0.346006666666667,0.0382453333333333
6619.25,0.328966666666667,0.023146
6619.5,0.330386666666667,0.025276
6619.75,0.30388,0.0122404
6620,0.254653333333333,0.0182422666666666
6620.25,0.233826666666667,0.00807979999999993
6620.5,0.22436,0.0125101999999999
6620.75,0.201166666666667,0.024424
6621,0.175133333333333,0.00329439999999996
6621.25,0.154164666666667,0.00356893333333332
6621.5,0.142142,0.00746493999999996
6621.75,0.113032,0.00459606666666661
6622,0.0966546666666666,0.00774751999999993
6622.25,0.0837326666666666,0.00755345333333329
6622.5,0.0520193333333333,0.00894126666666661
6622.75,0.043168,0.00978379999999993
6623,0.0400913333333333,0.00900279999999997
6623.25,0.0422686666666666,0.00870459999999996
6623.5,0.0395706666666666,0.00992106666666661
6623.75,0.037062,0.00641461333333332
6624,0.0354053333333333,0.00804666666666661
6624.25,0.0377246666666666,0.00875666666666664
6624.5,0.0335593333333333,0.00828333333333325
6624.75,0.0352633333333333,0.00759699999999996
6625,0.0345883323925996,0.00957355628723732
6625.25,0.0390499999999999,0.0094146
6625.5,0.0496009863945578,0.0151366072356215
6625.75,0.0355473333333333,0.00866199999999996
6626,0.035926,0.00967351333333332
6626.25,0.0335593333333333,0.00793306666666657
6626.5,0.0364939999999999,0.00759699999999996
6626.75,0.0348373333333333,0.00762066666666661
6627,0.0361153333333333,0.00912113333333329
6627.25,0.0405646666666666,0.0103234
6627.5,0.0419373333333333,0.00866199999999996
6627.75,0.0365413333333333,0.00971753333333329
6628,0.0388133333333333,0.00960866666666664
6628.25,0.0360679999999999,0.00963233333333329
6628.5,0.0355946666666666,0.00828333333333325
6628.75,0.0370146666666666,0.00998733333333325
6629,0.0366833333333333,0.00902646666666661
6629.25,0.0355,0.00849159999999996
6629.5,0.0342842618822788,0.0123470631413282
6629.75,0.0358786666666666,0.00965126666666664
6630,0.0287786666666666,0.00360679999999993
6630.25,0.0273586666666666,0.00209686666666657
6630.5,0.0283053333333332,0.00211579999999993
6630.75,0.0253706666666666,0.00184599999999996
6631,0.0311453333333333,0.00154779999999996
6631.25,0.0277846666666666,0.000908799999999965
6631.5,0.0273309476528199,0.00146584667342104
6631.75,0.0310033333333333,0.00205899999999996
6632,0.0496999999999999,0.0134047999999999
6632.25,0.034932,0.00173381999999989
6632.5,0.0573206666666666,0.0120368666666666
6632.75,0.0429313333333333,0.00189806666666664
6633,0.0421266666666666,0.00168979999999993
6633.25,0.0388133333333333,0.00184599999999996
6633.5,0.044304,0.00101766666666661
6633.75,0.0267906666666666,0.00351449999999989
6634,0.0358616731583404,0.00652805622353929
6634.25,0.032688548951049,0.0095981159673659
6634.5,0.0577573292108362,0.0311804151943463
6634.75,0.0187752034334763,-0.00255002259227462
6635,0.032448890839918,0.0020380345332162
6635.25,0.0197853333333332,-0.00131586666666661
6635.5,0.0464813333333333,0.00104275333333332
6635.75,0.0431206666666666,0.00378666666666661
6636,0.041464,0.00334173333333325
6636.25,0.0378666666666666,0.00106206533333329
6636.5,0.0358786666666666,0.00106973333333329
6636.75,0.0398073333333332,0.00100819999999993
6637,0.0363993333333332,0.00250866666666661
6637.25,0.034932,0.000354999999999964
6637.5,0.0399019999999999,0.000993999999999965
6637.75,0.0354526666666666,0.00162116666666664
6638,0.0518299999999999,0.00371471999999989
6638.25,0.0422686666666666,0.00136793333333329
6638.5,0.0468126666666666,0.00156673333333332
6638.75,0.0409906666666666,0.00101103999999996
6639,0.0421266666666666,0.00166613333333329
6639.25,0.0453926666666666,0.000397599999999964
6639.5,0.0398073333333332,0.00100441333333332
6639.75,0.0415113333333332,0.00245754666666661
6640,0.0448246666666666,0.00138497333333329
6640.25,0.0502206666666666,0.000804666666666607
6640.5,0.0594506666666666,0.00138970666666657
6640.75,0.053676,0.0026412
6641,0.0548119999999999,0.00248499999999996
6641.25,0.0456293333333333,0.00187297999999993
6641.5,0.0425053333333333,0.00221141333333329
6641.75,0.0416533333333333,0.00426946666666657
6642,0.0396653333333333,0.00275479999999993
6642.25,0.0361153333333333,0.00172596266666664
6642.5,0.0382453333333333,0.00232922599999993
6642.75,0.0399019999999999,0.00416533333333332
6643,0.0455346666666666,0.00730353333333325
6643.25,0.0431206666666666,0.00780999999999996
6643.5,0.0344146470154752,0.00999731274871036
6643.75,0.0453453333333333,0.00981693333333325
6644,0.0474753333333333,0.00727513333333332
6644.25,0.0423633333333332,0.00624799999999993
6644.5,0.0455247588489941,0.0148522164502164
6644.75,0.0376773333333333,0.0151892666666666
6645,0.0362179190221543,0.0138566724216959
6645.25,0.0468126666666666,0.0167370666666666
6645.5,0.0332060729964267,0.0134055900969882
6645.75,0.0419373333333333,0.00847266666666661
6646,0.0470966666666666,0.0087756
6646.25,0.0422213333333333,0.00648466666666657
6646.5,0.044446,0.00676866666666661
6646.75,0.0351209934171154,0.0119601220825852
6647,0.0399019999999999,0.00780999999999996
6647.25,0.0416059999999999,0.00721833333333325
6647.5,0.0428366666666666,0.00814133333333329
6647.75,0.0515917771689497,0.0154965356468797
6648,0.0483273333333332,0.009798
6648.25,0.038482,0.00681599999999989
6648.5,0.0456293333333333,0.00612019999999993
6648.75,0.0352483676470588,0.0113893919117647
6649,0.037784768992248,0.00938965643410852
6649.25,0.0408013333333333,0.00861466666666657
6649.5,0.0385293333333332,0.0138024
6649.75,0.0403753333333333,0.00762066666666661
6650,0.0398073333333332,0.00904066666666657
6650.25,0.0335273110687022,0.00792549694656482
6650.5,0.0350128384418901,0.0129864939335887
6650.75,0.0361153333333333,0.0111375333333332
6651,0.04047,0.00866199999999996
6651.25,0.040896,0.00785733333333325
6651.5,0.0372513333333332,0.00672133333333332
6651.75,0.037914,0.00785733333333325
6652,0.0392866666666666,0.00940986666666661
6652.25,0.0388606666666666,0.00712839999999996
6652.5,0.0388606666666666,0.00700533333333325
6652.75,0.0414166666666666,0.0092442
6653,0.0486586666666666,0.00904066666666657
6653.25,0.0430733333333333,0.009798
6653.5,0.0405173333333333,0.00784786666666657
6653.75,0.0392393333333333,0.00591666666666661
6654,0.0310506666666666,0.00292046666666664
6654.25,0.031098,0.00266013333333325
6654.5,0.0360206666666666,0.00298673333333329
6654.75,0.037914,0.00217875333333325
6655,0.0373933333333333,0.00141858
6655.25,0.0381033333333332,0.00254179999999993
6655.5,0.0384346666666666,0.00328280333333329
6655.75,0.0399019999999999,0.00234110666666664
6656,0.0385293333333332,0.00256215333333325
6656.25,0.0395233333333333,0.00293466666666661
6656.5,0.0392866666666666,0.00245659999999993
6656.75,0.0399019999999999,0.00216786666666661
6657,0.0388133333333333,0.00230892
6657.25,0.0426946666666666,0.00296637999999996
6657.5,0.0395233333333333,0.00215839999999993
6657.75,0.0413693333333333,0.00224345799999996
6658,0.0392393333333333,0.000526346666666643
6658.25,0.0422686666666666,0.00330954666666661
6658.5,0.0434046666666666,0.00383873333333329
6658.75,0.0429786666666666,0.00344586666666661
6659,0.0409433333333333,0.000790466666666643
6659.25,0.043168,0.0032802
6659.5,0.0422213333333333,0.00196101999999996
6659.75,0.0413693333333333,0.00163915333333332
6660,0.0428366666666666,0.00269326666666657
6660.25,0.0451086666666666,0.00537233333333329
6660.5,0.042316,0.003834
6660.75,0.043594,0.00327972666666661
6661,0.0412746666666666,0.00314766666666661
6661.25,0.0433099999999999,0.00419846666666664
6661.5,0.0412273333333333,0.00316139333333329
6661.75,0.0454873333333333,0.00342693333333325
6662,0.0434993333333333,0.00395611999999993
6662.25,0.044872,0.00376725999999996
6662.5,0.0426473333333333,0.00331759333333332
6662.75,0.0458186666666666,0.00423633333333325
6663,0.042174,0.00383494666666657
6663.25,0.043168,0.00390499999999993
6663.5,0.0433099999999999,0.00186493333333332
6663.75,0.0445879999999999,0.00207651333333325
6664,0.0434046666666666,0.00265681999999993
6664.25,0.0424106666666666,0.00333226666666657
6664.5,0.0427893333333332,0.00324233333333329
6664.75,0.040186,0.00303406666666657
6665,0.0428366666666666,0.00413693333333329
6665.25,0.0420793333333333,0.00201166666666657
6665.5,0.0432626666666666,0.00231223333333332
6665.75,0.0410853333333332,0.00241163333333329
6666,0.0448246666666666,0.00487533333333325
6666.25,0.0430733333333333,0.00332753333333329
6666.5,0.0475699999999999,0.00576993333333325
6666.75,0.052114,0.00832119999999996
6667,0.0537706666666666,0.0104512
6667.25,0.0534393333333332,0.00993526666666657
6667.5,0.0535339999999999,0.010224
6667.75,0.0504573333333332,0.0125291333333333
6668,0.0497946666666666,0.00985479999999996
6668.25,0.0531079999999999,0.0104464666666666
6668.5,0.0505519999999999,0.0102949999999999
6668.75,0.0550013333333333,0.0110002666666666
6669,0.0481853333333333,0.00939566666666664
6669.25,0.0531079999999999,0.00929626666666657
6669.5,0.0524453333333333,0.0106168666666666
6669.75,0.0526819999999999,0.00943826666666664
6670,0.0534393333333332,0.00918739999999993
6670.25,0.0496999999999999,0.00818298666666661
6670.5,0.0520193333333333,0.0111943333333333
6670.75,0.053676,0.0105553333333333
6671,0.0513093333333332,0.0102476666666666
6671.25,0.0501259999999999,0.010366
6671.5,0.052114,0.0112842666666666
6671.75,0.0517353333333332,0.01207
6672,0.0499366666666666,0.010366
6672.25,0.051688,0.0119989999999999
6672.5,0.05041,0.0105648
6672.75,0.0486113333333333,0.00922999999999993
6673,0.0493686666666666,0.00969386666666664
6673.25,0.0514513333333333,0.00983113333333332
6673.5,0.0499366666666666,0.0110381333333333
6673.75,0.0483273333333332,0.00860046666666661
6674,0.0492739999999999,0.0092016
6674.25,0.0491793333333332,0.00998259999999996
6674.5,0.047428,0.00888919999999993
6674.75,0.0510726666666666,0.00889866666666661
6675,0.0488479999999999,0.00852946666666657
6675.25,0.0471439999999999,0.0100393999999999
6675.5,0.048706,0.00956133333333325
6675.75,0.0484219999999999,0.00837799999999993
6676,0.0450613333333333,0.00998733333333325
6676.25,0.0484693333333333,0.0115493333333333
6676.5,0.0472386666666666,0.00991633333333332
6676.75,0.0321674026200873,0.00828109275109165
6677,0.04899,0.0100015333333333
6677.25,0.0484219999999999,0.01065
6677.5,0.0469546666666667,0.00910219999999993
6677.75,0.0465286666666666,0.00977433333333325
6678,0.0569419999999999,0.00838746666666661
6678.25,0.0619593333333332,0.00335261999999989
6678.5,0.0571786666666666,-0.000591666666666607
6678.75,0.0586933333333333,0.00115493333333329
6679,0.106263333333333,0.00533541333333325
6679.25,0.124818,0.00532973333333329
6679.5,0.1775,0.0101908666666666
6679.75,0.25702,0.0142757333333333
6680,0.287313333333333,0.0235246666666666
6680.25,0.343166666666667,0.00662666666666664
6680.5,0.197028007133304,0.034869704859563
6680.75,0.24929252991453,-0.00601904017094016
6681,0.35216,0.00569419999999993
6681.25,0.342693333333333,0.0129456666666666
6681.5,0.321866666666667,0.00518773333333332
6681.75,0.300566666666667,-0.0032802
6682,0.286366666666667,0.00352159999999993
6682.25,0.292046666666667,0.0145266
6682.5,0.28968,0.0093294
6682.75,0.263173333333333,0.00678759999999996
6683,0.236193333333333,0.00601133333333329
6683.25,0.22436,0.00581726666666664
6683.5,0.197853333333333,-0.00317133333333325
6683.75,0.205426666666667,0.00403327333333332
6684,0.185073333333333,0.00456293333333329
6684.25,0.17892,0.00726566666666664
6684.5,0.162400666666667,0.00486113333333329
6684.75,0.171015333333333,0.0100914666666666
6685,0.166092666666667,0.00820286666666664
6685.25,0.185073333333333,0.0171961999999999
6685.5,0.189333333333333,0.0110334
6685.75,0.213473333333333,0.00203533333333332
6686,0.239506666666667,0.0092868
6686.25,0.25134,-0.000946666666666572
6686.5,0.22436,-0.00430733333333329
6686.75,0.223413333333333,-0.00201166666666657
6687,0.276426666666667,0.03124
6687.25,0.230513333333333,-0.000473333333333286
6687.5,0.236193333333333,0.00986899999999993
6687.75,0.223886666666667,0.00598293333333325
6688,0.225306666666667,-0.000449666666666643
6688.25,0.235246666666667,-0.000544333333333321
6688.5,0.236666666666667,0.02911
6688.75,0.22152,0.00790466666666664
6689,0.246133333333333,0.0696746666666666
6689.25,0.196906666666667,0.0184315999999999
6689.5,0.17111,0.00969765333333325
6689.75,0.147017333333333,-0.000175133333333286
6690,0.168033333333333,0.00463866666666661
6690.25,0.18176,0.0143467333333333
6690.5,0.182706666666667,0.00679233333333325
6690.75,0.212526666666667,0.0310506666666666
6691,0.251813333333333,0.0148579333333333
6691.25,0.24992,0.0208219333333333
6691.5,0.2343,0.0163631333333333
6691.75,0.219153333333333,0.0192173333333333
6692,0.19738,0.022578
6692.25,0.1917,0.0250393333333333
6692.5,0.158898,0.0148153333333333
6692.75,0.171962,0.0260333333333333
6693,0.179724666666667,0.0236193333333332
6693.25,0.153833333333333,0.00903593333333329
6693.5,0.140296,0.0190469333333333
6693.75,0.129125333333333,0.0233826666666666
6694,0.0963233333333333,0.0091164
6694.25,0.071142,0.0161785333333333
6694.5,0.05893,0.0112658066666666
6694.75,0.0405646666666666,0.0109018133333333
6695,0.0365886666666666,0.0102902666666666
6695.25,0.035074,0.0123208666666666
6695.5,0.0343639999999999,0.0118002
6695.75,0.0359733333333332,0.0117765333333332
6696,0.0328966666666666,0.0113978666666666
6696.25,0.0367306666666666,0.0135751999999999
6696.5,0.0344113333333333,0.0138781333333333
6696.75,0.0336539999999999,0.0122309333333333
6697,0.0323286666666666,0.0106642
6697.25,0.0365413333333333,0.0125291333333333
6697.5,0.0343166666666666,0.0142662666666666
6697.75,0.03195,0.0106831333333333
6698,0.0328019999999999,0.0113789333333333
6698.25,0.0355946666666666,0.0129646
6698.5,0.0327073333333333,0.0125149333333333
6698.75,0.0328493333333333,0.0107730666666666
6699,0.0334646666666666,0.0128368
6699.25,0.0355,0.0135846666666666
6699.5,0.0330859999999999,0.0119800666666666
6699.75,0.0331333333333333,0.0119090666666666
6700,0.0333226666666666,0.0130782
6700.25,0.0369673333333333,0.0134000666666666
6700.5,0.0323286666666666,0.0120037333333333
6700.75,0.0353106666666666,0.0129646
6701,0.0321393333333332,0.0122262
6701.25,0.0356419999999999,0.0117954666666666
6701.5,0.0328019999999999,0.0123445333333333
6701.75,0.0331806666666666,0.0112747999999999
6702,0.0260333333333333,0.00540546666666661
6702.25,0.0355,0.00424816666666657
6702.5,0.0330859999999999,0.00501321533333329
6702.75,0.054102,0.0109339999999999
6703,0.093436,0.007242
6703.25,0.0922526666666666,0.00715206666666661
6703.5,0.141384666666667,0.0122119999999999
6703.75,0.16472,0.00440199999999996
6704,0.15478,0.00883713333333325
6704.25,0.173713333333333,0.0176127333333332
6704.5,0.190753333333333,0.0190516666666666
6704.75,0.209213333333333,0.00385766666666664
6705,0.212526666666667,0.0144366666666666
6705.25,0.209686666666667,0.00789519999999996
6705.5,0.2059,0.00745973333333329
6705.75,0.210633333333333,0.00262226666666664
6706,0.220573333333333,0.0143278
6706.25,0.223886666666667,0.00884659999999993
6706.5,0.20448,-0.00706213333333332
6706.75,0.20448,0.0211579999999999
6707,0.195013333333333,-0.000894599999999893
6707.25,0.176553333333333,0.00562461999999996
6707.5,0.166613333333333,0.00561373333333332
6707.75,0.158566666666667,0.0053889
6708,0.15194,0.00453311333333329
6708.25,0.160933333333333,0.00871406666666664
6708.5,0.165193333333333,0.00545895333333325
6708.75,0.159986666666667,-0.00167086666666657
6709,0.147538,-0.000738399999999964
6709.25,0.181286666666667,0.0205095333333332
6709.5,0.1988,0.00620066666666664
6709.75,0.25986,0.027832
6710,0.229566666666667,0.00801353333333328
6710.25,0.218206666666667,-0.00426
6710.5,0.24992,0.0100441333333333
6710.75,0.241873333333333,-0.0029394
6711,0.23714,0.00221046666666661
6711.25,0.236666666666667,0.0154543333333333
6711.5,0.25276,0.0253233333333332
6711.75,0.221046666666667,0.00466706666666664
6712,0.22578,-0.000130639999999929
6712.25,0.216313333333333,-0.000733666666666572
6712.5,0.2485,0.026128
6712.75,0.228146666666667,0.00841586666666664
6713,0.202586666666667,0.00437549333333329
6713.25,0.185073333333333,0.00226773999999996
6713.5,0.164246666666667,0.00399493333333332
6713.75,0.157525333333333,-0.000246133333333321
6714,0.151040666666667,0.00922526666666664
6714.25,0.122924666666667,0.00280213333333332
6714.5,0.156673333333333,0.0151040666666666
6714.75,0.159513333333333,0.0124486666666666
6715,0.207793333333333,0.0211674666666666
6715.25,0.23004,0.0185073333333333
6715.5,0.23146,0.0254653333333333
6715.75,0.20164,0.0184836666666666
6716,0.177973333333333,0.0173382
6716.25,0.180813333333333,0.0213
6716.5,0.186966666666667,0.0212952666666666
6716.75,0.169926666666667,0.0145171333333333
6717,0.168506666666667,0.0175180666666666
6717.25,0.1633,0.0184789333333333
6717.5,0.162258666666667,0.0251813333333333
6717.75,0.125812,0.0161359333333333
6718,0.0976013333333333,0.0154638
6718.25,0.0829753333333333,0.0199415333333333
6718.5,0.0645626666666666,0.0143656666666666
6718.75,0.0446353333333333,0.0117528666666666
6719,0.0344586666666666,0.0107825333333333
6719.25,0.0344586666666666,0.0111801333333332
6719.5,0.0348846666666666,0.011218
6719.75,0.0378666666666666,0.0104175933333332
6720,0.0334646666666666,0.0110012133333332
6720.25,0.032944,0.0102097999999999
6720.5,0.0326599999999999,0.0114972666666666
6720.75,0.0361153333333333,0.0113032
6721,0.0313346666666666,0.009798
6721.25,0.0307666666666666,0.00912633999999996
6721.5,0.0330859999999999,0.0106310666666666
6721.75,0.0353106666666666,0.01063438
6722,0.0328019999999999,0.0101752466666666
6722.25,0.0317133333333333,0.0103186666666666
6722.5,0.033228,0.0117954666666666
6722.75,0.0348373333333333,0.0110191999999999
6723,0.0327073333333333,0.0108393333333333
6723.25,0.0338906666666666,0.0121031333333333
6723.5,0.032944,0.0114433066666666
6723.75,0.0336539999999999,0.00972652666666657
6724,0.030672,0.00848260666666657
6724.25,0.0333226666666666,0.0107380399999999
6724.5,0.0320446666666666,0.0106978066666666
6724.75,0.0344586666666666,0.0109254799999999
6725,0.0332753333333333,0.0110916199999999
6725.25,0.0322339999999999,0.0098832
6725.5,0.0325653333333333,0.0110617999999999
6725.75,0.0301039999999999,0.00768219999999996
6726,0.0270746666666666,0.00503484666666661
6726.25,0.02698,0.00091353333333325
6726.5,0.02911,0.00241873333333332
6726.75,0.0488953333333333,0.00461026666666657
6727,0.0875193333333332,0.00292141333333332
6727.25,0.0825019999999999,0.00095613333333325
6727.5,0.130119333333333,0.00559006666666657
6727.75,0.1562,0.0069012
6728,0.169926666666667,0.00975066666666661
6728.25,0.19312,0.00694190666666664
6728.5,0.19312,0.00927733333333332
6728.75,0.179866666666667,0.00186019999999993
6729,0.1846,0.00415113333333325
6729.25,0.177026666666667,0.00463866666666661
6729.5,0.18318,-0.00186019999999993
6729.75,0.184126666666667,0.00469688666666664
6730,0.171346666666667,0.000293466666666607
6730.25,0.179866666666667,0.00620539999999993
6730.5,0.170873333333333,0.00711419999999989
6730.75,0.16472,0.00235246666666657
6731,0.18744,0.00768219999999996
6731.25,0.181286666666667,0.0131113333333333
6731.5,0.163773333333333,0.00625273333333332
6731.75,0.157146666666667,0.00760173333333325
6732,0.162353333333333,0.0116818666666666
6732.25,0.148626666666667,0.00799933333333332
6732.5,0.165998,0.00842533333333332
6732.75,0.182706666666667,0.0163347333333333
6733,0.159513333333333,0.0198563333333333
6733.25,0.1988,0.0331333333333333
6733.5,0.224833333333333,0.0196196666666666
6733.75,0.219153333333333,0.00554273333333329
6734,0.216786666666667,0.0133716666666666
6734.25,0.209213333333333,-0.00205899999999996
6734.5,0.188386666666667,0.00950926666666657
6734.75,0.180813333333333,-0.00402333333333325
6735,0.196433333333333,0.0166282
6735.25,0.195013333333333,0.0214230666666666
6735.5,0.194066666666667,0.0138024
6735.75,0.20306,0.00888446666666664
6736,0.197853333333333,0.00768361999999993
6736.25,0.192646666666667,-0.00312399999999996
6736.5,0.19312,0.0152697333333332
6736.75,0.165666666666667,0.0177973333333333
6737,0.166897333333333,0.00922952666666664
6737.25,0.165335333333333,0.00208266666666661
6737.5,0.155916,0.00216786666666661
6737.75,0.158566666666667,0.00528997333333332
6738,0.152413333333333,0.00682073333333329
6738.25,0.144887333333333,0.00206515333333332
6738.5,0.19454,0.0428839999999999
6738.75,0.18034,0.0198847333333333
6739,0.21868,0.0204527333333333
6739.25,0.217733333333333,0.0126379999999999
6739.5,0.206846666666667,0.0122451333333332
6739.75,0.209686666666667,0.0157336
6740,0.168033333333333,0.00687753333333325
6740.25,0.156862666666667,0.00845846666666664
6740.5,0.157714666666667,0.0188575999999999
6740.75,0.158093333333333,0.0258439999999999
6741,0.146165333333333,0.0178446666666666
6741.25,0.126948,0.00864306666666661
6741.5,0.130403333333333,0.00923946666666661
6741.75,0.0898859999999999,0.0162921333333333
6742,0.07668,0.0133764
6742.25,0.0708106666666666,0.0227294666666666
6742.5,0.0438306666666666,0.00985006666666657
6742.75,0.0362573333333333,0.0102097999999999
6743,0.0392393333333333,0.0121078666666666
6743.25,0.0358313333333333,0.0112823733333332
6743.5,0.035784,0.01091838
6743.75,0.0371093333333333,0.0131586666666666
6744,0.0401386666666666,0.0114466199999999
6744.25,0.0337486666666666,0.0108407533333333
6744.5,0.03621,0.0114134866666666
6744.75,0.0344586666666666,0.0109718666666666
6745,0.0332753333333333,0.0106973333333333
6745.25,0.038056,0.0122214666666666
6745.5,0.0344113333333333,0.0115162
6745.75,0.035926,0.0112700666666666
6746,0.0344586666666666,0.0110286666666666
6746.25,0.0330386666666666,0.0103565333333333
6746.5,0.0349319999999999,0.00943826666666664
6746.75,0.0338906666666666,0.0111990666666666
6747,0.0338906666666666,0.011502
6747.25,0.034506,0.0113884
6747.5,0.0335593333333333,0.0104086
6747.75,0.0369199999999999,0.0115446
6748,0.035784,0.0132533333333333
6748.25,0.034648,0.0113978666666666
6748.5,0.0341746666666666,0.010792
6748.75,0.0361626666666666,0.00993526666666657
6749,0.0353106666666666,0.0126853333333333
6749.25,0.03337,0.0102997333333333
6749.5,0.034506,0.00981219999999997
6749.75,0.0304353333333332,0.00568331333333329
6750,0.026554,0.00429786666666661
6750.25,0.0316186666666666,0.00337013333333329
6750.5,0.0275953333333333,0.00150283333333332
6750.75,0.0643733333333333,0.00875761333333332
6751,0.0835906666666666,0.00360679999999993
6751.25,0.0714733333333333,0.00260333333333329
6751.5,0.138355333333333,0.0107541333333333
6751.75,0.163773333333333,0.0158093333333333
6752,0.172766666666667,0.0176032666666666
6752.25,0.186493333333333,0.0120889333333333
6752.5,0.175133333333333,0.00577939999999993
6752.75,0.206846666666667,0.00515933333333329
6753,0.186966666666667,0.00122593333333332
6753.25,0.187913333333333,0.00279266666666664
6753.5,0.19596,0.0032802
6753.75,0.202113333333333,0.00479959999999993
6754,0.202586666666667,0.00144366666666661
6754.25,0.204953333333333,-0.00180813333333325
6754.5,0.211106666666667,0.0124344666666666
6754.75,0.202113333333333,0.0101009333333333
6755,0.187913333333333,-0.00328493333333329
6755.25,0.17324,0.00870933333333325
6755.5,0.19028,0.00528713333333329
6755.75,0.1775,0.00462446666666664
6756,0.164388666666667,0.0117481333333333
6756.25,0.164909333333333,0.0122262
6756.5,0.139822666666667,0.00473806666666657
6756.75,0.144366666666667,0.00544806666666661
6757,0.161406666666667,0.00581253333333325
6757.25,0.176553333333333,0.00858153333333325
6757.5,0.21868,0.0226253333333333
6757.75,0.284473333333333,-0.00426
6758,0.317606666666667,0.00237613333333332
6758.25,0.27264,-0.00454399999999993
6758.5,0.276426666666667,0.0127326666666666
6758.75,0.278793333333333,0.00890813333333328
6759,0.2982,0.00232595999999989
6759.25,0.272166666666667,0.00650833333333332
6759.5,0.31666,0.0108440666666666
6759.75,0.287313333333333,0.000757333333333321
6760,0.290626666666667,0.01278
6760.25,0.310033333333333,0.00853893333333325
6760.5,0.278793333333333,0.00433099999999993
6760.75,0.243766666666667,0.0110286666666666
6761,0.211106666666667,0.0037914
6761.25,0.187913333333333,-0.00122593333333332
6761.5,0.199746666666667,0.00645626666666664
6761.75,0.17182,0.00653673333333325
6762,0.158566666666667,0.00559479999999996
6762.25,0.168506666666667,0.0102523999999999
6762.5,0.158566666666667,0.0123303333333333
6762.75,0.195486666666667,0.0208266666666666
6763,0.264593333333333,0.0287786666666666
6763.25,0.287313333333333,0.0113363333333333
6763.5,0.283526666666667,0.00921579999999996
6763.75,0.25418,0.0074976
6764,0.23856,0.0133811333333333
6764.25,0.23146,0.017182
6764.5,0.250866666666667,0.0234773333333333
6764.75,0.226253333333333,0.021016
6765,0.217733333333333,0.0155632
6765.25,0.182848666666667,0.0155773999999999
6765.5,0.157004666666667,0.0171441333333332
6765.75,0.0964653333333333,0.0133006666666666
6766,0.0859573333333333,0.0164578
6766.25,0.077248,0.0166944666666666
6766.5,0.0682073333333333,0.0212195333333333
6766.75,0.0504573333333332,0.0124155333333332
6767,0.0396653333333333,0.00897439999999993
6767.25,0.038908,0.0106357999999999
6767.5,0.0375353333333333,0.0104559333333332
6767.75,0.0358786666666666,0.0100441333333333
6768,0.0348846666666666,0.00935306666666664
6768.25,0.0371566666666666,0.0101927599999999
6768.5,0.0348846666666666,0.0102476666666666
6768.75,0.0339853333333333,0.00864306666666661
6769,0.0334646666666666,0.00695326666666657
6769.25,0.0346006666666666,0.00948086666666664
6769.5,0.035358,0.00931908133333332
6769.75,0.0341273333333333,0.00892233333333325
6770,0.0341746666666666,0.00942406666666657
6770.25,0.0336539999999999,0.00958026666666661
6770.5,0.0348373333333333,0.00891286666666657
6770.75,0.0349793333333333,0.00805329333333325
6771,0.0340326666666666,0.00845846666666664
6771.25,0.0338906666666666,0.0100441333333333
6771.5,0.0327546666666666,0.00876376666666657
6771.75,0.0352159999999999,0.00865821333333325
6772,0.0331333333333333,0.00839693333333329
6772.25,0.0367306666666666,0.0108805133333333
6772.5,0.03195,0.00725146666666657
6772.75,0.0334173333333333,0.00801353333333328
6773,0.035926,0.00873773333333329
6773.25,0.0345533333333333,0.0104938
6773.5,0.0341273333333333,0.00730353333333325
6773.75,0.0273586666666666,0.00365271333333325
6774,0.0292519999999999,0.00425148
6774.25,0.0287313333333333,0.00177499999999993
6774.5,0.029536,0.00141999999999996
6774.75,0.037204,0.00435561333333325
6775,0.0836853333333333,0.0101293333333333
6775.25,0.0675919999999999,0.00376299999999996
6775.5,0.0996839999999999,0.00541966666666657
6775.75,0.143278,0.0102476666666666
6776,0.168033333333333,0.0120274
6776.25,0.168459333333333,0.00664370666666664
6776.5,0.188386666666667,0.0132012666666666
6776.75,0.192646666666667,0.00676866666666661
6777,0.187913333333333,-0.00109339999999993
6777.25,0.199273333333333,0.00680179999999993
6777.5,0.20448,0.00241920666666661
6777.75,0.18602,-0.00346006666666657
6778,0.176553333333333,-0.00643733333333329
6778.25,0.202586666666667,0.000411799999999929
6778.5,0.20306,0.00457239999999996
6778.75,0.220573333333333,0.000326599999999929
6779,0.192646666666667,-0.00103659999999996
6779.25,0.18034,0.00811293333333325
6779.5,0.150236,-6.15333333333329e-05
6779.75,0.1704,0.00265539999999996
6780,0.16614,0.00178967333333329
6780.25,0.193593333333333,0.0113694666666666
6780.5,0.208266666666667,0.00668346666666661
6780.75,0.20164,0.00348846666666661
6781,0.214893333333333,0.0139065333333332
6781.25,0.23856,0.0117670666666666
6781.5,0.27122,0.00652726666666657
6781.75,0.376773333333333,0.0215839999999999
6782,0.391446666666667,0.015549
6782.25,0.405173333333333,0.031524
6782.5,0.38624,0.0173713333333333
6782.75,0.38624,0.0241399999999999
6783,0.349793333333333,0.0120889333333333
6783.25,0.3408,0.0171583333333333
6783.5,0.332753333333333,0.0154306666666666
6783.75,0.331333333333333,0.0177499999999999
6784,0.31098,0.0246606666666666
6784.25,0.314766666666667,0.0248973333333332
6784.5,0.290626666666667,0.0154306666666666
6784.75,0.305773333333333,0.0364939999999999
6785,0.273586666666667,0.0314293333333333
6785.25,0.270273333333333,0.0213899333333333
6785.5,0.23998,0.0211579999999999
6785.75,0.255126666666667,0.0164436
6786,0.22862,0.0254653333333333
6786.25,0.214893333333333,0.0166802666666666
6786.5,0.208266666666667,0.0176553333333332
6786.75,0.23572,0.0275006666666666
6787,0.262226666666667,0.0253706666666666
6787.25,0.292993333333333,0.016614
6787.5,0.28258,0.0102287333333333
6787.75,0.26696,0.0149431333333333
6788,0.226726666666667,0.0119516666666666
6788.25,0.227673333333333,0.0100299333333333
6788.5,0.232406666666667,0.0166613333333333
6788.75,0.22436,0.015762
6789,0.21158,0.0185546666666666
6789.25,0.19596,0.00603026666666664
6789.5,0.173902666666667,0.0103092
6789.75,0.141242666666667,0.00931993333333332
6790,0.113789333333333,0.0127752666666666
6790.25,0.0632846666666666,0.0105414173333333
6790.5,0.0494633333333333,0.0121362666666666
6790.75,0.0404226666666666,0.009217362
6791,0.039334,0.00974262
6791.25,0.0379613333333333,0.0109126999999999
6791.5,0.0395233333333333,0.0115682666666666
6791.75,0.0358786666666666,0.00960866666666664
6792,0.0355,0.0105222
6792.25,0.034222,0.0106547333333333
6792.5,0.0323286666666666,0.0111469999999999
6792.75,0.033796,0.0113599999999999
6793,0.0334173333333333,0.0103740466666666
6793.25,0.0347899999999999,0.0102050666666666
6793.5,0.0338433333333333,0.0101293333333333
6793.75,0.035784,0.0115398666666666
6794,0.0328966666666666,0.0113032
6794.25,0.0349793333333333,0.0116818666666666
6794.5,0.0331333333333333,0.0111138666666666
6794.75,0.0361153333333333,0.0111375333333332
6795,0.0324233333333333,0.0112937333333333
6795.25,0.0349319999999999,0.0109860666666666
6795.5,0.0324706666666666,0.00959588666666664
6795.75,0.0321393333333332,0.0095424
6796,0.0318079999999999,0.00995136
6796.25,0.0334646666666666,0.00961339999999993
6796.5,0.0328019999999999,0.0090312
6796.75,0.0324233333333333,0.00945246666666661
6797,0.0318079999999999,0.0104322666666666
6797.25,0.0321393333333332,0.00967872
6797.5,0.0326599999999999,0.00862271333333329
6797.75,0.0248026666666666,0.00400676666666664
6798,0.0228619999999999,0.00321866666666664
6798.25,0.0232406666666666,0.00335119999999993
6798.5,0.0211579999999999,0.00228146666666664
6798.75,0.0280213333333333,0.00436413333333325
6799,0.0226253333333333,0.003195
6799.25,0.0228146666666666,0.00230181999999996
6799.5,0.0229093333333333,0.00277373333333329
6799.75,0.0233353333333333,0.00362951999999989
6800,0.0238086666666666,0.00173713333333332
6800.25,0.0226726666666666,0.00308139999999996
6800.5,0.030814,0.00963706666666657
6800.75,0.0476173333333333,0.00988793333333329
6801,0.0797093333333333,0.0102997333333333
6801.25,0.0991633333333333,0.0121835999999999
6801.5,0.0990686666666666,0.00505046666666664
6801.75,0.10153,0.000780999999999964
6802,0.105174666666667,0.000478066666666572
6802.25,0.102855333333333,-0.00177026666666664
6802.5,0.108062,0.00480906666666661
6802.75,0.101814,0.00437833333333332
6803,0.0996366666666666,0.00121173333333325
6803.25,0.102808,0.00448672666666657
6803.5,0.100299333333333,0.00884186666666664
6803.75,0.0780526666666666,0.00252759999999996
6804,0.07455,0.000506466666666607
6804.25,0.0799933333333333,0.00374832666666661
6804.5,0.09372,0.0120132
6804.75,0.123445333333333,0.020164
6805,0.146307333333333,0.0204006666666666
6805.25,0.140438,0.0118854
6805.5,0.131444666666667,0.00990213333333325
6805.75,0.133906,0.0108819333333333
6806,0.127847333333333,0.0103991333333333
6806.25,0.133622,0.0110239333333333
6806.5,0.129456666666667,0.0130971333333332
6806.75,0.118806666666667,0.0057084
6807,0.122924666666667,0.00451086666666661
6807.25,0.147490666666667,0.0112700666666666
6807.5,0.134426666666667,0.0016614
6807.75,0.131586666666667,0.00292240733333329
6808,0.134616,0.00705739999999993
6808.25,0.130592666666667,0.00951399999999996
6808.5,0.136083333333333,0.00683493333333325
6808.75,0.131823333333333,0.0091164
6809,0.108062,0.00842769999999996
6809.25,0.111375333333333,0.00643733333333329
6809.5,0.102855333333333,0.00667494666666661
6809.75,0.101482666666667,0.00331806666666661
6810,0.1136,0.00702663333333325
6810.25,0.108440666666667,0.00855786666666661
6810.5,0.0779106666666666,0.00934359999999996
6810.75,0.0586459999999999,0.0204953333333333
6811,0.047428,0.0106357999999999
6811.25,0.0409906666666666,0.00977433333333325
6811.5,0.0454873333333333,0.00982923999999996
6811.75,0.0486586666666666,0.00942974666666664
6812,0.0456293333333333,0.00949033333333332
6812.25,0.0440673333333333,0.00974593333333332
6812.5,0.0479486666666666,0.00858011333333329
6812.75,0.0458659999999999,0.00822085333333332
6813,0.0394759999999999,0.00755534666666664
6813.25,0.0519246666666666,0.00903593333333329
6813.5,0.0480906666666666,0.00929626666666657
6813.75,0.043168,0.0113458
6814,0.0440673333333333,0.00900753333333325
6814.25,0.049416,0.00923473333333332
6814.5,0.0419373333333333,0.0106547333333333
6814.75,0.0478066666666666,0.0109339999999999
6815,0.04899,0.0106263333333332
6815.25,0.0425526666666666,0.00987846666666661
6815.5,0.0424579999999999,0.0118617333333332
6815.75,0.049416,0.0100867333333333
6816,0.0503153333333333,0.00959446666666657
6816.25,0.0421266666666666,0.0117292
6816.5,0.0434993333333333,0.0109813333333333
6816.75,0.0470493333333332,0.00898386666666661
6817,0.0421266666666666,0.0115635333333333
6817.25,0.0437359999999999,0.0108663133333333
6817.5,0.0480433333333333,0.0105411333333332
6817.75,0.0407066666666666,0.00969859999999993
6818,0.0400439999999999,0.0103092
6818.25,0.0481853333333333,0.0109008666666666
6818.5,0.046434,0.010437
6818.75,0.0419373333333333,0.0107494
6819,0.0407539999999999,0.0101719333333333
6819.25,0.0492266666666666,0.0111848666666666
6819.5,0.0410853333333332,0.0108582666666666
6819.75,0.0449666666666666,0.0115162
6820,0.0428366666666666,0.0114025999999999
6820.25,0.0473806666666666,0.00910219999999993
6820.5,0.0426946666666666,0.00916846666666657
6820.75,0.042316,0.0114120666666666
6821,0.0402806666666666,0.0113032
6821.25,0.041748,0.00861466666666657
6821.5,0.046008,0.0114215333333333
6821.75,0.0411799999999999,0.0130734666666666
6822,0.0355,0.00691066666666657
6822.25,0.0313819999999999,0.00439773999999996
6822.5,0.0339379999999999,0.00351165999999996
6822.75,0.0374406666666666,0.00365129333333329
6823,0.030388,0.00358313333333329
6823.25,0.0292519999999999,0.00350266666666657
6823.5,0.0295833333333332,0.00349035999999996
6823.75,0.0336066666666666,0.00440152666666657
6824,0.0361626666666666,0.00233353333333332
6824.25,0.0708106666666666,0.00322482
6824.5,0.150946,0.0145266
6824.75,0.143514666666667,0.00449666666666664
6825,0.145313333333333,0.00708390666666661
6825.25,0.1491,0.00761593333333332
6825.5,0.150993333333333,0.0107446666666666
6825.75,0.143988,0.00559479999999996
6826,0.132675333333333,0.000724199999999893
6826.25,0.150756666666667,0.0111091333333333
6826.5,0.146828,0.00442093333333332
6826.75,0.150851333333333,0.00428839999999993
6827,0.161454,0.00467653333333332
6827.25,0.154212,0.00519246666666661
6827.5,0.15265,0.00640893333333325
6827.75,0.154164666666667,0.00404226666666661
6828,0.159466,0.0115777333333333
6828.25,0.159892,0.00773521333333332
6828.5,0.17182,0.0175228
6828.75,0.167607333333333,0.0126379999999999
6829,0.185783333333333,0.0164719999999999
6829.25,0.192504666666667,0.0162353333333333
6829.5,0.186540666666667,0.0124770666666666
6829.75,0.173666,0.00449193333333325
6830,0.182943333333333,0.0114404666666666
6830.25,0.193877333333333,0.00825966666666661
6830.5,0.191368666666667,0.010224
6830.75,0.186114666666667,0.00645626666666664
6831,0.192315333333333,0.0104227999999999
6831.25,0.189002,0.00803719999999993
6831.5,0.185499333333333,0.00952819999999993
6831.75,0.161454,0.00540073333333332
6832,0.14768,0.00479486666666664
6832.25,0.151466666666667,0.009159
6832.5,0.117434,0.00693433333333332
6832.75,0.100488666666667,0.00516406666666657
6833,0.101198666666667,0.00467842666666657
6833.25,0.097128,0.00716153333333329
6833.5,0.0950926666666666,0.00403516666666657
6833.75,0.0985953333333332,0.00331333333333332
6834,0.101577333333333,0.0124013333333333
6834.25,0.0910693333333333,0.00292709333333329
6834.5,0.0935779999999999,0.00288259999999993
6834.75,0.103754666666667,0.0175228
6835,0.0922999999999999,0.0134142666666666
6835.25,0.0902173333333333,0.0131491999999999
6835.5,0.0826913333333333,0.00888446666666664
6835.75,0.073272,0.0124486666666666
6836,0.0705266666666666,0.0135042
6836.25,0.0629533333333333,0.00676866666666661
6836.5,0.0652253333333333,0.0101766666666666
6836.75,0.043026,0.0154306666666666
6837,0.0393813333333332,0.0111469999999999
6837.25,0.037062,0.0110476
6837.5,0.0361153333333333,0.00968439999999996
6837.75,0.0356419999999999,0.00850201333333332
6838,0.0377719999999999,0.00818582666666664
6838.25,0.0357366666666666,0.00939613999999993
6838.5,0.0360206666666666,0.00980699333333328
6838.75,0.0368253333333333,0.00955659999999996
6839,0.036352,0.00972699999999996
6839.25,0.0361153333333333,0.0109576666666666
6839.5,0.0335593333333333,0.00999206666666664
6839.75,0.0332753333333333,0.0103423333333333
6840,0.0321866666666666,0.0103281333333332
6840.25,0.0358313333333333,0.0113126666666666
6840.5,0.03337,0.00977906666666664
6840.75,0.035358,0.00960866666666664
6841,0.035074,0.0110428666666666
6841.25,0.0339379999999999,0.0110712666666666
6841.5,0.0355946666666666,0.00980320666666657
6841.75,0.032376,0.0105079999999999
6842,0.0319973333333333,0.0103044666666666
6842.25,0.0331806666666666,0.00980746666666657
6842.5,0.0374879999999999,0.0105837333333332
6842.75,0.034932,0.0118049333333333
6843,0.0319026666666666,0.00959446666666657
6843.25,0.0320446666666666,0.00960866666666664
6843.5,0.0348846666666666,0.0095424
6843.75,0.0319026666666666,0.0113405933333333
6844,0.032944,0.0113221333333333
6844.25,0.0317133333333333,0.0101151333333333
6844.5,0.0339853333333333,0.0101009333333333
6844.75,0.0313819999999999,0.0105032666666666
6845,0.0338906666666666,0.0113505333333332
6845.25,0.0324706666666666,0.0109529333333333
6845.5,0.0330859999999999,0.0100725333333332
6845.75,0.0260806666666666,0.00629533333333332
6846,0.0270273333333333,0.00623048666666664
6846.25,0.0273586666666666,0.00128746666666657
6846.5,0.035074,0.00309559999999993
6846.75,0.0561846666666666,0.00371093333333329
6847,0.0964345819848975,0.00293177209546921
6847.25,0.06177,0.00208266666666661
6847.5,0.146449333333333,0.00496526666666664
6847.75,0.185546666666667,0.0144082666666666
6848,0.18744,0.0081366
6848.25,0.20874,0.0131255333333333
6848.5,0.22436,0.0222797999999999
6848.75,0.220573333333333,0.0072846
6849,0.218206666666667,0.0125906666666666
6849.25,0.22152,0.00780526666666657
6849.5,0.212526666666667,0.0035784
6849.75,0.2272,0.00242583333333325
6850,0.266013333333333,0.00972226666666657
6850.25,0.22436,0.0010011
6850.5,0.20732,0.00637579999999993
6850.75,0.193593333333333,0.000137266666666572
6851,0.168506666666667,0.00115966666666657
6851.25,0.171346666666667,0.00708106666666657
6851.5,0.161974666666667,0.00711514666666657
6851.75,0.159702666666667,0.0175180666666666
6852,0.150472666666667,0.0202066
6852.25,0.133006666666667,0.00848686666666657
6852.5,0.138639333333333,0.00986426666666664
6852.75,0.152602666666667,0.0145123999999999
6853,0.181286666666667,0.0221993333333333
6853.25,0.202113333333333,0.0284946666666666
6853.5,0.249446666666667,0.0270273333333333
6853.75,0.284946666666667,0.026128
6854,0.27832,0.0267906666666666
6854.25,0.292993333333333,0.0358786666666666
6854.5,0.28258,0.0353106666666666
6854.75,0.302933333333333,0.0335593333333333
6855,0.292993333333333,0.0385293333333332
6855.25,0.26696,0.0258913333333333
6855.5,0.27832,0.0321866666666666
6855.75,0.28826,0.0267906666666666
6856,0.287313333333333,0.0273113333333333
6856.25,0.294886666666667,0.0260806666666666
6856.5,0.278793333333333,0.0300566666666666
6856.75,0.252286666666667,0.0147064666666666
6857,0.252286666666667,0.0245659999999999
6857.25,0.206373333333333,0.0212053333333333
6857.5,0.206373333333333,0.0132438666666666
6857.75,0.16898,0.021442
6858,0.159986666666667,0.0183653333333333
6858.25,0.159797333333333,0.00975066666666661
6858.5,0.186966666666667,0.0245186666666666
6858.75,0.205426666666667,0.029962
6859,0.24708,0.0344113333333333
6859.25,0.26412,0.0225779999999999
6859.5,0.23998,0.0115966666666666
6859.75,0.21726,0.00198799999999993
6860,0.202586666666667,0.0234773333333333
6860.25,0.17608,0.0116108666666666
6860.5,0.169926666666667,0.0100867333333333
6860.75,0.158046,0.020448
6861,0.142662666666667,0.0173713333333333
6861.25,0.127847333333333,0.0126758666666666
6861.5,0.112416666666667,0.0116298
6861.75,0.108156666666667,0.0308613333333332
6862,0.0642786666666666,0.00628586666666664
6862.25,0.0584566666666666,0.00705266666666664
6862.5,0.0457713333333332,0.0116203333333333
6862.75,0.0416059999999999,0.0114736
6863,0.0355946666666666,0.00918976666666657
6863.25,0.0361153333333333,0.00910882666666657
6863.5,0.0376773333333333,0.0103234
6863.75,0.0385293333333332,0.0108710466666666
6864,0.0347426666666666,0.00917793333333325
6864.25,0.034648,0.00948559999999993
6864.5,0.036352,0.0112842666666666
6864.75,0.0362573333333333,0.0122990933333333
6865,0.0392866666666666,0.0125812
6865.25,0.0363993333333332,0.01207
6865.5,0.0361153333333333,0.0124216866666666
6865.75,0.0370146666666666,0.0138544666666666
6866,0.041464,0.0136272666666666
6866.25,0.0381979999999999,0.012922
6866.5,0.0354526666666666,0.0126995333333333
6866.75,0.037204,0.0135278666666666
6867,0.0382453333333333,0.0140911333333333
6867.25,0.0403279999999999,0.0139964666666666
6867.5,0.0365413333333333,0.01322446
6867.75,0.0372513333333332,0.0138267766666666
6868,0.0365413333333333,0.0129139533333333
6868.25,0.0362573333333333,0.0121234866666666
6868.5,0.0374406666666666,0.0138923333333333
6868.75,0.0386713333333333,0.0137314
6869,0.0371566666666666,0.0131397333333332
6869.25,0.034932,0.0121507506666666
6869.5,0.0352159999999999,0.0115256666666666
6869.75,0.0266959999999999,0.00478066666666657
6870,0.0321866666666666,0.00835433333333329
6870.25,0.0305773333333333,0.0020022
6870.5,0.0322339999999999,0.00159986666666664
6870.75,0.0497473333333333,0.00706686666666661
6871,0.0976486666666666,0.00291573333333325
6871.25,0.0983113333333333,0.00262699999999993
6871.5,0.130734666666667,0.000250866666666607
6871.75,0.171346666666667,0.00691066666666657
6872,0.22294,0.0159702666666666
6872.25,0.22294,0.00860046666666661
6872.5,0.257493333333333,0.0204953333333333
6872.75,0.249446666666667,0.0178162666666666
6873,0.230986666666667,0.0116392666666666
6873.25,0.2556,0.0101567866666666
6873.5,0.2485,0.00941933333333328
6873.75,0.266013333333333,0.0111848666666666
6874,0.27548,0.00389884666666657
6874.25,0.285893333333333,0.00876139999999993
6874.5,0.276426666666667,0.0192552
6874.75,0.264593333333333,0.0149336666666666
6875,0.27122,0.0223886666666666
6875.25,0.189333333333333,0.000676639466666643
6875.5,0.19454,0.0202586666666666
6875.75,0.172766666666667,0.0105079999999999
6876,0.1917,0.0137834666666666
6876.25,0.18389,0.00212289999999996
6876.5,0.182233333333333,0.0116534666666666
6876.75,0.1633,0.0142094666666666
6877,0.164341333333333,0.0103518
6877.25,0.183653333333333,0.0156436666666666
6877.5,0.214893333333333,0.0139159999999999
6877.75,0.27548,0.0112558666666666
6878,0.315713333333333,0.0063048
6878.25,0.333226666666667,0.00504099999999996
6878.5,0.340326666666667,0.00481806
6878.75,0.326126666666667,0.00148863333333325
6879,0.3266,0.0126664
6879.25,0.317133333333333,0.0127326666666666
6879.5,0.308613333333333,-0.00265066666666657
6879.75,0.379613333333333,0.0623853333333333
6880,0.31098,-0.00357366666666661
6880.25,0.371093333333333,0.0567053333333333
6880.5,0.296306666666667,-0.00241399999999993
6880.75,0.292046666666667,-0.00217733333333329
6881,0.274533333333333,0.00633319999999993
6881.25,0.234773333333333,0.000814133333333286
6881.5,0.212526666666667,-0.000989266666666572
6881.75,0.183653333333333,0.000428981999999893
6882,0.218206666666667,0.024424
6882.25,0.16898,-0.000653199999999964
6882.5,0.156153321700762,0.00864732723626152
6882.75,0.215366666666667,0.018886
6883,0.268853333333333,0.03337
6883.25,0.267433333333333,0.00877086666666661
6883.5,0.24992,0.0103423333333333
6883.75,0.165240666666667,0.00544333333333332
6884,0.23856,0.0133811333333333
6884.25,0.0418846482412059,0.0116955552763818
6884.5,0.267736350921805,0.0276723966942148
6884.75,0.173524,0.0199841333333333
6885,0.185120666666667,0.00752599999999993
6885.25,0.174049495302013,0.017419111409396
6885.5,0.120652666666667,0.00667399999999993
6885.75,0.0417779913793103,0.0163227843869731
6886,0.0779106666666666,0.00620066666666664
6886.25,0.0764906666666666,0.00682073333333329
6886.5,0.0609179999999999,0.0146827999999999
6886.75,0.0369673333333333,0.00923946666666661
6887,0.0413693333333333,0.0110949333333332
6887.25,0.0390973333333333,0.0125244
6887.5,0.0368726666666666,0.0119327333333333
6887.75,0.0418426666666666,0.0106594666666666
6888,0.0358786666666666,0.0107351999999999
6888.25,0.033654,0.0105624333333333
6888.5,0.0365413333333333,0.0109765999999999
6888.75,0.0330386666666666,0.0105364
6889,0.034932,0.0121504666666666
6889.25,0.0359733333333332,0.0095424
6889.5,0.0359733333333332,0.0114877999999999
6889.75,0.034932,0.0112274666666666
6890,0.037914,0.0116108666666666
6890.25,0.0348373333333333,0.00985006666666657
6890.5,0.032376,0.00898812666666661
6890.75,0.0355473333333333,0.00944299999999993
6891,0.0351686666666666,0.0103470666666666
6891.25,0.0351686666666666,0.0113032
6891.5,0.0358786666666666,0.00940513333333332
6891.75,0.0334646666666666,0.0089886
6892,0.0348373333333333,0.0112369333333333
6892.25,0.034932,0.0102523999999999
6892.5,0.0372513333333332,0.00913059999999996
6892.75,0.0321393333333332,0.00827386666666657
6893,0.0355,0.0109358933333333
6893.25,0.0361153333333333,0.00991633333333332
6893.5,0.034648,0.00855876599999989
6893.75,0.0265066666666666,0.00496905333333325
6894,0.0301986666666666,0.00431112
6894.25,0.0319973333333333,0.0013206
6894.5,0.0355946666666666,0.00270273333333325
6894.75,0.0561846666666666,0.00787153333333332
6895,0.0983113333333333,-0.000496999999999929
6895.25,0.0972226666666667,0.0054102
6895.5,0.145266,0.0119422
6895.75,0.153218,-0.00502206666666661
6896,0.167086666666667,0.0104275333333333
6896.25,0.18034,0.00790939999999993
6896.5,0.226253333333333,0.0211579999999999
6896.75,0.212053333333333,0.00899333333333329
6897,0.222466666666667,0.0149573333333333
6897.25,0.235246666666667,0.00706686666666661
6897.5,0.24282,0.00174186666666661
6897.75,0.218206666666667,-0.00541966666666657
6898,0.23572,0.0239506666666666
6898.25,0.22436,0.00244713333333325
6898.5,0.257966666666667,0.0145975999999999
6898.75,0.213,-0.00364466666666664
6899,0.213946666666667,0.00137739999999996
6899.25,0.199273333333333,0.0146969999999999
6899.5,0.19454,0.00310033333333332
6899.75,0.198326666666667,0.009159
6900,0.213473333333333,0.0181759999999999
6900.25,0.1988,0.0155016666666666
6900.5,0.215366666666667,0.0202586666666666
6900.75,0.236666666666667,0.0366833333333333
6901,0.236193333333333,0.046008
6901.25,0.267906666666667,0.0467179999999999
6901.5,0.327546666666667,0.0422686666666666
6901.75,0.3408,0.0266486666666666
6902,0.39334,0.061912
6902.25,0.392866666666667,0.0282106666666666
6902.5,0.39902,0.02698
6902.75,0.43878,0.0416059999999999
6903,0.407066666666667,0.0269326666666666
6903.25,0.417953333333333,0.02556
6903.5,0.387186666666667,0.0260333333333333
6903.75,0.375353333333333,0.0249919999999999
6904,0.362573333333333,0.0307666666666666
6904.25,0.318553333333333,0.0238086666666666
6904.5,0.32092,0.0385766666666666
6904.75,0.312873333333333,0.0385293333333332
6905,0.273113333333333,0.0360679999999999
6905.25,0.228146666666667,0.0260806666666666
6905.5,0.223413333333333,0.033796
6905.75,0.270273333333333,0.0284473333333333
6906,0.269326666666667,0.0314766666666666
6906.25,0.26838,0.0281633333333333
6906.5,0.265066666666667,0.0281633333333333
6906.75,0.274533333333333,0.0325653333333333
6907,0.409906666666667,0.0513566666666666
6907.25,0.4189,0.03834
6907.5,0.412273333333333,0.0364466666666666
6907.75,0.38624,0.0226253333333333
6908,0.317606666666667,0.0104038666666666
6908.25,0.309086666666667,0.019596
6908.5,0.3053,0.0193593333333332
6908.75,0.27974,0.020874
6909,0.258771333333333,0.019312
6909.25,0.209024,0.0111564666666666
6909.5,0.183227333333333,0.00867619999999993
6909.75,0.168080666666667,0.0253706666666666
6910,0.123966,0.0172482666666666
6910.25,0.0918266666666666,0.0137455999999999
6910.5,0.0568946666666666,0.0123397999999999
6910.75,0.0462446666666666,0.0141384666666666
6911,0.0404226666666666,0.0139775333333333
6911.25,0.0401386666666666,0.0136272666666666
6911.5,0.0409433333333333,0.0142283999999999
6911.75,0.0394759999999999,0.0133054
6912,0.0386713333333333,0.0109624
6912.25,0.0407539999999999,0.0119422
6912.5,0.037204,0.0111233333333333
6912.75,0.0379613333333333,0.0118664666666666
6913,0.0377246666666666,0.0119989999999999
6913.25,0.0387186666666666,0.0134521333333333
6913.5,0.0393813333333332,0.0128036666666666
6913.75,0.0393813333333332,0.0141337333333333
6914,0.0397126666666666,0.0150283333333333
6914.25,0.0374406666666666,0.0124581333333332
6914.5,0.037062,0.0120463333333333
6914.75,0.03834,0.0135515333333333
6915,0.04189,0.0151419333333333
6915.25,0.0390973333333333,0.0140863999999999
6915.5,0.0395233333333333,0.0144556
6915.75,0.039192,0.0147679999999999
6916,0.0390499999999999,0.0140722
6916.25,0.0371093333333333,0.0133621999999999
6916.5,0.0342693333333332,0.0137834666666666
6916.75,0.0345533333333333,0.0138592
6917,0.0354053333333333,0.0128652
6917.25,0.039334,0.0150898666666666
6917.5,0.0384346666666666,0.0133006666666666
6917.75,0.0403279999999999,0.0137408666666666
6918,0.0410853333333332,0.0130024666666666
6918.25,0.04402,0.0110949333333332
6918.5,0.0458659999999999,0.0115209333333333
6918.75,0.0561846666666666,0.0139728
6919,0.109103333333333,0.00515933333333329
6919.25,0.135231333333333,0.0126379999999999
6919.5,0.18034,0.00987373333333332
6919.75,0.219626666666667,0.00972226666666657
6920,0.239033333333333,0.00633319999999993
6920.25,0.23998,0.00706686666666661
6920.5,0.2556,0.0141100666666666
6920.75,0.273586666666667,0.00569893333333332
6921,0.294413333333333,0.0129030666666666
6921.25,0.260806666666667,0.00671186666666664
6921.5,0.275006666666667,0.00878033333333329
6921.75,0.263646666666667,0.00972699999999996
6922,0.280686666666667,0.0125196666666666
6922.25,0.267906666666667,0.00921106666666657
6922.5,0.25276,0.00321393333333325
6922.75,0.259386666666667,-0.00170873333333329
6923,0.25418,0.00814606666666657
6923.25,0.21726,0.00600659999999989
6923.5,0.212526666666667,0.00150993333333325
6923.75,0.223413333333333,0.0132817333333333
6924,0.189333333333333,0.00993526666666657
6924.25,0.178446666666667,0.0154732666666666
6924.5,0.1633,0.0122971999999999
6924.75,0.161028,0.0146165333333333
6925,0.197853333333333,0.0246606666666666
6925.25,0.212053333333333,0.0211106666666666
6925.5,0.23856,0.0143751333333332
6925.75,0.304353333333333,0.023856
6926,0.344586666666667,0.0338433333333333
6926.25,0.405646666666667,0.0537233333333333
6926.5,0.398546666666667,0.0382453333333333
6926.75,0.370146666666667,0.037488
6927,0.353106666666667,0.0250866666666666
6927.25,0.37488,0.0376773333333333
6927.5,0.387186666666667,0.0432153333333332
6927.75,0.363046666666667,0.0252286666666666
6928,0.419373333333333,0.04686
6928.25,0.40612,0.0390973333333333
6928.5,0.36494,0.0375353333333333
6928.75,0.346006666666667,0.040044
6929,0.3266,0.0464813333333333
6929.25,0.319026666666667,0.0458186666666666
6929.5,0.242346666666667,0.031098
6929.75,0.1988,0.0244713333333333
6930,0.17892,0.01207
6930.25,0.185546666666667,0.022152
6930.5,0.200693333333333,0.0124155333333332
6930.75,0.224833333333333,0.0144319333333333
6931,0.281633333333333,0.0195486666666666
6931.25,0.365413333333333,0.0405173333333333
6931.5,0.351213333333333,0.0266013333333332
6931.75,0.320446666666667,0.0140248666666666
6932,0.28542,0.0128888666666666
6932.25,0.277846666666667,0.019312
6932.5,0.252286666666667,0.0123208666666666
6932.75,0.245186666666667,0.0196433333333333
6933,0.22862,0.0140674666666666
6933.25,0.23856,0.0231933333333332
6933.5,0.191226666666667,0.0216313333333333
6933.75,0.136651333333333,0.0137787333333332
6934,0.122025333333333,0.00828806666666664
6934.25,0.110996666666667,0.0195013333333333
6934.5,0.077674,0.00933886666666657
6934.75,0.0673553333333333,0.0218206666666666
6935,0.0492266666666666,0.0138024
6935.25,0.0377719999999999,0.00961813333333332
6935.5,0.0411326666666666,0.0129882666666666
6935.75,0.0419486869369369,0.0106864754504504
6936,0.0334363307931131,0.00996941800733838
6936.25,0.0365258446771378,0.0117346974403722
6936.5,0.0452245279680365,0.0104875348173516
6936.75,0.0330964265734265,0.0105548202797202
6937,0.0395106584723442,0.00896806672519749
6937.25,0.0370318487492728,0.00876246561954621
6937.5,0.0361307490438364,0.0111277032068255
6937.75,0.037488,0.0150946
6938,0.0354684724689164,0.0112222246891651
6938.25,0.0355628288610614,0.0129530037567084
6938.5,0.034806200774501,0.00867317557342858
6938.75,0.0409534362700575,0.0169062973054798
6939,0.037062,0.0134947333333333
6939.25,0.0402910357470211,0.0139836376413076
6939.5,0.033228,0.00709526666666664
6939.75,0.0411326666666666,0.0177736666666666
6940,0.0428928988361683,0.0165092734109221
6940.25,0.0385032387749033,0.0166910591733571
6940.5,0.0396653333333333,0.013987
6940.75,0.0328135250074872,0.0106454282719376
6941,0.0377854450418159,0.0137616577060932
6941.25,0.0381299715048975,0.00721965259720981
6941.5,0.0356785043050429,0.00758227601476009
6941.75,0.0339230891330891,0.0118400085470085
6942,0.0279064740061162,0.00351608501529042
6942.25,0,0
6942.5,0,0
6942.75,0,0
6943,0,0
6943.25,0,0
6943.5,0,0
6943.75,0,0
6944,0,0
6944.25,0,0
6944.5,0,0
6944.75,0,0
6945,0,0
6945.25,0,0
6945.5,0,0
6945.75,0.0257629738822487,0.00585622080566619
6946,0.0555585795566019,-0.0021949294094565
6946.25,0.129493548016101,0.00243210044086635
6946.5,0.0608345272128607,-0.000222854464458615
6946.75,0.0415805295128939,0.00595421868194838
6947,0.0606105266433294,-0.00162163889537139
6947.25,0.136761458574181,0.00326594527938339
6947.5,0.0486698992203841,0.000269338277238955
6947.75,0.034389086390992,0.00539348171228882
6948,0.130752869666861,0.00306540736411447
6948.25,0.1284617001001,0.00713089601601593
6948.5,0.0299134372294371,0.000461718078746617
6948.75,0.0571488722669735,-0.0013294729574223
6949,0.065805532361516,0.00584779459669572
6949.25,0.10355957514881,0.0150430431175595
6949.5,0.153328133552271,0.0139363478927203
6949.75,0.104995311851447,0.0131942687784453
6950,0.190559276406036,0.0135744646776406
6950.25,0.231255568763414,-0.000186040630675225
6950.5,0.200892433862434,-0.0048384753174603
6950.75,0.0407781623640201,0.00417750673810675
6951,0.276171307159353,0.0312111408775981
6951.25,0.214826869070209,-0.00621243263757112
6951.5,0.252638305247954,0.0253111410688493
6951.75,0.035902533200861,0.00516009988408676
6952,0.038786041185334,0.00265747543947763
6952.25,0.175629517241379,-0.00235612275862063
6952.5,0.0291576385455847,0.00256672007164603
6952.75,0.0360085472527472,0.00415846739926737
6953,0.166887485458613,-0.00454025145413864
6953.25,0.0275490065286326,0.00239577123670947
6953.5,0.205183410672854,0.0169806960556844
6953.75,0.028822653776435,0.0037198345740181
6954,0.152413333333333,0.00682073333333329
6954.25,0.13632,0.00661246666666657
6954.5,0.156649773341919,0.0240693017385705
6954.75,0.178558126171143,0.0260495940037476
6955,0.037914,0.00494775333333325
6955.25,0.206971123144805,0.011764674368231
6955.5,0.0639749096258932,0.0116571255989911
6955.75,0.0597158051865907,0.00881044344086018
6956,0.195150997224002,0.0325804945547725
6956.25,0.0443702242152466,0.0142496681614349
6956.5,0.0404563591672936,0.015166408477552
6956.75,0.0401243650306748,0.0159504984662576
6957,0.0404385185185184,0.0161754074074074
6957.25,0.0399937875101378,0.0159691841038118
6957.5,0.0422045451559934,0.0158647265462507
6957.75,0.0428366666666666,0.0163110666666666
6958,0.03976,0.0144508666666666
6958.25,0.0397623765690376,0.00836186309623424
6958.5,0.0357038248048569,0.00879082220294877
6958.75,0.0399207679767103,0.00975893863173212
6959,0.0425430488021295,0.00775060443655718
6959.25,0.0370536470588234,0.00792377990950226
6959.5,0.042174,0.00782893333333332
6959.75,0.037062,0.00641461333333332
6960,0.0494605189189188,0.0137864090090089
6960.25,0.0385880110192837,0.00683477685950404
6960.5,0.0408660817610063,0.0098125840251572
6960.75,0.0374054449670742,0.00808638570084656
6961,0.0341150483460559,0.00753571959287526
6961.25,0.037286311111111,0.00776995555555555
6961.5,0.0376802574002573,0.0150911093951093
6961.75,0.0317250399221032,0.0067064926971762
6962,0.0392684721951219,0.017438426601626
6962.25,0.0424876875407697,0.00830764840182639
6962.5,0.0348788180076628,0.0129367848659003
6962.75,0.034506,0.00987846666666661
6963,0.040896,0.00789993333333325
6963.25,0.0391625440313111,0.0174176477495108
6963.5,0.0386991764705881,0.00709799529411755
6963.75,0.0431206666666666,0.00791886666666661
6964,0.040186,0.00840639999999996
6964.25,0.0368519256281407,0.0139439718592964
6964.5,0.0388606666666666,0.00700533333333325
6964.75,0.0407539999999999,0.00722779999999993
6965,0.033042832,0.00688392333333325
6965.25,0.042174,0.0145644666666666
6965.5,0.0388806923076923,0.0150015857988165
6965.75,0.0392011627756161,0.005910911154345
6966,0.0325991088777219,0.0113665353299832
6966.25,0.0263362564655172,0.00359014713362059
6966.5,0.0359079847062912,0.00297739005908924
6966.75,0.026554,0.00335877333333325
6967,0.0316474697127033,0.00528087628937349
6967.25,0.0250134395036193,0.00212306887280243
6967.5,0.0273586666666666,0.00146733333333325
6967.75,0.0361489946879149,0.00619157715803443
6968,0.0243485063291139,0.00450984810126578
6968.25,0.0378565784966698,-0.00172161826831579
6968.5,0.0303395207945375,0.00659310142768456
6968.75,0.0221581438147471,0.00134090054844598
6969,0.0294968428260193,0.0055774974789915
6969.25,0.0285893333333333,0.00771533333333329
6969.5,0.0243864971027752,0.000964006343397276
6969.75,0.0243982580454679,0.000331626808384993
6970,0.0301479699595609,0.00780889664933559
6970.25,0.0908113369239975,-0.00420510353081979
6970.5,0.0576046666666666,0.031098
6970.75,0.0238254953495349,-0.000637403192319225
6971,0.022458857913669,-0.00168173268884892
6971.25,0.029657051944197,0.0049507379044226
6971.5,0.0340910291262136,0.00560670644307148
6971.75,0.0297253333333333,0.00801921333333325
6972,0.0640479952760555,0.0114478748154709
6972.25,0.022152,0.00155726666666664
6972.5,0.0424263895652173,0.00384400173913041
6972.75,0.0226577105030891,0.00169101571050305
6973,0.0249432270353302,0.00145391509677413
6973.25,0.0245744432432431,0.00361460872072062
6973.5,0.187403481961147,0.0125347774283071
6973.75,0.173666,0.00449193333333325
6974,0.0270058953662182,0.00523001494768308
6974.25,0.0397959493670886,0.00275255316455694
6974.5,0.0571341176470588,0.000919072870939354
6974.75,0.0411010544584081,0.00101376272890481
6975,0.0420888170110811,0.00166463635819104
6975.25,0.0246629284679988,0.00159115667535467
6975.5,0.0478028355091384,0.00549944125326362
6975.75,0.0342638955613576,0.00370638537859005
6976,0.0238812013651876,0.000540617747440183
6976.25,0.0207319999999999,-0.000429786666666607
6976.5,0.0352832459770114,0.00329153062068958
6976.75,0.0316076180371353,0.00313465941644561
6977,0.0546680105078808,0.0024784719789842
6977.25,0.0255889744942831,0.00349810235121665
6977.5,0.094274313253012,0.00400044061962132
6977.75,0.0418279315942029,0.00245019147826085
6978,0.0324385675430644,0.00359634632819578
6978.25,0.0258210584958217,-0.00188911420612807
6978.5,0.0238338495821726,0.00550211983905908
6978.75,0.0403493708068902,0.00373019066183132
6979,0.0372028652968036,0.00899383989726027
6979.25,0.03131441580756,0.00606981683848795
6979.5,0.037203273657289,0.00608566240409198
6979.75,0.0362716767676767,0.00957420144300143
6980,0.0493387719298245,0.0152393526028185
6980.25,0.0306246666666666,0.00551906666666664
6980.5,0.0375826666666666,0.0103896666666666
6980.75,0.0351233421750662,0.0110313660477453
6981,0.0369010242152466,0.00981822385650222
6981.25,0.0381159842424242,0.0147120132727272
6981.5,0.0338963209653092,0.00792948561085967
6981.75,0.0311802791551882,0.00634892561983466
6982,0.0350769500775194,0.0115958036589146
6982.25,0.0319844888888889,0.00908510666666666
6982.5,0.0383288601134215,0.0152510013232514
6982.75,0.038975405921681,0.0163885676536135
6983,0.0348990763430725,0.0105501137291863
6983.25,0.0401066761723701,0.0176977173637516
6983.5,0.0391253134040501,0.0162571605271616
6983.75,0.0488484152046783,0.00859713118908372
6984,0.0391333528455284,0.016398289300813
6984.25,0.0323794011976047,0.00673777245508979
6984.5,0.031301984126984,0.00678209656084651
6984.75,0.0374872611382113,0.0155016158699186
6985,0.0345328886712373,0.011677879725759
6985.25,0.0470529347826086,0.00718201014492749
6985.5,0.0461076366666666,0.00849863373333325
6985.75,0.0475220946626384,0.00877149110439741
6986,0.033681771390816,0.0110398737363726
6986.25,0.0392710958627648,0.0172593620585267
6986.5,0.0384432076612903,0.016365552486559
6986.75,0.0319353203684749,0.00699828904810638
6987,0.0340083378238342,0.00866097975820372
6987.25,0.0313379848797251,0.00672957030927831
6987.5,0.0392508744855966,0.0173322346364883
6987.75,0.0367791086218601,0.0101719429735233
6988,0.0466223200815494,0.00832878491335369
6988.25,0.0326869917355371,0.00623036735537183
6988.5,0.048564,0.00931993333333332
6988.75,0.0328760742268041,0.00898423752577317
6989,0.0383718655635987,0.0164396645294725
6989.25,0.0313034959349592,0.00996494620596201
6989.5,0.028385706997587,0.00258948135815232
6989.75,0.0283999999999999,0.00459606666666661
6990,0.0414653921568627,0.00580515490196077
6990.25,0.0255667139479905,0.0041639905437352
6990.5,0.0257803940490551,0.00534564053075985
6990.75,0.0398018960096734,0.00659601160822241
6991,0.0266832165450121,0.00618327656123276
6991.25,0.0223825172824791,0.00524147556615011
6991.5,0.0883259722222221,0.0152368253968254
6991.75,0.0256378545887962,0.00603271513706788
6992,0.0393435103926097,0.00580986605080825
6992.25,0.0258439999999999,0.00624799999999993
6992.5,0.028195962207105,0.00803561148903999
6992.75,0.0248512792792792,0.00509733626126123
6993,0.0289618712909441,0.0089810102504817
6993.25,0.0280105142857142,0.00808570179047613
6993.5,0.0276056891943489,0.0081342306223749
6993.75,0.0328589843451698,0.00522434211531118
6994,0.0301986666666666,0.00303690666666661
6994.25,0.0274999084668192,0.00704655774218147
6994.5,0.0271557404464623,0.00781778071888002
6994.75,0.0253956903669724,0.00570794077981646
6995,0.0315225526613816,0.00528203012457526
6995.25,0.0334806048964218,0.00455641898305083
6995.5,0.0295547847533631,0.00457316412556046
6995.75,0.0371370256410255,0.00470386615384611
6996,0.0221046666666666,0.002982
6996.25,0.0352795393180236,0.00534339972164227
6996.5,0.025160388090349,0.00124174188911703
6996.75,0.0305149545913218,0.00317632936427842
6997,0.0313954358974358,0.00509758974358967
6997.25,0.0265661433770014,0.00512721797671033
6997.5,0.026404286419753,0.00604667555555552
6997.75,0.0271506399155227,0.00620389752903903
6998,0.0274068417015341,0.00651321025104598
6998.25,0.0263929246159342,0.00484265151839933
6998.5,0.0424870521920668,0.00759999415448851
6998.75,0.0244456551241692,0.00456760209863584
6999,0.0259244072524407,0.005717510181311
6999.25,0.0272088186528497,0.00612314300518127
6999.5,0.0246156144578312,0.00477393734939749
6999.75,0.0273442754208754,0.00693588242424236
7000,0.0283999999999999,0.0071568
7000.25,0.0402286937782412,0.00553263983315951
7000.5,0.0259881558704453,0.00344498611336025
7000.75,0.0287593093151574,0.00479479753326836
7001,0.0277023823626193,0.00554283613030592
7001.25,0.0410982511880515,0.0051670454854039
7001.5,0.0262538593333333,0.00409284848666664
7001.75,0.0268853333333333,0.00563787333333325
7002,0.0268482091503267,0.00488494849673196
7002.25,0.0449704661508703,0.00803888459058665
7002.5,0.0274095337262606,0.00497096247544194
7002.75,0.0271275273401297,0.00439361423540315
7003,0.0371070639269406,0.00897067979452051
7003.25,0.0248913361678004,0.00310066740362803
7003.5,0.0377409237693389,0.0113649490295358
7003.75,0.0365996753428491,0.00762414016232852
7004,0.0385646232741617,0.00711925742462656
7004.25,0.0306779269565217,0.00552866504347816
7004.5,0.0450860236447519,0.00904553102652822
7004.75,0.0316759987911755,0.00553381595648224
7005,0.0338269204025617,0.0087883665751753
7005.25,0.0403753333333333,0.0166187333333333
7005.5,0.05112,0.0157856666666666
7005.75,0.0480075447154471,0.00734510713640462
7006,0.0364798,0.0154381748623852
7006.25,0.0380423622931441,0.0150321812647753
7006.5,0.0414739020138263,0.00922640625187852
7006.75,0.036411177203918,0.00760295565449681
7007,0.0410212966305655,0.00650487304452458
7007.25,0.0353749848208864,0.00733106253794778
7007.5,0.0353610156971375,0.00835848975069247
7007.75,0.0366551608133086,0.0156985855822551
7008,0.0391083880135928,0.00966218360210064
7008.25,0.0336539999999999,0.0115384466666666
7008.5,0.0363993333333332,0.0167607333333332
7008.75,0.0404727203065134,0.00823572796934855
7009,0.036636,0.00669766666666657
7009.25,0.038106779935275,0.0158833203883494
7009.5,0.0388429750164365,0.0164570297830375
7009.75,0.0471452678571428,0.00746349464285705
7010,0.0393428374063213,0.00710724574780053
7010.25,0.0377617607341855,0.0152800098328416
7010.5,0.0377450320890634,0.0156129325474786
7010.75,0.0383762873220787,0.016458429857663
7011,0.0385854915254236,0.0164082911266201
7011.25,0.0459142018348623,0.00762402487257893
7011.5,0.0440673333333333,0.00607759999999993
7011.75,0.0459125573770492,0.00797303811475407
7012,0.0388553759148369,0.0167873949434464
7012.25,0.0383913253012048,0.0162457409638553
7012.5,0.0380374081496326,0.0159453573814294
7012.75,0.0452017507598784,0.00606480513340081
7013,0.0454258335018536,0.00692839393326585
7013.25,0.03868085546875,0.00874811523437496
7013.5,0.0352526633565044,0.00830584839457126
7013.75,0.033794347089947,0.00792776733686063
7014,0.0404226666666666,0.00226253333333329
7014.25,0.0380086666666666,0.000610599999999964
7014.5,0.0388606666666666,0.000709999999999929
7014.75,0.0520193333333333,0.000454399999999929
7015,0.0913533333333332,0.00631899999999996
7015.25,0.072988,0.00279266666666664
7015.5,0.092032401016401,0.00237635901131899
7015.75,0.103369834210526,0.00471586359649121
7016,0.172443335412768,0.017570322312331
7016.25,0.140598499396864,0.00896542436670678
7016.5,0.139806675675676,0.0159176909534534
7016.75,0.0357334759517176,0.00517945329619307
7017,0.146654359526372,0.0117276179763186
7017.25,0.128258735655738,0.00446800672131144
7017.5,0.17892,-0.00261279999999996
7017.75,0.19028,-0.00160933333333332
7018,0.241873333333333,0.0346006666666666
7018.25,0.1562,-0.00650833333333332
7018.5,0.230513333333333,0.0327073333333333
7018.75,0.20191595703125,0.0100910691406249
7019,0.17892,-0.00833066666666664
7019.25,0.181464224616389,0.013124174991838
7019.5,0.172908666666667,-0.00591666666666661
7019.75,0.160854055829228,-0.0042389774712643
7020,0.121504666666667,-0.000331333333333322
7020.25,0.148626666666667,0.01917
7020.5,0.124723333333333,0.00283999999999993
7020.75,0.130829333333333,0.0218206666666666
7021,0.133811333333333,-0.000236666666666643
7021.25,0.167910635000842,0.0149232935152433
7021.5,0.205426666666667,0.031098
7021.75,0.220428098238811,0.00557497414768129
7022,0.244713333333333,0.00348136666666657
7022.25,0.254653333333333,0.018886
7022.5,0.22862,-0.00517495333333332
7022.75,0.24566,0.0097554
7023,0.280686666666667,0.00991159999999993
7023.25,0.244713333333333,0.00655282666666657
7023.5,0.218206666666667,0.00636633333333325
7023.75,0.20874,0.00053013333333325
7024,0.226253333333333,0.0110239333333333
7024.25,0.18034,0.00828806666666664
7024.5,0.18744,0.006603
7024.75,0.22862,0.0234773333333333
7025,0.200504,0.00129835333333332
7025.25,0.189759333333333,0.00787626666666661
7025.5,0.18602,0.0128178666666666
7025.75,0.19596,0.0123066666666666
7026,0.19738,0.0177547333333333
7026.25,0.177405333333333,0.00727039999999993
7026.5,0.180245333333333,0.0139159999999999
7026.75,0.196906666666667,0.0169642666666666
7027,0.207793333333333,0.00425999999999989
7027.25,0.20448,-0.000141999999999965
7027.5,0.0332185089974293,0.00631151670951154
7027.75,0.182233333333333,0.00113599999999993
7028,0.162353333333333,0.000922999999999929
7028.25,0.159986666666667,-0.000851999999999893
7028.5,0.043700149146451,0.0130816064690026
7028.75,0.036427628294036,0.0113124861303744
7029,0.076268054722817,0.0071764968831786
7029.25,0.181239333333333,0.0267906666666666
7029.5,0.0473456217948718,0.0143030130177514
7029.75,0.177370343316289,0.0215682337472607
7030,0.0754493333333333,0.00563266666666657
7030.25,0.0649413333333333,0.00628065999999996
7030.5,0.0470493333333332,0.00875666666666664
7030.75,0.0432382489829129,0.0172099609438568
7031,0.0363993333333332,0.0101624666666666
7031.25,0.0381807297297297,0.0172947364864864
7031.5,0.0359105022182786,0.0102851847382431
7031.75,0.040044,0.0147253999999999
7032,0.0375353333333333,0.00848213333333329
7032.25,0.0376978018018017,0.00772923483483473
7032.5,0.0363853198900091,0.0112946097158569
7032.75,0.037831343283582,0.016243833022388
7033,0.0367392969924811,0.00671655106516288
7033.25,0.0346655226491721,0.00949863773820671
7033.5,0.0339959182446648,0.0125903764352269
7033.75,0.0406691490015361,0.0140403143471582
7034,0.0442348339483395,0.00860645756457563
7034.25,0.0353065277519379,0.0127396147596899
7034.5,0.0340974291151283,0.00944200019029493
7034.75,0.0359976234146341,0.015872967804878
7035,0.0331642226487523,0.0101524094689699
7035.25,0.0374195881773399,0.0169312965517241
7035.5,0.0352286594559161,0.0149993701737135
7035.75,0.0383485339901478,0.00820668131362882
7036,0.0345672360708534,0.0074619833816425
7036.25,0.0385293333333332,0.0147538
7036.5,0.0412746666666666,0.0163441999999999
7036.75,0.0317606666666666,0.00572259999999996
7037,0.0333226666666666,0.0103092
7037.25,0.0356759124643197,0.0118066897557881
7037.5,0.0308497930158729,0.00900880096507932
7037.75,0.0263956439790575,0.00435056774869104
7038,0.0288464725469358,0.00513504796315974
7038.25,0.0283053333333332,0.00217733333333329
7038.5,0.0391544956937799,0.00220362258373198
7038.75,0.0746446666666666,0.0249446666666666
7039,0.0837544947658402,0.0101377046831955
7039.25,0.0735086666666666,0.00467179999999993
7039.5,0.0996839999999999,0.00541966666666657
7039.75,0.138867693839452,0.0351905513378966
7040,0.167460734597156,0.0203980420221168
7040.25,0.175880701754386,0.00935193623844553
7040.5,0.188285110512129,0.0131941500808624
7040.75,0.227784911909796,0.00752824408033818
7041,0.19896316845147,0.0154077458439571
7041.25,0.170176621143146,0.0214985031192041
7041.5,0.21442,0.0563266666666666
7041.75,0.162921333333333,-0.00783366666666661
7042,0.257493333333333,0.0564686666666666
7042.25,0.18318,-0.00993999999999996
7042.5,0.22862,0.0124628666666666
7042.75,0.166566,-0.00762066666666661
7043,0.194742230460303,-0.000893356348470738
7043.25,0.17007919975377,0.011972055401662
7043.5,0.141146145074535,-0.00338599840172117
7043.75,0.120321333333333,-0.00388133333333329
7044,0.116746699983982,-0.00211157616530507
7044.25,0.15004263976665,-0.00226033349538159
7044.5,0.185442005312085,0.00277167027888439
7044.75,0.136044492156863,0.0122662291503267
7045,0.18111450459006,0.0221782513453624
7045.25,0.236776437847866,0.0139129834879406
7045.5,0.332785890652557,0.0273697486772486
7045.75,0.0548387779725387,0.00175331627227568
7046,0.0731699100618324,-0.00100727408656545
7046.25,0.19066502630514,0.00672544794280308
7046.5,0.0328493333333333,0.00167133999999996
7046.75,0.174220392156863,0.000880674509803921
7047,0.0386713333333333,0.00428839999999993
7047.25,0.339871389645777,0.0171115803814714
7047.5,0.0956133333333333,-0.00194539999999993
7047.75,0.306093595863166,0.0202804693715195
7048,0.2556,-0.001278
7048.25,0.0437833333333333,0.00429313333333332
7048.5,0.0388135437887361,0.0037253437887361
7048.75,0.229443526361279,0.0355967940074906
7049,0.275172080037227,0.00634793522568634
7049.25,0.211843171456888,0.0261966778989097
7049.5,0.0374406666666666,0.00581726666666664
7049.75,0.254991033138402,0.0164348580542264
7050,0.20694532150776,0.0642669645232815
7050.25,0.2059,0.0652726666666666
7050.5,0.148579333333333,-0.00160933333333332
7050.75,0.173713333333333,0.020448
7051,0.2627,0.0224596666666666
7051.25,0.278798213058419,0.00606907674684986
7051.5,0.340326666666667,0.0138118666666666
7051.75,0.33693733175915,0.0227942133018496
7052,0.256554665057332,0.00680838438945881
7052.25,0.0394527232052063,0.0133798250966036
7052.5,0.24424,0.0165145999999999
7052.75,0.266013333333333,0.0346006666666666
7053,0.172956,0.0149904666666666
7053.25,0.159997122945431,0.0187373776901161
7053.5,0.106405333333333,0.00463866666666661
7053.75,0.190621415398801,0.0497129299216228
7054,0.114026,0.00572733333333325
7054.25,0.0843953333333333,0.00849633333333325
7054.5,0.0663139999999999,0.00743133333333325
7054.75,0.0397909416342412,0.0117620128664072
7055,0.0375053050666666,0.0118238666666666
7055.25,0.0418558319738988,0.0111445290918977
7055.5,0.0349141549732319,0.00876880608622145
7055.75,0.0347899999999999,0.0100360866666666
7056,0.0402078116566178,0.0114663385529715
7056.25,0.0366213787085514,0.0117653897614892
7056.5,0.03654141536684,0.00559985326400924
7056.75,0.0330675466200466,0.0105456101398601
7057,0.0367010728241562,0.0184453712255772
7057.25,0.03920388678109,0.0181122902740138
7057.5,0.0388255938628158,0.00973240830324902
7057.75,0.0401494007285973,0.0169677326047359
7058,0.0397004976359338,0.0165197655437351
7058.25,0.0381640763765542,0.0129105239786855
7058.5,0.0426,0.0161548666666666
7058.75,0.0413896251121076,0.0145619662780269
7059,0.0401386666666666,0.0164672666666666
7059.25,0.0334173333333333,0.00975208666666657
7059.5,0.0380913024118738,0.0132466768089054
7059.75,0.037479037990196,0.014406300245098
7060,0.0424579999999999,0.0157430666666666
7060.25,0.0415023216266173,0.00944225194085019
7060.5,0.0324706666666666,0.00861466666666657
7060.75,0.0404226666666666,0.0105079999999999
7061,0.0358170415512465,0.0064669658356417
7061.25,0.0313819999999999,0.00875666666666664
7061.5,0.0320446666666666,0.00785733333333325
7061.75,0.0273193022312373,0.00655947829614597
7062,0.040044,0.0107020666666666
7062.25,0.0373933333333333,0.00326599999999993
7062.5,0.039192,0.00220573333333332
7062.75,0.0598766666666666,0.0037914
7063,0.0899806666666666,0.00341273333333329
7063.25,0.0912113333333333,0.00170399999999989
7063.5,0.092584,0.00247553333333329
7063.75,0.0936253333333333,0.000515933333333286
7064,0.103944,0.00618646666666657
7064.25,0.139254666666667,0.00887973333333325
7064.5,0.154306666666667,0.0273586666666666
7064.75,0.157809333333333,0.0253706666666666
7065,0.146733333333333,0.00224833333333332
7065.25,0.16898,0.0213473333333333
7065.5,0.125575333333333,0.00353106666666661
7065.75,0.129835333333333,0.00171157333333332
7066,0.143041333333333,-0.0026838
7066.25,0.167086666666667,0.0271693333333333
7066.5,0.13703,0.00296306666666664
7066.75,0.139633333333333,-0.000567999999999964
7067,0.147206666666667,0.0057084
7067.25,0.139254666666667,0.00618646666666657
7067.5,0.119658666666667,0.0107683333333333
7067.75,0.0956606666666666,0.00896966666666664
7068,0.0930573333333332,0.0106263333333332
7068.25,0.124534,0.0144414
7068.5,0.12283,0.0173239999999999
7068.75,0.120132,0.00613439999999989
7069,0.141574,0.0189380666666666
7069.25,0.169216666666667,0.0246606666666666
7069.5,0.21158,0.0251813333333333
7069.75,0.223413333333333,0.0179866666666666
7070,0.26696,0.0113268666666666
7070.25,0.236193333333333,-0.000283999999999929
7070.5,0.355211667280088,0.056710890688259
7070.75,0.052966,0.00376299999999996
7071,0.27122,0.00818866666666657
7071.25,0.27974,0.0311453333333333
7071.5,0.0495866615502685,0.00368344512663084
7071.75,0.250393333333333,0.000440199999999964
7072,0.273113333333333,0.0654619999999999
7072.25,0.295951195219123,0.0394443752988047
7072.5,0.179961333333333,0.00132533333333329
7072.75,0.204953333333333,0.00203533333333332
7073,0.221046666666667,0.0669293333333333
7073.25,0.17466,0.0642786666666666
7073.5,0.190099126861839,0.00099553158705699
7073.75,0.120463333333333,0.000851999999999893
7074,0.185546666666667,0.0672606666666666
7074.25,0.112984666666667,-0.000354999999999964
7074.5,0.106784,0.000780999999999964
7074.75,0.177973333333333,0.0120558
7075,0.28116,0.01207
7075.25,0.209329246212121,0.0369515734848484
7075.5,0.273113333333333,0.00709999999999993
7075.75,0.315713333333333,0.0368726666666666
7076,0.25702,0.00682073333333329
7076.25,0.256073333333333,0.00989266666666657
7076.5,0.0820687811531307,0.00590933044017359
7076.75,0.0429313333333333,0.0129977333333333
7077,0.27264,0.0776266666666666
7077.25,0.2031940330033,0.00498748990099
7077.5,0.106550398545785,0.00464499068393546
7077.75,0.193456614877589,0.0236499529190206
7078,0.117102666666667,0.0145786666666666
7078.25,0.0983586666666666,0.0134284666666666
7078.5,0.0571313333333333,0.0150378
7078.75,0.0523033333333333,0.0175559333333333
7079,0.047712,0.0138213333333332
7079.25,0.0385293333333332,0.0141621333333333
7079.5,0.037488,0.00792359999999989
7079.75,0.0376445820977484,0.00938743986820427
7080,0.0404432481076535,0.010996106667788
7080.25,0.0414989907172995,0.0143398909704641
7080.5,0.0365729982668977,0.00560469324090112
7080.75,0.0405994264495858,0.0174430674664381
7081,0.0349625082969432,0.0121610784279475
7081.25,0.0369349342681857,0.0116337949167397
7081.5,0.0361626666666666,0.0111375333333332
7081.75,0.0367119119496855,0.00876455555555552
7082,0.0395593618960802,0.016108003646308
7082.25,0.0420524346549192,0.0162445247577092
7082.5,0.0443595144032921,0.0196733027630805
7082.75,0.0373320584900029,0.00948461689048037
7083,0.054581809180918,0.0113533963396339
7083.25,0.0354679313459801,0.0101911189400783
7083.5,0.0404226666666666,0.011502
7083.75,0.0428070089766606,0.0163573802513465
7084,0.0415113333333332,0.0100819999999999
7084.25,0.039192,0.0145502666666666
7084.5,0.0501259999999999,0.019312
7084.75,0.039334,0.0125575333333333
7085,0.040044,0.0118333333333333
7085.25,0.0355946666666666,0.0151939999999999
7085.5,0.0307193333333333,0.00189333333333325
7085.75,0.0341273333333333,0.00421266666666661
7086,0.032376,0.00418426666666657
7086.25,0.0344113333333333,0.00330055333333332
7086.5,0.0402333333333333,0.00112937333333329
7086.75,0.0655566666666666,0.0106216
7087,0.0888919999999999,0.00123066666666661
7087.25,0.10863,0.0212526666666666
7087.5,0.123682,0.0126048666666666
7087.75,0.147916666666667,0.00950453333333329
7088,0.165193333333333,-0.00705266666666664
7088.25,0.165666666666667,-0.00648466666666657
7088.5,0.213473333333333,-0.00504099999999996
7088.75,0.248026666666667,0.0093294
7089,0.26412,0.00539599999999993
7089.25,0.2698,0.0200693333333333
7089.5,0.28116,0.00727986666666661
7089.75,0.300566666666667,0.0188386666666666
7090,0.297726666666667,0.0254653333333333
7090.25,0.338433333333333,0.03976
7090.5,0.346006666666667,0.035784
7090.75,0.344113333333333,0.0362573333333333
7091,0.345533333333333,0.04686
7091.25,0.294413333333333,0.03763
7091.5,0.281633333333333,0.0431206666666666
7091.75,0.256546666666667,0.0461026666666666
7092,0.226253333333333,0.0320446666666666
7092.25,0.232406666666667,0.0365413333333333
7092.5,0.2343,0.0285419999999999
7092.75,0.2485,0.0405646666666666
7093,0.248026666666667,0.0433099999999999
7093.25,0.272166666666667,0.040186
7093.5,0.35216,0.0338906666666666
7093.75,0.4402,0.0359733333333332
7094,0.469546666666667,0.0174612666666666
7094.25,0.494633333333333,0.0411799999999999
7094.5,0.474753333333333,0.0362573333333333
7094.75,0.488953333333333,0.032518
7095,0.490373333333333,0.0404699999999999
7095.25,0.462446666666667,0.034222
7095.5,0.437833333333333,0.0481853333333333
7095.75,0.4331,0.0344113333333333
7096,0.436886666666667,0.0286366666666666
7096.25,0.452033333333333,0.0302933333333333
7096.5,0.4118,0.0347899999999999
7096.75,0.353106666666667,0.042742
7097,0.325653333333333,0.0358786666666666
7097.25,0.305773333333333,0.0402333333333333
7097.5,0.281633333333333,0.0287313333333333
7097.75,0.280213333333333,0.0455346666666666
7098,0.260806666666667,0.030814
7098.25,0.265066666666667,0.0310506666666666
7098.5,0.2982,0.0334173333333333
7098.75,0.317133333333333,0.0461026666666666
7099,0.35216,0.0353106666666666
7099.25,0.377246666666667,0.0510253333333333
7099.5,0.045178276053215,0.0154126516629712
7099.75,0.353707869844873,0.0282112845251607
7100,0.0884143862310384,0.00674579533255533
7100.25,0.272166666666667,0.00960866666666664
7100.5,0.26128,0.0137881999999999
7100.75,0.266013333333333,0.0346006666666666
7101,0.233353333333333,0.0193309333333333
7101.25,0.211106666666667,0.0100299333333333
7101.5,0.213473333333333,0.0207036
7101.75,0.186493333333333,0.0165856
7102,0.113032,0.00726093333333325
7102.25,0.0939566666666666,0.0195770666666666
7102.5,0.0727039999999999,0.01150626
7102.75,0.0547173333333332,0.0170826
7103,0.0417006666666666,0.0133243333333333
7103.25,0.0405173333333333,0.0127752666666666
7103.5,0.03976,0.0133953333333333
7103.75,0.0392866666666666,0.011644
7104,0.0373459999999999,0.0116771333333333
7104.25,0.0384346666666666,0.0129835333333333
7104.5,0.0394759999999999,0.0126332666666666
7104.75,0.0374406666666666,0.0111706666666666
7105,0.0373933333333333,0.0125906666666666
7105.25,0.0380086666666666,0.0122309333333333
7105.5,0.0416533333333333,0.0113458
7105.75,0.036636,0.0112132666666666
7106,0.0377246666666666,0.0120936666666666
7106.25,0.038056,0.0123966
7106.5,0.0372513333333332,0.0120747333333333
7106.75,0.0389553333333333,0.0124013333333333
7107,0.0384346666666666,0.0120558
7107.25,0.0390973333333333,0.0129456666666666
7107.5,0.0371566666666666,0.0122356666666666
7107.75,0.0377719999999999,0.0126474666666666
7108,0.0398546666666666,0.0116534666666666
7108.25,0.0375353333333333,0.0119422
7108.5,0.0374406666666666,0.012354
7108.75,0.0389553333333333,0.0136982666666666
7109,0.0381506666666666,0.0115114666666666
7109.25,0.037062,0.0108109333333333
7109.5,0.0270746666666666,0.00492503333333329
7109.75,0.023572,0.00360206666666664
7110,0.0258439999999999,0.00410379999999996
7110.25,0.0309086666666666,0.00257493333333325
7110.5,0.03195,0.00157903999999993
7110.75,0.0517826666666666,0.00709526666666664
7111,0.0815553333333332,0.00181759999999993
7111.25,0.0772006666666667,0.00408013333333332
7111.5,0.0930573333333332,0.0109056
7111.75,0.129172666666667,0.0123634666666666
7112,0.165666666666667,0.00502874066666664
7112.25,0.19312,0.00876613333333332
7112.5,0.253233333333333,0.0136556666666666
7112.75,0.279266666666667,0.0170163333333332
7113,0.293466666666667,0.0204622
7113.25,0.27832,0.0104086
7113.5,0.2769,0.0174044666666666
7113.75,0.28116,0.0159560666666666
7114,0.283053333333333,0.0342693333333332
7114.25,0.25134,0.026838
7114.5,0.23572,0.0152886666666666
7114.75,0.2769,0.0216313333333333
7115,0.283526666666667,0.0266013333333332
7115.25,0.29394,0.0309086666666666
7115.5,0.256546666666667,0.0335593333333333
7115.75,0.229093333333333,0.024424
7116,0.237613333333333,0.0202113333333333
7116.25,0.20874,0.0172766666666666
7116.5,0.20306,0.0143183333333333
7116.75,0.216313333333333,0.0225779999999999
7117,0.200693333333333,0.0215366666666666
7117.25,0.241873333333333,0.029962
7117.5,0.320446666666667,0.0270746666666666
7117.75,0.39618,0.0241873333333333
7118,0.405646666666667,0.0221993333333333
7118.25,0.39476,0.0194492666666666
7118.5,0.399966666666667,0.0288259999999999
7118.75,0.394286666666667,0.0315713333333333
7119,0.37204,0.0254653333333333
7119.25,0.380086666666667,0.0383873333333333
7119.5,0.391446666666667,0.0526819999999999
7119.75,0.315713333333333,0.0200693333333333
7120,0.296306666666667,0.0159655333333333
7120.25,0.253233333333333,0.0246133333333333
7120.5,0.24282,0.0219153333333332
7120.75,0.256073333333333,0.05964
7121,0.19454,0.0292046666666666
7121.25,0.0274189947842579,0.000781370317686082
7121.5,0.169453333333333,0.0301986666666666
7121.75,0.0452033333333333,0.00346006666666657
7122,0.316488739859383,0.107861633315306
7122.25,0.173003333333333,0.0159986666666666
7122.5,0.167086666666667,0.0185073333333333
7122.75,0.25134,0.0241873333333333
7123,0.351686666666667,0.036778
7123.25,0.38482,0.0203012666666666
7123.5,0.390026666666667,0.02556
7123.75,0.35216,0.0180955333333333
7124,0.305773333333333,0.0132438666666666
7124.25,0.29252,0.00501851666666664
7124.5,0.276426666666667,0.0192646666666666
7124.75,0.200693333333333,0.00781473333333325
7125,0.172956,0.0149904666666666
7125.25,0.159892,0.0187250666666666
7125.5,0.142946666666667,0.0184315999999999
7125.75,0.127894666666667,0.0127657999999999
7126,0.0965126666666666,0.0149573333333333
7126.25,0.0876613333333333,0.0209355333333332
7126.5,0.06319,0.0132912
7126.75,0.0443986666666666,0.0137929333333333
7127,0.0494633333333333,0.0168506666666666
7127.25,0.0441619999999999,0.0161406666666666
7127.5,0.0445406666666666,0.0170352666666666
7127.75,0.0431206666666666,0.0158235333333333
7128,0.0398546666666666,0.0137881999999999
7128.25,0.0418426666666666,0.0148816
7128.5,0.0425526666666666,0.0142
7128.75,0.0388606666666666,0.0132343999999999
7129,0.04189,0.0153643999999999
7129.25,0.0443513333333333,0.0138592
7129.5,0.0440673333333333,0.013348
7129.75,0.0426946666666666,0.016188
7130,0.0386713333333333,0.0157146666666666
7130.25,0.03763,0.0141763333333333
7130.5,0.0463866666666666,0.015336
7130.75,0.0477593333333333,0.0165666666666666
7131,0.0420793333333333,0.0145218666666666
7131.25,0.0400913333333333,0.0147679999999999
7131.5,0.040612,0.0151466666666666
7131.75,0.0466706666666666,0.0154543333333333
7132,0.0415113333333332,0.0128652
7132.25,0.0401386666666666,0.0136083333333333
7132.5,0.043168,0.0155442666666666
7132.75,0.0419846666666666,0.0158235333333333
7133,0.041464,0.0147538
7133.25,0.04189,0.0128557333333333
7133.5,0.0382453333333333,0.0127042666666666
7133.75,0.0305773333333333,0.00694853333333329
7134,0.0328019999999999,0.00503153333333329
7134.25,0.0309559999999999,0.00526346666666664
7134.5,0.034222,0.00550013333333329
7134.75,0.028258,0.0040896
7135,0.0315713333333333,0.00474279999999996
7135.25,0.049416,0.0120558
7135.5,0.0426473333333333,0.00457173733333332
7135.75,0.0554273333333333,0.010153
7136,0.0509306666666666,0.00491054933333329
7136.25,0.0505046666666666,0.00501733333333332
7136.5,0.0518299999999999,0.00354526666666657
7136.75,0.0521613333333332,0.0039192
7137,0.053676,0.00686333333333329
7137.25,0.0248739350976685,0.00401192501575291
7137.5,0.049984,0.00383873333333329
7137.75,0.04686,0.00396179999999989
7138,0.0518773333333333,0.00630006666666661
7138.25,0.057084,0.00293466666666661
7138.5,0.0559953333333333,0.00168979999999993
7138.75,0.0443513333333333,0.003834
7139,0.0254406225490196,0.00476888266789206
7139.25,0.0614563516483516,-0.000624995921855889
7139.5,0.0217619036505086,0.000920514362656998
7139.75,0.101255323868678,0.00193722271517292
7140,0.0645626666666666,0.0115398666666666
7140.25,0.0527766666666666,0.00612493333333332
7140.5,0.0510726666666666,0.00600423333333325
7140.75,0.05112,0.00568946666666664
7141,0.0490373333333333,0.00488953333333332
7141.25,0.051972,0.00579359999999989
7141.5,0.0532973333333333,0.00594648666666661
7141.75,0.0496053333333332,0.00486586666666657
7142,0.0482326666666666,0.00643449333333325
7142.25,0.0499366666666666,0.00585039999999996
7142.5,0.0483746666666666,0.00627639999999996
7142.75,0.04828,0.00617226666666661
7143,0.0468126666666666,0.00646573333333332
7143.25,0.049132,0.00763959999999996
7143.5,0.0450139999999999,0.00622906666666657
7143.75,0.035784,0.00352226266666657
7144,0.0380086666666666,0.00695799999999996
7144.25,0.0334173333333333,0.00413456666666664
7144.5,0.0344113333333333,0.00443323999999993
7144.75,0.0326126666666666,0.00371566666666657
7145,0.0336066666666666,0.00428366666666664
7145.25,0.0331806666666666,0.00432626666666664
7145.5,0.0348373333333333,0.00521423999999989
7145.75,0.0326599999999999,0.00292519999999993
7146,0.033228,0.00230513333333329
7146.25,0.0356419999999999,0.00599239999999993
7146.5,0.0333226666666666,0.00849633333333325
7146.75,0.0275479999999999,0.0045582
7147,0.035074,0.0145029333333332
7147.25,0.04047,0.0148626666666666
7147.5,0.0382926666666666,0.0148437333333332
7147.75,0.0383873333333333,0.0143325333333332
7148,0.0385293333333332,0.0137266666666666
7148.25,0.0400913333333333,0.0159418666666666
7148.5,0.0321139468141126,0.0109159041600842
7148.75,0.0390973333333333,0.0152082
7149,0.0414775568212638,0.00938802169785726
7149.25,0.0376093925455987,0.0146530712133227
7149.5,0.0403753333333333,0.0154969333333333
7149.75,0.0402663656267104,0.00998605867542413
7150,0.0386239999999999,0.0134710666666666
7150.25,0.0388133333333333,0.0153975333333332
7150.5,0.0381506666666666,0.0150046666666666
7150.75,0.0370146666666666,0.0137314
7151,0.0354053333333333,0.0137408666666666
7151.25,0.0361153333333333,0.0151135333333333
7151.5,0.0350266666666666,0.0144461333333333
7151.75,0.0364466666666666,0.0130829333333333
7152,0.0380086666666666,0.0128652
7152.25,0.0355946666666666,0.0118901333333333
7152.5,0.0366833333333333,0.0132722666666666
7152.75,0.041038,0.0150378
7153,0.0367306666666666,0.0132769999999999
7153.25,0.0332753333333333,0.013774
7153.5,0.0348373333333333,0.0138686666666666
7153.75,0.0338906666666666,0.0148531999999999
7154,0.0371566666666666,0.0153265333333333
7154.25,0.0334646666666666,0.0134899999999999
7154.5,0.0330859999999999,0.0133243333333333
7154.75,0.0347426666666666,0.0155821333333333
7155,0.035926,0.0144224666666666
7155.25,0.0373459999999999,0.0129172666666666
7155.5,0.0372513333333332,0.0142567999999999
7155.75,0.0382453333333333,0.0156294666666666
7156,0.0398073333333332,0.014058
7156.25,0.036778,0.0139159999999999
7156.5,0.0339379999999999,0.0137503333333333
7156.75,0.0334646666666666,0.013845
7157,0.0335119999999999,0.0128036666666666
7157.25,0.0343166666666666,0.0136982666666666
7157.5,0.0330386666666666,0.0137314
7157.75,0.0321393333333332,0.0123966
7158,0.0286366666666666,0.00688226666666664
7158.25,0.02698,0.00565633333333332
7158.5,0.0266959999999999,0.00563266666666657
7158.75,0.0234773333333333,0.00325700666666664
7159,0.0207319999999999,0.00320304666666661
7159.25,0.0224359999999999,0.00525399999999996
7159.5,0.021016,0.00409433333333329
7159.75,0.0211579999999999,0.00364324666666657
7160,0.0223413333333332,0.00495106666666657
7160.25,0.022294,0.00475699999999993
7160.5,0.021442,0.0047712
7160.75,0.0211106666666666,0.00359259999999996
7161,0.0228619999999999,0.00553326666666661
7161.25,0.022294,0.00460553333333329
7161.5,0.0232406666666666,0.00474753333333325
7161.75,0.0245186666666666,0.00512146666666657
7162,0.0272166666666666,0.00533919999999996
7162.25,0.0272166666666666,0.00471439999999993
7162.5,0.0259859999999999,0.00336350666666664
7162.75,0.0272166666666666,0.00477593333333329
7163,0.0279739999999999,0.00435466666666657
7163.25,0.0259859999999999,0.00335119999999993
7163.5,0.0294886666666666,0.00456293333333329
7163.75,0.0280213333333333,0.00574153333333332
7164,0.0257493333333332,0.00366265333333332
7164.25,0.0301513333333333,0.00355473333333325
7164.5,0.027832,0.00482421333333325
7164.75,0.027832,0.00385719333333325
7165,0.0258439999999999,0.00325179999999996
7165.25,0.02911,0.00299904
7165.5,0.0287313333333333,0.00444744
7165.75,0.0285419999999999,0.00441572666666664
7166,0.028684,0.00555693333333325
7166.25,0.0280213333333333,0.00396179999999989
7166.5,0.031098,0.00410379999999996
7166.75,0.0294886666666666,0.00408581333333329
7167,0.028542,0.00444980666666664
7167.25,0.0298673333333333,0.00474753333333325
7167.5,0.0267433333333333,0.00344917999999993
7167.75,0.0305773333333333,0.00490846666666657
7168,0.029962,0.00594979999999993
7168.25,0.0309559999999999,0.00571786666666657
7168.5,0.0279739999999999,0.00408060666666661
7168.75,0.0287313333333333,0.00479013333333325
7169,0.0307666666666666,0.00563266666666657
7169.25,0.0293466666666666,0.00446353333333332
7169.5,0.0267906666666666,0.00343639999999993
7169.75,0.0287786666666666,0.00325700666666664
7170,0.0281633333333333,0.0047712
7170.25,0.025986,0.00323428666666657
7170.5,0.028968,0.00267433333333332
7170.75,0.0254653333333333,0.00238086666666661
7171,0.0244713333333333,0.003834
7171.25,0.0336066666666666,0.0106973333333333
7171.5,0.0376773333333333,0.0113458
7171.75,0.0361153333333333,0.00953293333333332
7172,0.0377246666666666,0.0104606666666666
7172.25,0.0356893333333333,0.00961813333333332
7172.5,0.0375826666666666,0.0103896666666666
7172.75,0.0353106666666666,0.0110902
7173,0.0369673333333333,0.00983586666666661
7173.25,0.0353106666666666,0.0105837333333332
7173.5,0.0383873333333333,0.0108629999999999
7173.75,0.0356893333333333,0.0115446
7174,0.0349793333333333,0.0115635333333333
7174.25,0.0320446666666666,0.00910219999999993
7174.5,0.0355473333333333,0.0113410666666666
7174.75,0.03195,0.0113410666666666
7175,0.034932,0.0105600666666666
7175.25,0.0317606666666666,0.0100914666666666
7175.5,0.0377719999999999,0.0122545999999999
7175.75,0.0361626666666666,0.0111233333333333
7176,0.0327546666666666,0.0104227999999999
7176.25,0.032092,0.0105648
7176.5,0.031666,0.0107494
7176.75,0.0340326666666666,0.0112795333333333
7177,0.0346006666666666,0.0117007999999999
7177.25,0.0370146666666666,0.0109245333333333
7177.5,0.0349793333333333,0.00997786666666657
7177.75,0.0312873333333333,0.0101766666666666
7178,0.0337486666666666,0.0110617999999999
7178.25,0.0325653333333333,0.0119090666666666
7178.5,0.0315713333333333,0.00947139999999996
7178.75,0.0315713333333333,0.0105837333333332
7179,0.0341746666666666,0.0130592666666666
7179.25,0.0335593333333333,0.0131586666666666
7179.5,0.0331806666666666,0.00985479999999996
7179.75,0.0369673333333333,0.010224
7180,0.0354053333333333,0.0116913333333332
7180.25,0.032944,0.0108677333333333
7180.5,0.0308613333333332,0.00949033333333332
7180.75,0.0310033333333333,0.00989266666666657
7181,0.030814,0.0105269333333333
7181.25,0.03124,0.00994473333333325
7181.5,0.0280213333333333,0.00620066666666664
7181.75,0.023856,0.0056658
7182,0.0225779999999999,0.00419373333333325
7182.25,0.0257493333333332,0.00419373333333325
7182.5,0.02769,0.00405173333333329
7182.75,0.0248973333333332,0.00522559999999993
7183,0.0227673333333333,0.00208266666666661
7183.25,0.02485,0.00329439999999996
7183.5,0.029536,0.00584566666666657
7183.75,0.0288259999999999,0.00536286666666661
7184,0.0257966666666666,0.00212782266666661
7184.25,0.0263173333333333,0.00404226666666661
7184.5,0.0257493333333332,0.00477403999999993
7184.75,0.0236193333333332,0.00298673333333329
7185,0.02272,0.00258582
7185.25,0.0242346666666666,0.00409433333333329
7185.5,0.0264593333333333,0.00500455333333332
7185.75,0.0236666666666666,0.00315476666666664
7186,0.029536,0.00156152666666664
7186.25,0.0364466666666666,0.00690593333333329
7186.5,0.0348373333333333,0.00254179999999993
7186.75,0.0346953333333332,0.00205379333333329
7187,0.0341746666666666,0.00338598999999996
7187.25,0.0326599999999999,0.00382500666666661
7187.5,0.0339853333333333,0.00319026666666661
7187.75,0.033796,0.00348846666666661
7188,0.0307666666666666,0.00312494666666664
7188.25,0.032376,0.00395233333333332
7188.5,0.0296779999999999,0.00344586666666661
7188.75,0.0311926666666666,0.00465286666666657
7189,0.0296779999999999,0.00413456666666664
7189.25,0.0357366666666666,0.00592613333333329
7189.5,0.0525873333333332,0.0122498666666666
7189.75,0.044304,0.00457524
7190,0.044872,0.00747866666666664
7190.25,0.0382453333333333,0.00567053333333329
7190.5,0.038908,0.00914479999999993
7190.75,0.0335119999999999,0.00459606666666661
7191,0.0343639999999999,0.00612019999999993
7191.25,0.0381033333333332,0.00689646666666661
7191.5,0.0326126666666666,0.00400794999999996
7191.75,0.0330859999999999,0.00338527999999993
7192,0.0307666666666666,0.00263173333333332
7192.25,0.0328493333333333,0.00419325999999996
7192.5,0.0328019999999999,0.00319892866666657
7192.75,0.035926,0.00528713333333329
7193,0.034506,0.00519672666666661
7193.25,0.0335593333333333,0.00564686666666664
7193.5,0.03408,0.00514039999999993
7193.75,0.038766,0.0097128
7194,0.0358786666666666,0.00616279999999993
7194.25,0.0306246666666666,0.00439915999999993
7194.5,0.0305299999999999,0.00391919999999989
7194.75,0.0327546666666666,0.00506939999999989
7195,0.0372986666666666,0.00901699999999993
7195.25,0.0408486666666666,0.0096276
7195.5,0.038056,0.00779532666666661
7195.75,0.0412746666666666,0.00977906666666664
7196,0.040612,0.00905486666666664
7196.25,0.0429313333333333,0.00928064666666664
7196.5,0.0394286666666666,0.00871879999999993
7196.75,0.0389553333333333,0.00900753333333325
7197,0.0415113333333332,0.00939566666666664
7197.25,0.041038,0.0106263333333332
7197.5,0.0411326666666666,0.0115729999999999
7197.75,0.040186,0.011644
7198,0.0413693333333333,0.0115351333333333
7198.25,0.04189,0.0117197333333333
7198.5,0.0426,0.0105127333333333
7198.75,0.03976,0.0101766666666666
7199,0.0387659999999999,0.00888446666666664
7199.25,0.0351213333333333,0.00846225333333325
7199.5,0.0368726666666666,0.0092868
7199.75,0.0357366666666666,0.00973031333333329
7200,0.0335119999999999,0.00896966666666664
7200.25,0.0355946666666666,0.00804666666666661
7200.5,0.036636,0.0101671999999999
7200.75,0.0398073333333332,0.0106357999999999
7201,0.0344586666666666,0.00953766666666661
7201.25,0.033654,0.00871406666666664
7201.5,0.0338906666666666,0.00936726666666661
7201.75,0.0356419999999999,0.0100678
7202,0.0350266666666666,0.00922999999999993
7202.25,0.0372513333333332,0.00925366666666657
7202.5,0.0337486666666666,0.00914479999999993
7202.75,0.034506,0.00987846666666661
7203,0.0345533333333333,0.0102003333333333
7203.25,0.034648,0.0109339999999999
7203.5,0.0382453333333333,0.0107825333333333
7203.75,0.0340326666666666,0.0103991333333333
7204,0.0343639999999999,0.00914006666666664
7204.25,0.0327546666666666,0.00891286666666657
7204.5,0.0328019999999999,0.00865253333333329
7204.75,0.0335119999999999,0.00978853333333332
7205,0.0337013333333333,0.010011
7205.25,0.0381506666666666,0.0110002666666666
7205.5,0.0323286666666666,0.00934833333333325
7205.75,0.0279266666666666,0.00461026666666657
7206,0.0236193333333332,0.00298673333333329
7206.25,0.0263646666666666,0.00359401999999993
7206.5,0.0231933333333332,0.0020448
7206.75,0.0235246666666666,0.00178683333333325
7207,0.0280686666666666,0.00427656666666661
7207.25,0.034222,0.00405646666666657
7207.5,0.03337,0.000719466666666608
7207.75,0.0342693333333332,0.00111895999999993
7208,0.0340799999999999,0.00261232666666657
7208.25,0.0342693333333332,0.00282769333333332
7208.5,0.0328019999999999,0.000423112666666572
7208.75,0.032518,0.0011928
7209,0.0275006666666666,0.00374359333333332
7209.25,0.028968,0.00123066666666661
7209.5,0.0334646666666666,0.00489426666666661
7209.75,0.0335593333333333,0.00155300666666664
7210,0.0319026666666666,0.00262699999999993
7210.25,0.0323286666666666,0.00251008666666657
7210.5,0.0310979999999999,0.00111706666666657
7210.75,0.0313819999999999,0.00107067999999996
7211,0.0356419999999999,0.00330859999999993
7211.25,0.0284946666666666,0.00188386666666657
7211.5,0.0270746666666666,0.00234773333333329
7211.75,0.032092,0.00494633333333329
7212,0.0271219999999999,0.0028542
7212.25,0.0259386666666666,0.00216313333333332
7212.5,0.0294886666666666,0.00225306666666661
7212.75,0.0307193333333333,0.00211579999999993
7213,0.0270746666666666,0.0023004
7213.25,0.0262226666666666,0.00226726666666657
7213.5,0.0270273333333333,0.00319026666666661
7213.75,0.0289206666666666,0.003834
7214,0.0326599999999999,0.00472670666666664
7214.25,0.0263173333333333,0.00301418666666664
7214.5,0.0275479999999999,0.00359733333333325
7214.75,0.0274533333333332,0.00288259999999993
7215,0.0313819999999999,0.00287313333333325
7215.25,0.0280213333333333,0.00177499999999993
7215.5,0.0283053333333332,0.00145786666666657
7215.75,0.0296306666666666,0.00306246666666661
7216,0.0301513333333333,0.00299619999999996
7216.25,0.0266486666666666,0.00330859999999993
7216.5,0.0272166666666666,0.00358786666666657
7216.75,0.0273586666666666,0.00390026666666664
7217,0.0304826666666666,0.00367164666666661
7217.25,0.025702,0.00351355333333332
7217.5,0.03124,0.00447489333333325
7217.75,0.025276,0.00195486666666661
7218,0.0272166666666666,0.000646099999999929
7218.25,0.0324706666666666,0.00433573333333332
7218.5,0.0301039999999999,0.00433099999999993
7218.75,0.0334646666666666,0.0080088
7219,0.0381979999999999,0.0083922
7219.25,0.0385293333333332,0.0080088
7219.5,0.0387186666666666,0.00780147999999996
7219.75,0.0351686666666666,0.00721359999999996
7220,0.0352159999999999,0.00836664
7220.25,0.0386239999999999,0.00890623999999993
7220.5,0.0355473333333333,0.00810867333333325
7220.75,0.0344113333333333,0.00588495333333325
7221,0.0378193333333333,0.00872353333333332
7221.25,0.038482,0.00985243333333332
7221.5,0.0359733333333332,0.00807506666666664
7221.75,0.0364466666666666,0.00840639999999996
7222,0.0360206666666666,0.00890718666666661
7222.25,0.0369199999999999,0.00941791333333332
7222.5,0.0399966666666666,0.00822795333333325
7222.75,0.0365413333333333,0.00763013333333329
7223,0.0366833333333333,0.00980273333333329
7223.25,0.0346006666666666,0.00752599999999993
7223.5,0.0390026666666666,0.00841113333333325
7223.75,0.034506,0.00816973333333332
7224,0.0391446666666666,0.00967114666666657
7224.25,0.0359733333333332,0.00814938
7224.5,0.036636,0.00740293333333332
7224.75,0.0340326666666666,0.00916373333333329
7225,0.0373459999999999,0.0109056
7225.25,0.0351213333333333,0.00767557333333332
7225.5,0.0361153333333333,0.00830226666666661
7225.75,0.0386239999999999,0.00953766666666661
7226,0.0352159999999999,0.00926786666666664
7226.25,0.0360679999999999,0.00893179999999993
7226.5,0.0330859999999999,0.00754493333333329
7226.75,0.0378193333333333,0.00938383333333332
7227,0.0363993333333332,0.00850106666666664
7227.25,0.0367306666666666,0.00922999999999993
7227.5,0.0342693333333332,0.00912586666666657
7227.75,0.0375353333333333,0.0103044666666666
7228,0.0376773333333333,0.00980273333333329
7228.25,0.0356419999999999,0.00754966666666657
7228.5,0.036636,0.00884186666666664
7228.75,0.034932,0.00990213333333325
7229,0.0347899999999999,0.00858626666666664
7229.25,0.0357366666666666,0.00717573333333325
7229.5,0.0348846666666666,0.00848686666666657
7229.75,0.0328493333333333,0.00835906666666657
7230,0.0300566666666666,0.00273681333333325
7230.25,0.0292046666666666,0.00125480666666664
7230.5,0.036352,0.0035784
7230.75,0.0310506666666666,0.00105411333333325
7231,0.0852,0.00383873333333329
7231.25,0.085768,0.00846319999999993
7231.5,0.0999679999999999,0.00978379999999993
7231.75,0.109198,0.00767746666666657
7232,0.106074,0.01917
7232.25,0.116629333333333,0.00954713333333329
7232.5,0.139728,0.0159087333333332
7232.75,0.130356,0.00451086666666661
7233,0.146733333333333,0.0117339333333332
7233.25,0.139207333333333,0.00747393333333325
7233.5,0.138402666666667,0.00479013333333325
7233.75,0.128936,0.00289206666666661
7234,0.133338,0.0005964
7234.25,0.136935333333333,0.0108393333333333
7234.5,0.137692666666667,0.00957553333333332
7234.75,0.119138,0.00227957333333329
7235,0.116771333333333,0.00503176999999993
7235.25,0.0982166666666666,0.00913059999999996
7235.5,0.0974593333333333,0.00267906666666661
7235.75,0.0924893333333333,0.0046008
7236,0.110618,0.00457239999999996
7236.25,0.0913533333333332,0.00815553333333325
7236.5,0.093294,0.0183463999999999
7236.75,0.0844426666666667,0.00836853333333325
7237,0.121315333333333,0.0217259999999999
7237.25,0.143656666666667,0.0202586666666666
7237.5,0.134095333333333,0.0110239333333333
7237.75,0.15194,0.0140437999999999
7238,0.1633,0.012141
7238.25,0.149242,0.00343166666666664
7238.5,0.158945333333333,0.00684439999999993
7238.75,0.153123333333333,0.00352254666666661
7239,0.140485333333333,0.00473806666666657
7239.25,0.147585333333333,0.00514276666666657
7239.5,0.15478,0.00091353333333325
7239.75,0.137976666666667,-2.36666666666667e-05
7240,0.127042666666667,-0.00351733999999993
7240.25,0.125717333333333,-0.00477593333333329
7240.5,0.129504,0.00171346666666657
7240.75,0.127232,0.003621
7241,0.130308666666667,0.00272166666666661
7241.25,0.113410666666667,0.0141479333333333
7241.5,0.0967019999999999,0.0121315333333333
7241.75,0.0866673333333332,0.00659826666666661
7242,0.0832593333333332,0.00346953333333325
7242.25,0.0902646666666666,0.00971753333333329
7242.5,0.0977906666666666,0.0105553333333333
7242.75,0.116108666666667,0.0220099999999999
7243,0.144982,0.0197711333333333
7243.25,0.160696666666667,0.0225164666666666
7243.5,0.145597333333333,0.0157146666666666
7243.75,0.155111333333333,0.0156389333333333
7244,0.147822,0.011715
7244.25,0.148816,0.0170968
7244.5,0.149526,0.0168838
7244.75,0.141526666666667,0.0223413333333332
7245,0.122640666666667,0.0139822666666666
7245.25,0.114736,0.0191983999999999
7245.5,0.0893653333333333,0.00772953333333325
7245.75,0.0852,0.0129787999999999
7246,0.0820286666666666,0.0196433333333333
7246.25,0.0693433333333333,0.0144414
7246.5,0.055096,0.0105742666666666
7246.75,0.03976,0.0117528666666666
7247,0.0402806666666666,0.0102571333333333
7247.25,0.0381979999999999,0.00851526666666661
7247.5,0.038482,0.0105174666666666
7247.75,0.0354526666666666,0.00919213333333332
7248,0.0385766666666666,0.00870459999999996
7248.25,0.0373933333333333,0.00898008
7248.5,0.0328966666666666,0.00836853333333325
7248.75,0.0373933333333333,0.0101435333333333
7249,0.036636,0.0098406
7249.25,0.0379613333333333,0.0105648
7249.5,0.0356419999999999,0.0102855333333332
7249.75,0.0359733333333332,0.00823126666666657
7250,0.0341746666666666,0.00857679999999996
7250.25,0.035358,0.00880399999999993
7250.5,0.0389553333333333,0.0104464666666666
7250.75,0.0338433333333333,0.00956275333333332
7251,0.0350266666666666,0.00865253333333329
7251.25,0.0361626666666666,0.00934170666666661
7251.5,0.0369673333333333,0.0100204666666666
7251.75,0.03337,0.00874246666666657
7252,0.034648,0.00926786666666664
7252.25,0.0347426666666666,0.0096702
7252.5,0.0348373333333333,0.00810204666666661
7252.75,0.0320446666666666,0.0076254
7253,0.0350266666666666,0.00867619999999993
7253.25,0.0325653333333333,0.00957079999999993
7253.5,0.0300566666666666,0.00452979999999996
7253.75,0.0301513333333333,0.00182611999999993
7254,0.0282106666666666,0.00409906666666657
7254.25,0.029536,0.00168979999999993
7254.5,0.040186,0.00210018
7254.75,0.0543859999999999,0.00618173333333329
7255,0.0835906666666666,0.00292519999999993
7255.25,0.1065,0.00905486666666664
7255.5,0.133243333333333,0.0152318666666666
7255.75,0.103092,0.00720792
7256,0.120416,0.0106594666666666
7256.25,0.142426,0.0132912
7256.5,0.142520666666667,0.00890813333333328
7256.75,0.145644666666667,0.0116960666666666
7257,0.145408,0.0121552
7257.25,0.145076666666667,0.00645626666666664
7257.5,0.141479333333333,0.00209213333333329
7257.75,0.138639333333333,0.00440673333333325
7258,0.142378666666667,0.0131965333333333
7258.25,0.155300666666667,0.00968913333333325
7258.5,0.143041333333333,0.0115635333333333
7258.75,0.143278,0.00662619333333325
7259,0.131965333333333,0.00486586666666657
7259.25,0.129125333333333,0.0124723333333333
7259.5,0.129740666666667,0.00473806666666657
7259.75,0.124344666666667,0.0105742666666666
7260,0.115114666666667,0.0104038666666666
7260.25,0.112464,0.00782419999999993
7260.5,0.101766666666667,0.0173713333333333
7260.75,0.088182,0.00721359999999996
7261,0.0906906666666666,0.0129598666666666
7261.25,0.103849333333333,0.0150851333333333
7261.5,0.153833333333333,0.0139822666666666
7261.75,0.203533333333333,0.0209686666666666
7262,0.195486666666667,0.0139254666666666
7262.25,0.207793333333333,0.00533446666666657
7262.5,0.187818666666667,0.00166613333333329
7262.75,0.183653333333333,0.00409054666666657
7263,0.176600666666667,0.00673553333333329
7263.25,0.164246666666667,0.00897439999999993
7263.5,0.172577333333333,0.009372
7263.75,0.166424,0.00131208
7264,0.18318,0.00674499999999996
7264.25,0.164530666666667,0.0128462666666666
7264.5,0.148626666666667,0.0101482666666666
7264.75,0.127326666666667,0.0137314
7265,0.0984533333333333,0.0111375333333332
7265.25,0.0872826666666666,0.00515649333333325
7265.5,0.099826,0.00795957333333325
7265.75,0.094998,0.0108061999999999
7266,0.0886553333333333,0.00759699999999996
7266.25,0.10792,0.00681126666666661
7266.5,0.123066666666667,0.0180481999999999
7266.75,0.134852666666667,0.00712839999999996
7267,0.171346666666667,0.0168932666666666
7267.25,0.18602,0.0126711333333332
7267.5,0.185073333333333,0.00754019999999989
7267.75,0.180813333333333,0.012709
7268,0.175606666666667,0.0121315333333333
7268.25,0.166613333333333,0.0094572
7268.5,0.160128666666667,0.00880399999999993
7268.75,0.150236,0.0121457333333333
7269,0.130356,0.0113088799999999
7269.25,0.110949333333333,0.00879926666666664
7269.5,0.0892233333333333,0.0125291333333333
7269.75,0.0824546666666666,0.0154921999999999
7270,0.0710946666666666,0.0154543333333333
7270.25,0.0567526666666666,0.0167986
7270.5,0.0403753333333333,0.0112842666666666
7270.75,0.0374406666666666,0.00970901333333329
7271,0.0363993333333332,0.0101624666666666
7271.25,0.0368726666666666,0.0104512
7271.5,0.0364466666666666,0.0103991333333333
7271.75,0.0383873333333333,0.0114120666666666
7272,0.0349793333333333,0.0111564666666666
7272.25,0.0341273333333333,0.00972226666666657
7272.5,0.039334,0.0119706
7272.75,0.0357366666666666,0.0101832933333333
7273,0.0353106666666666,0.0107257333333333
7273.25,0.0346953333333332,0.0109813333333333
7273.5,0.0357366666666666,0.0115871999999999
7273.75,0.0340326666666666,0.00984627999999996
7274,0.0331333333333333,0.00997313333333328
7274.25,0.035074,0.0111754
7274.5,0.0390973333333333,0.0133148666666666
7274.75,0.0349793333333333,0.0120463333333333
7275,0.0346006666666666,0.011502
7275.25,0.0381506666666666,0.0131397333333332
7275.5,0.0345533333333333,0.00938146666666657
7275.75,0.0322813333333333,0.00947139999999996
7276,0.0343639999999999,0.00837326666666664
7276.25,0.0343166666666666,0.0108156666666666
7276.5,0.0353106666666666,0.0103754666666666
7276.75,0.0338906666666666,0.00926313333333325
7277,0.0354053333333333,0.0104653999999999
7277.25,0.0336066666666666,0.0111469999999999
7277.5,0.02982,0.00536286666666661
7277.75,0.0274533333333332,0.000160933333333321
7278,0.0273586666666666,0.00329439999999996
7278.25,0.0303406666666666,0.00199983333333325
7278.5,0.0354526666666666,-0.000549066666666608
7278.75,0.0633793333333333,0.00456766666666657
7279,0.0965126666666666,0.00293414599999993
7279.25,0.0683966666666666,0.00335119999999993
7279.5,0.113552666666667,0.00449666666666664
7279.75,0.153123333333333,0.0179961333333332
7280,0.16756,0.0204101333333333
7280.25,0.19028,0.0167181333333332
7280.5,0.194066666666667,0.0131539333333333
7280.75,0.200693333333333,0.00608706666666661
7281,0.196433333333333,0.00885606666666661
7281.25,0.196906666666667,0.00621013333333332
7281.5,0.195486666666667,0.00584566666666657
7281.75,0.205426666666667,0.0114972666666666
7282,0.219626666666667,0.0182091333333333
7282.25,0.21584,0.0160791333333332
7282.5,0.213473333333333,0.0178351999999999
7282.75,0.20022,0.0123066666666666
7283,0.181286666666667,0.00586933333333332
7283.25,0.185073333333333,0.0159986666666666
7283.5,0.170873333333333,0.0146023333333333
7283.75,0.16898,0.0174754666666666
7284,0.15762,0.00867619999999993
7284.25,0.161406666666667,0.0151324666666666
7284.5,0.139728,0.00676393333333332
7284.75,0.126474666666667,0.00760646666666664
7285,0.135373333333333,0.0202586666666666
7285.25,0.144319333333333,0.017182
7285.5,0.160933333333333,0.0195013333333333
7285.75,0.182706666666667,0.0133432666666666
7286,0.18886,0.0126758666666666
7286.25,0.168506666666667,0.00207225333333325
7286.5,0.169926666666667,0.00150993333333325
7286.75,0.171346666666667,0.0035784
7287,0.1846,0.00976959999999997
7287.25,0.149762666666667,-0.00127799999999989
7287.5,0.1704,0.0105695333333333
7287.75,0.157714666666667,-0.0025134
7288,0.161832666666667,0.00951210666666661
7288.25,0.146780666666667,0.00949885333333332
7288.5,0.143609333333333,0.0124155333333332
7288.75,0.130498,0.00512146666666657
7289,0.137645333333333,0.00540546666666661
7289.25,0.129551333333333,0.00676866666666661
7289.5,0.133385333333333,0.0147490666666666
7289.75,0.116392666666667,0.00528713333333329
7290,0.121173333333333,0.0106121333333333
7290.25,0.136698666666667,0.0144697999999999
7290.5,0.151514,0.0146875333333333
7290.75,0.180245333333333,0.0128604666666666
7291,0.226253333333333,0.0170352666666666
7291.25,0.234773333333333,0.0115905133333333
7291.5,0.232406666666667,0.00715206666666661
7291.75,0.206846666666667,0.00705266666666664
7292,0.156862666666667,0.00582199999999993
7292.25,0.162826666666667,0.0109955333333333
7292.5,0.142994,0.0085626
7292.75,0.140390666666667,0.0133385333333333
7293,0.13845,0.00855786666666661
7293.25,0.120132,0.00704319999999996
7293.5,0.113316,0.0135136666666666
7293.75,0.106736666666667,0.0111091333333333
7294,0.0913533333333332,0.0132391333333333
7294.25,0.0612966666666666,0.00381033333333325
7294.5,0.059356,0.009798
7294.75,0.043878,0.0082644
7295,0.0425053333333333,0.00774373333333332
7295.25,0.0437833333333333,0.00697693333333332
7295.5,0.042174,0.00782893333333332
7295.75,0.0422686666666666,0.00817446666666661
7296,0.042316,0.00813186666666661
7296.25,0.0432626666666666,0.00814133333333329
7296.5,0.0396653333333333,0.00813186666666661
7296.75,0.0402333333333333,0.00881346666666661
7297,0.0411799999999999,0.00896019999999997
7297.25,0.041038,0.00684913333333332
7297.5,0.0407066666666666,0.00699586666666657
7297.75,0.0407539999999999,0.00825966666666661
7298,0.04047,0.00836379999999996
7298.25,0.0434519999999999,0.0105222
7298.5,0.0416533333333333,0.00706213333333332
7298.75,0.0392393333333333,0.00702426666666661
7299,0.040896,0.00789993333333325
7299.25,0.0401386666666666,0.00826913333333329
7299.5,0.0388133333333333,0.00711893333333329
7299.75,0.0431206666666666,0.00791886666666661
7300,0.040186,0.00840639999999996
7300.25,0.038908,0.00672133333333332
7300.5,0.0399019999999999,0.00636159999999996
7300.75,0.0407539999999999,0.00722779999999993
7301,0.0416533333333333,0.00768219999999996
7301.25,0.0391446666666666,0.00682546666666657
7301.5,0.0364466666666666,0.00459133333333332
7301.75,0.0331333333333333,0.00371093333333329
7302,0.0341746666666666,0.00314766666666661
7302.25,0.0303406666666666,0.00105411333333325
7302.5,0.030814,0.00133385333333329
7302.75,0.0327546666666666,0.006603
7303,0.0290626666666666,0.00388464666666661
7303.25,0.0256073333333333,0.00092016
7303.5,0.0309086666666666,0.00335688
7303.75,0.0320446666666666,0.00203533333333332
7304,0.0281633333333333,0.00212810666666664
7304.25,0.0272166666666666,0.00252286666666657
7304.5,0.0274533333333332,0.00267243999999996
7304.75,0.0301039999999999,0.00370146666666661
7305,0.0267433333333333,0.00189806666666664
7305.25,0.0275953333333333,0.00146307333333325
7305.5,0.0262699999999999,0.00235956666666661
7305.75,0.0292993333333333,0.00346006666666657
7306,0.0280686666666666,0.00164719999999993
7306.25,0.0270273333333333,0.00140485333333332
7306.5,0.0283999999999999,0.00348183999999996
7306.75,0.0283999999999999,0.00447110666666664
7307,0.0302933333333333,0.00192173333333329
7307.25,0.0284473333333333,0.00319405333333332
7307.5,0.0275953333333333,0.00333542379999996
7307.75,0.0303406666666666,0.00476125999999993
7308,0.029536,0.00155064
7308.25,0.0264593333333333,0.00240926666666664
7308.5,0.0285893333333333,0.00323144666666664
7308.75,0.0279739999999999,0.00343829333333329
7309,0.0285893333333333,0.00201213999999996
7309.25,0.031524,0.00223791999999996
7309.5,0.0280213333333333,0.003834
7309.75,0.0265066666666666,0.00120936666666661
7310,0.0270746666666666,0.00128704066666657
7310.25,0.0280686666666666,0.00137739999999996
7310.5,0.0293466666666666,0.00326599999999993
7310.75,0.026128,0.00142520666666664
7311,0.0275006666666666,0.00172387999999993
7311.25,0.0290626666666666,0.00250620533333329
7311.5,0.02911,0.00315239999999989
7311.75,0.0334173333333333,0.00324990666666661
7312,0.0305299999999999,0.00175606666666657
7312.25,0.0321393333333332,0.0035358
7312.5,0.0337013333333333,0.00302554666666657
7312.75,0.031524,0.00312636666666661
7313,0.0318553333333333,0.00270675666666661
7313.25,0.0306246666666666,0.00203959333333332
7313.5,0.0327073333333333,0.00321393333333325
7313.75,0.032092,0.00255836666666664
7314,0.0322339999999999,0.00357366666666661
7314.25,0.0311453333333333,0.00283952666666664
7314.5,0.0326126666666666,0.00470019999999996
7314.75,0.0321393333333332,0.0041748
7315,0.037914,0.00866199999999996
7315.25,0.0392393333333333,0.00687279999999996
7315.5,0.0382453333333333,0.00717573333333325
7315.75,0.0394286666666666,0.00701953333333332
7316,0.0384346666666666,0.00709526666666664
7316.25,0.0390973333333333,0.00810819999999996
7316.5,0.0409433333333333,0.00836379999999996
7316.75,0.0378666666666666,0.0098406
7317,0.0348846666666666,0.00789519999999996
7317.25,0.035926,0.00818866666666657
7317.5,0.0361153333333333,0.00773426666666664
7317.75,0.0368253333333333,0.00985953333333325
7318,0.0387186666666666,0.00772006666666657
7318.25,0.038482,0.00774373333333332
7318.5,0.0415113333333332,0.00923473333333332
7318.75,0.0382926666666666,0.0083922
7319,0.0351213333333333,0.00780999999999996
7319.25,0.0368726666666666,0.00878506666666657
7319.5,0.0352633333333333,0.00833539999999993
7319.75,0.039334,0.00912113333333329
7320,0.0387186666666666,0.00795673333333332
7320.25,0.0377719999999999,0.00743606666666664
7320.5,0.0356419999999999,0.00834013333333332
7320.75,0.034648,0.0077958
7321,0.0339853333333333,0.00750706666666657
7321.25,0.0355946666666666,0.00782419999999993
7321.5,0.0371093333333333,0.00867146666666664
7321.75,0.0375826666666666,0.00835433333333329
7322,0.0358313333333333,0.00799459999999993
7322.25,0.0337486666666666,0.00775793333333329
7322.5,0.0351686666666666,0.0087756
7322.75,0.0367306666666666,0.00770113333333332
7323,0.03763,0.00775319999999989
7323.25,0.03834,0.00723726666666661
7323.5,0.0349793333333333,0.00686333333333329
7323.75,0.035074,0.00831173333333329
7324,0.034932,0.00798986666666664
7324.25,0.0340799999999999,0.00687279999999996
7324.5,0.0338433333333333,0.00640419999999996
7324.75,0.0341273333333333,0.00709999999999993
7325,0.0345533333333333,0.00653673333333325
7325.25,0.0334646666666666,0.00579833333333329
7325.5,0.0282106666666666,0.00257351333333329
7325.75,0.0283999999999999,0.00459606666666661
7326,0.028258,0.00460553333333329
7326.25,0.025702,0.00341273333333329
7326.5,0.0263173333333333,0.00307335333333325
7326.75,0.0262226666666666,0.00431679999999996
7327,0.0250866666666666,0.00292377999999996
7327.25,0.024424,0.00184505333333329
7327.5,0.0257493333333332,0.00194246533333332
7327.75,0.026554,0.00404226666666661
7328,0.025986,0.00299478
7328.25,0.0255126666666666,0.002748552
7328.5,0.025986,0.00262226666666664
7328.75,0.0264593333333333,0.00409811999999989
7329,0.0266013333333332,0.00376773333333325
7329.25,0.0292046666666666,0.00232737999999996
7329.5,0.0294886666666666,0.00335119999999993
7329.75,0.0304353333333332,0.00453926666666664
7330,0.0301986666666666,0.00303690666666661
7330.25,0.0306246666666666,0.00236666666666664
7330.5,0.0309559999999999,0.00454399999999993
7330.75,0.030388,0.00293466666666661
7331,0.0309086666666666,0.0030246
7331.25,0.0294886666666666,0.00234678666666661
7331.5,0.030246,0.00325464
7331.75,0.0304353333333332,0.00209686666666657
7332,0.0305773333333333,0.00377719999999993
7332.25,0.0300566666666666,0.00375353333333329
7332.5,0.0316186666666666,0.00416533333333332
7332.75,0.03124,0.00325179999999996
7333,0.03124,0.00439726666666657
7333.25,0.0304353333333332,0.005325
7333.5,0.0301986666666666,0.00423396666666661
7333.75,0.0297726666666666,0.00360064666666657
7334,0.0304826666666666,0.00515601999999996
7334.25,0.0327073333333333,0.00593086666666657
7334.5,0.0306246666666666,0.00436081999999993
7334.75,0.0296306666666666,0.00449193333333325
7335,0.0308613333333332,0.00513093333333325
7335.25,0.0326126666666666,0.0052824
7335.5,0.0292046666666666,0.00361058666666664
7335.75,0.0314293333333333,0.00508075999999993
7336,0.031666,0.00513566666666664
7336.25,0.0303406666666666,0.00449666666666664
7336.5,0.028684,0.00217969999999993
7336.75,0.02982,0.00326240266666657
7337,0.0312873333333333,0.00418379333333329
7337.25,0.0306246666666666,0.00453453333333325
7337.5,0.028968,0.00334836
7337.75,0.0318553333333333,0.00524453333333329
7338,0.0309086666666666,0.00507886666666657
7338.25,0.030814,0.00445406666666664
7338.5,0.0335593333333333,0.00493686666666661
7338.75,0.032518,0.00439395333333325
7339,0.035926,0.00857206666666657
7339.25,0.0398073333333332,0.00916373333333329
7339.5,0.0390973333333333,0.00917793333333325
7339.75,0.0389553333333333,0.00817446666666661
7340,0.0409906666666666,0.0092868
7340.25,0.0395706666666666,0.009372
7340.5,0.040044,0.0100252
7340.75,0.0383873333333333,0.00913533333333325
7341,0.039334,0.00824073333333325
7341.25,0.0402333333333333,0.0101624666666666
7341.5,0.0398546666666666,0.0106594666666666
7341.75,0.0402333333333333,0.00997786666666657
7342,0.0391446666666666,0.0100819999999999
7342.25,0.0407539999999999,0.0111517333333333
7342.5,0.0407066666666666,0.0101956
7342.75,0.040896,0.00965599999999993
7343,0.039334,0.00869986666666657
7343.25,0.040044,0.00985953333333325
7343.5,0.039192,0.00916846666666657
7343.75,0.0400913333333333,0.00913059999999996
7344,0.0351213333333333,0.00812713333333332
7344.25,0.036352,0.00993053333333329
7344.5,0.0358313333333333,0.00910219999999993
7344.75,0.0352159999999999,0.00914479999999993
7345,0.0349319999999999,0.00815079999999997
7345.25,0.0390499999999999,0.0103375999999999
7345.5,0.0388606666666666,0.00974119999999993
7345.75,0.0371566666666666,0.010792
7346,0.0348373333333333,0.00811293333333325
7346.25,0.0344586666666666,0.00797566666666657
7346.5,0.0348373333333333,0.00868093333333332
7346.75,0.0372986666666666,0.00947613333333325
7347,0.0368253333333333,0.00816973333333332
7347.25,0.0340326666666666,0.00736033333333332
7347.5,0.0344586666666666,0.00880399999999993
7347.75,0.0353106666666666,0.00865253333333329
7348,0.0341746666666666,0.00793306666666657
7348.25,0.0349793333333333,0.00771533333333329
7348.5,0.0356893333333333,0.00947139999999996
7348.75,0.0349793333333333,0.00867619999999993
7349,0.0355473333333333,0.00780526666666657
7349.25,0.0324706666666666,0.00553326666666661
7349.5,0.02769,0.0040044
7349.75,0.028684,0.00399493333333332
7350,0.0364939999999999,0.00483273333333325
7350.25,0.043594,0.00213946666666657
7350.5,0.0466706666666666,0.00266959999999993
7350.75,0.0618173333333333,0.00892233333333325
7351,0.0879453333333332,0.00236287999999993
7351.25,0.0735086666666666,0.00467179999999993
7351.5,0.117812666666667,0.00557113333333332
7351.75,0.126522,0.00635544666666661
7352,0.131918,0.0104985333333332
7352.25,0.1633,0.0159324
7352.5,0.177878666666667,0.0155726666666666
7352.75,0.17324,0.00294602666666664
7353,0.186588,0.00523506666666661
7353.25,0.1704,0.00241968
7353.5,0.168506666666667,-0.000942406666666572
7353.75,0.177973333333333,0.0051972
7354,0.184126666666667,0.0113221333333333
7354.25,0.1917,0.00780999999999996
7354.5,0.186493333333333,0.00398073333333325
7354.75,0.196906666666667,0.00540357333333325
7355,0.196906666666667,0.00723726666666661
7355.25,0.189806666666667,0.00245376
7355.5,0.1917,0.00165193333333332
7355.75,0.179393333333333,0.00527293333333332
7356,0.153786,0.00295218
7356.25,0.140296,0.00219957999999996
7356.5,0.137077333333333,0.00327546666666661
7356.75,0.139444,0.00317890666666657
7357,0.142994,0.00476504666666664
7357.25,0.149384,0.00515081333333329
7357.5,0.18034,0.00738873333333325
7357.75,0.18034,0.000104133333333333
7358,0.195486666666667,0.00035973333333325
7358.25,0.191226666666667,-0.0042174
7358.5,0.186493333333333,0.00174186666666661
7358.75,0.199983333333333,-7.1e-05
7359,0.206373333333333,0.00329108666666664
7359.25,0.181239333333333,-0.000970333333333321
7359.5,0.19738,0.0173808
7359.75,0.178825333333333,-0.00163299999999996
7360,0.179393333333333,0.00290153333333329
7360.25,0.152839333333333,0.00326126666666664
7360.5,0.160412666666667,0.00847266666666661
7360.75,0.14129,-0.00204006666666661
7361,0.136083333333333,0.00509306666666664
7361.25,0.132675333333333,0.0051546
7361.5,0.120368666666667,0.0112747999999999
7361.75,0.126001333333333,0.005964
7362,0.130024666666667,0.00359733333333325
7362.25,0.129835333333333,0.00450565999999993
7362.5,0.12709,0.00321866666666664
7362.75,0.120226666666667,0.00193356666666661
7363,0.131113333333333,0.0115777333333333
7363.25,0.129314666666667,0.00752126666666664
7363.5,0.100914666666667,0.00311453333333329
7363.75,0.0750706666666666,0.00604541333333329
7364,0.0468126666666666,0.0072846
7364.25,0.0475699999999999,0.00671659999999993
7364.5,0.0478066666666666,0.00691066666666657
7364.75,0.0457713333333332,0.00735086666666664
7365,0.0467179999999999,0.00845846666666664
7365.25,0.045724,0.00642786666666661
7365.5,0.046576,0.00669293333333329
7365.75,0.0467653333333333,0.00683493333333325
7366,0.0476646666666666,0.00923946666666661
7366.25,0.04828,0.00887026666666657
7366.5,0.0454399999999999,0.00680179999999993
7366.75,0.0498893333333333,0.0107446666666666
7367,0.040186,0.00905013333333325
7367.25,0.0402333333333333,0.0102145333333333
7367.5,0.0395706666666666,0.00869513333333329
7367.75,0.0401386666666666,0.00879453333333325
7368,0.0434519999999999,0.0091164
7368.25,0.0404699999999999,0.0106216
7368.5,0.0388133333333333,0.00943826666666664
7368.75,0.0344586666666666,0.00759226666666657
7369,0.0331806666666666,0.0070716
7369.25,0.0381506666666666,0.0101245999999999
7369.5,0.0352159999999999,0.0084348
7369.75,0.036778,0.00748813333333332
7370,0.0397126666666666,0.00845373333333325
7370.25,0.0422213333333333,0.0100772666666666
7370.5,0.0381979999999999,0.00876139999999993
7370.75,0.0392393333333333,0.00797566666666657
7371,0.0372513333333332,0.00749286666666661
7371.25,0.0358313333333333,0.0098406
7371.5,0.035784,0.00826913333333329
7371.75,0.0335593333333333,0.00729406666666657
7372,0.0364466666666666,0.00887026666666657
7372.25,0.035358,0.00974119999999993
7372.5,0.0384346666666666,0.0091164
7372.75,0.0350266666666666,0.00897913333333332
7373,0.0363046666666666,0.00834486666666661
7373.25,0.0381979999999999,0.00701953333333332
7373.5,0.0325653333333333,0.00550486666666657
7373.75,0.0300566666666666,0.00273349999999993
7374,0.0279266666666666,0.00237565999999993
7374.25,0.0293939999999999,0.00310317333333325
7374.5,0.0335593333333333,0.004047
7374.75,0.0490373333333333,0.00389079999999996
7375,0.0731773333333333,0.00407066666666664
7375.25,0.067876,0.0101577333333333
7375.5,0.108298666666667,0.00682073333333329
7375.75,0.106973333333333,-0.00216313333333332
7376,0.122356666666667,0.00455961999999996
7376.25,0.144414,0.000691066666666572
7376.5,0.143372666666667,0.00258487333333332
7376.75,0.13916,0.00406309333333332
7377,0.144698,0.0121693999999999
7377.25,0.156768,0.00581726666666664
7377.5,0.185546666666667,0.0149099999999999
7377.75,0.33512,-0.000179866666666572
7378,0.42884,0.0637579999999999
7378.25,0.378193333333333,0.00615806666666664
7378.5,0.358786666666667,0.00737453333333329
7378.75,0.348373333333333,0.00655093333333332
7379,0.35926,0.00516879999999996
7379.25,0.36778,0.00364939999999993
7379.5,0.336066666666667,-0.002982
7379.75,0.3195,0.00254179999999993
7380,0.28116,0.00371566666666657
7380.25,0.20164,0.00531079999999993
7380.5,0.18318,0.00505519999999993
7380.75,0.177026666666667,0.002556
7381,0.189333333333333,0.0223886666666666
7381.25,0.213946666666667,0.00648466666666657
7381.5,0.223413333333333,0.0109813333333333
7381.75,0.264593333333333,0.0628586666666666
7382,0.209686666666667,0.00495106666666657
7382.25,0.123413231976744,0.00474519831395346
7382.5,0.372029745343976,0.0279022309007981
7382.75,0.37204,0.049984
7383,0.531920620767494,0.0275880677200903
7383.25,0.462831831387069,0.0640441165859679
7383.5,0.437833333333333,0.0422213333333333
7383.75,0.559006666666667,0.0650833333333333
7384,0.572733333333333,0.0479013333333332
7384.25,0.401878136429608,0.0733086026124819
7384.5,0.58646,0.0486113333333333
7384.75,0.344847190860215,0.060802004704301
7385,0.0468477060878243,0.00144474725548898
7385.25,0.306892016260163,0.0403805284552846
7385.5,0.42884,0.0475699999999999
7385.75,0.365886666666667,0.0543859999999999
7386,0.28968,0.0455346666666666
7386.25,0.23856,0.0428366666666666
7386.5,0.195486666666667,0.0408013333333333
7386.75,0.163394666666667,0.0411799999999999
7387,0.157856666666667,0.0486586666666666
7387.25,0.124581333333333,0.0265066666666666
7387.5,0.110570666666667,0.0182990666666666
7387.75,0.0878506666666666,0.00916846666666657
7388,0.0528713333333333,0.0098832
7388.25,0.052114,0.00920633333333329
7388.5,0.0442093333333333,0.00981693333333325
7388.75,0.0450139999999999,0.00976959999999997
7389,0.0446826666666666,0.0114262666666666
7389.25,0.0447299999999999,0.0104417333333333
7389.5,0.0477593333333333,0.0103565333333333
7389.75,0.0451086666666666,0.0102618666666666
7390,0.0437359999999999,0.0101719333333333
7390.25,0.0446353333333333,0.0109339999999999
7390.5,0.0445879999999999,0.0102097999999999
7390.75,0.0464813333333333,0.0110286666666666
7391,0.0421266666666666,0.0114925333333333
7391.25,0.0398546666666666,0.00812713333333332
7391.5,0.0374590963762529,0.00855126846569005
7391.75,0.037204,0.0139065333333332
7392,0.0379554166666666,0.0129712636458332
7392.25,0.037801671641791,0.013107421733438
7392.5,0.0309850756482223,0.0132922172681101
7392.75,0.0350935694334651,0.0146191675362318
7393,0.0432886756400105,0.0184307680126682
7393.25,0.0407264077618287,0.0164426337054758
7393.5,0.0407864216388226,0.0179915016706444
7393.75,0.0405646666666666,0.0106973333333333
7394,0.0466136828478964,0.0194271050161812
7394.25,0.045319538702111,0.0136991807662235
7394.5,0.0391609691211401,0.0160522136711532
7394.75,0.0423633333333332,0.0125527999999999
7395,0.0459211601049868,0.0151624692913385
7395.25,0.0372513333333332,0.0108487999999999
7395.5,0.0401602653721682,0.0161641495145631
7395.75,0.0362276142076502,0.00588344021857918
7396,0.040612,0.00949033333333332
7396.25,0.0403604180064308,0.0168878979099678
7396.5,0.0355310407830342,0.007924325829255
7396.75,0.0399411014492753,0.0154442065627563
7397,0.0369325248917749,0.00737228192640688
7397.25,0.0375353333333333,0.015691
7397.5,0.041748,0.0206278666666666
7397.75,0.0317312586419753,0.0107063441975308
7398,0.0375826666666666,0.00602079999999996
7398.25,0.0322813333333333,0.00383873333333329
7398.5,0.0344586666666666,0.00566106666666661
7398.75,0.0485166666666666,0.00672133333333332
7399,0.102571333333333,0.00456766666666657
7399.25,0.0953293333333333,0.0074124
7399.5,0.111044,0.00329392666666657
7399.75,0.184126666666667,0.0277846666666666
7400,0.189806666666667,0.026128
7400.25,0.210633333333333,0.00423159999999996
7400.5,0.222466666666667,0.00428839999999993
7400.75,0.230986666666667,0.00257019999999996
7401,0.23146,0.0168932666666666
7401.25,0.23004,0.0142804666666666
7401.5,0.269326666666667,0.0219626666666666
7401.75,0.416533333333333,0.0282106666666666
7402,0.4544,0.0184978666666666
7402.25,0.453453333333333,0.0405646666666666
7402.5,0.43736,0.037488
7402.75,0.431206666666667,0.0169737333333333
7403,0.391446666666667,0.0199746666666666
7403.25,0.43736,0.0435466666666666
7403.5,0.37204,0.0279739999999999
7403.75,0.368726666666667,0.036778
7404,0.319026666666667,0.0346006666666666
7404.25,0.24992,0.028258
7404.5,0.227673333333333,0.0299146666666666
7404.75,0.193593333333333,0.0301039999999999
7405,0.229093333333333,0.0482326666666666
7405.25,0.252286666666667,0.0503153333333333
7405.5,0.245186666666667,0.0408486666666666
7405.75,0.216313333333333,0.0196906666666666
7406,0.237613333333333,0.038056
7406.25,0.261753333333333,0.0326126666666666
7406.5,0.254653333333333,0.0280213333333333
7406.75,0.24992,0.0351213333333333
7407,0.0379179229195088,0.000295127046384679
7407.25,0.418191937244202,0.0513494181446111
7407.5,0.265066666666667,0.0483273333333332
7407.75,0.25702,0.0450613333333333
7408,0.2343,0.0458659999999999
7408.25,0.253706666666667,0.0578886666666666
7408.5,0.236666666666667,0.0638526666666666
7408.75,0.20732,0.057084
7409,0.207793333333333,0.052114
7409.25,0.185073333333333,0.0662193333333332
7409.5,0.165524666666667,0.0515933333333333
7409.75,0.144272,0.044872
7410,0.155963333333333,0.0461026666666666
7410.25,0.145928666666667,0.0420793333333333
7410.5,0.130829333333333,0.0336539999999999
7410.75,0.142,0.0311453333333333
7411,0.140674666666667,0.0449666666666666
7411.25,0.134379333333333,0.038056
7411.5,0.13064,0.035074
7411.75,0.0921579999999999,0.0148105999999999
7412,0.0819813333333333,0.0161785333333333
7412.25,0.189428,0.0236666666666666
7412.5,0.230986666666667,0.0172198666666666
7412.75,0.213473333333333,0.0061344
7413,0.209213333333333,0.00302933333333329
7413.25,0.20306,0.0049842
7413.5,0.199746666666667,0.00488953333333332
7413.75,0.164199333333333,0.0040044
7414,0.111044,0.0103470666666666
7414.25,0.0658406666666666,0.0108487999999999
7414.5,0.0500313333333332,0.00910693333333332
7414.75,0.0466706666666666,0.00938146666666657
7415,0.0467179999999999,0.00885133333333332
7415.25,0.0462919999999999,0.0103896666666666
7415.5,0.0460553333333333,0.00902173333333332
7415.75,0.0479959999999999,0.00986899999999993
7416,0.0458186666666666,0.0103518
7416.25,0.0424106666666666,0.00940513333333332
7416.5,0.0451086666666666,0.0104606666666666
7416.75,0.045724,0.00967966666666657
7417,0.0464074982638888,0.0185299522569444
7417.25,0.0369025352030382,0.0116235898334794
7417.5,0.0405173333333333,0.008946
7417.75,0.036778,0.00878033333333329
7418,0.0450139999999999,0.0124013333333333
7418.25,0.0394286666666666,0.00998733333333325
7418.5,0.034806200774501,0.00867317557342858
7418.75,0.0373320584900029,0.00948461689048037
7419,0.0543859999999999,0.0113126666666666
7419.25,0.0484219999999999,0.0100819999999999
7419.5,0.0458659999999999,0.0101056666666666
7419.75,0.0443513333333333,0.00993999999999996
7420,0.0415113333333332,0.0100819999999999
7420.25,0.0420319999999999,0.00922999999999993
7420.5,0.0344123185520362,0.00712792880844643
7420.75,0.0398073333333332,0.00866199999999996
7421,0.0358924869402984,0.00872958246268654
7421.25,0.0345533333333333,0.0104938
7421.5,0.0310033333333333,0.00246133333333332
7421.75,0.0266176893542757,0.00438716558464214
7422,0.0331806666666666,0.00155101866666661
7422.25,0.0388606666666666,0.00445879999999993
7422.5,0.0378666666666666,0.00446353333333332
7422.75,0.043878,0.0047286
7423,0.0883713333333332,0.0060492
7423.25,0.0911166666666666,0.00483273333333325
7423.5,0.109955333333333,0.00435939999999996
7423.75,0.109908,-0.00120699999999996
7424,0.128036666666667,0.00320919999999996
7424.25,0.158945333333333,0.00309938666666664
7424.5,0.149336666666667,0.00254416666666657
7424.75,0.130072,-0.001065
7425,0.122167333333333,-0.00331333333333332
7425.25,0.129788,0.00452127999999996
7425.5,0.1704,0.0139917333333332
7425.75,0.248973333333333,0.016188
7426,0.28542,0.00705739999999993
7426.25,0.277373333333333,0.00231933333333325
7426.5,0.24992,0.000212999999999893
7426.75,0.249446666666667,0.00399493333333332
7427,0.255126666666667,0.00538653333333325
7427.25,0.239506666666667,0.00100819999999993
7427.5,0.212053333333333,0.0101009333333333
7427.75,0.17324,0.0101151333333333
7428,0.128226,0.00474279999999996
7428.25,0.131066,0.00424296
7428.5,0.127042666666667,0.00557775999999996
7428.75,0.115824666666667,-0.00053013333333325
7429,0.126711333333333,0.00285893333333329
7429.25,0.138308,0.00415965333333325
7429.5,0.158566666666667,0.00675919999999993
7429.75,0.150046666666667,-0.002982
7430,0.164246666666667,0.00203059999999993
7430.25,0.168033333333333,0.00411326666666664
7430.5,0.178446666666667,-0.003195
7430.75,0.172293333333333,0.00087093333333325
7431,0.172766666666667,-0.00151939999999993
7431.25,0.19454,0.00729406666666657
7431.5,0.190753333333333,0.00130639999999993
7431.75,0.202113333333333,0.0045582
7432,0.194066666666667,0.000108393333333251
7432.25,0.181286666666667,-0.00416533333333332
7432.5,0.174186666666667,9.06433333333333e-05
7432.75,0.161075333333333,-0.00117386666666664
7433,0.154874666666667,0.00425053333333332
7433.25,0.125622666666667,0.00124013333333329
7433.5,0.125386,0.00334599333333325
7433.75,0.12212,0.000701006666666643
7434,0.113978666666667,0.00217733333333329
7434.25,0.103186666666667,-0.000283526666666643
7434.5,0.106405333333333,0.00134237333333329
7434.75,0.119611333333333,0.0120605333333333
7435,0.11431,0.00830226666666661
7435.25,0.112748,0.00955659999999996
7435.5,0.0957079999999999,0.00499839999999996
7435.75,0.069154,0.00538179999999996
7436,0.0621013333333333,0.0110570666666666
7436.25,0.0558059999999999,0.0108204
7436.5,0.0572733333333333,0.0119942666666666
7436.75,0.0495106666666666,0.00504573333333325
7437,0.0576993333333332,0.0145644666666666
7437.25,0.053676,0.013206
7437.5,0.0493686666666666,0.00762066666666661
7437.75,0.050694,0.00783839999999989
7438,0.0488479999999999,0.00942406666666657
7438.25,0.0399966666666666,0.00841113333333325
7438.5,0.037914,0.00777686666666664
7438.75,0.0397126666666666,0.00970806666666661
7439,0.0360679999999999,0.00843953333333329
7439.25,0.0399966666666666,0.00816973333333332
7439.5,0.0363046666666666,0.00863359999999993
7439.75,0.0372513333333332,0.00868566666666661
7440,0.0345533333333333,0.007455
7440.25,0.0371093333333333,0.00833066666666664
7440.5,0.036636,0.00881346666666661
7440.75,0.0350266666666666,0.00880873333333332
7441,0.036636,0.00882293333333329
7441.25,0.035358,0.0088182
7441.5,0.0379613333333333,0.00898386666666661
7441.75,0.0356419999999999,0.00886553333333328
7442,0.034222,0.00833066666666664
7442.25,0.0360206666666666,0.00976486666666657
7442.5,0.0369673333333333,0.00841586666666664
7442.75,0.0358786666666666,0.00794253333333325
7443,0.0354053333333333,0.00895546666666657
7443.25,0.0355,0.0102003333333333
7443.5,0.0346953333333332,0.00752599999999993
7443.75,0.0360206666666666,0.00643733333333329
7444,0.03621,0.00880873333333332
7444.25,0.0358786666666666,0.00853893333333325
7444.5,0.034506,0.00714733333333332
7444.75,0.0355946666666666,0.00825019999999993
7445,0.035784,0.00646099999999993
7445.25,0.0347426666666666,0.00795673333333332
7445.5,0.0355473333333333,0.00755439999999996
7445.75,0.0330386666666666,0.00809873333333328
7446,0.0338906666666666,0.00566106666666661
7446.25,0.0354053333333333,0.00542676666666661
7446.5,0.035358,0.00505472666666664
7446.75,0.0524453333333333,0.00697219999999993
7447,0.0934833333333333,0.00560426666666664
7447.25,0.07881,0.00701337999999996
7447.5,0.0805613333333333,0.0090738
7447.75,0.112274666666667,-0.00160743999999996
7448,0.124865333333333,0.00364466666666664
7448.25,0.125149333333333,-0.00225306666666661
7448.5,0.125906666666667,-0.00078573333333325
7448.75,0.127752666666667,-0.00539599999999993
7449,0.142473333333333,0.00079236
7449.25,0.157478,-0.00407066666666664
7449.5,0.171346666666667,-0.00126152799999996
7449.75,0.217733333333333,0.00697219999999993
7450,0.21868,4.73333333333333e-05
7450.25,0.202113333333333,-0.00785733333333325
7450.5,0.214893333333333,-0.00336255999999996
7450.75,0.212053333333333,-0.00705266666666664
7451,0.213946666666667,-0.000329439999999964
7451.25,0.21442,-0.00282579999999996
7451.5,0.214893333333333,0.00446826666666661
7451.75,0.199273333333333,0.00530133333333325
7452,0.1704,0.00320446666666657
7452.25,0.148484666666667,0.00168979999999993
7452.5,0.131870666666667,0.00633793333333332
7452.75,0.130214,0.00354053333333329
7453,0.12993,0.000847266666666607
7453.25,0.129172666666667,-0.00225495999999996
7453.5,0.13561,-0.00132012666666661
7453.75,0.135042,-0.00279645333333325
7454,0.135420666666667,-0.00343166666666664
7454.25,0.134379333333333,-0.00441619999999993
7454.5,0.130308666666667,-0.00385151333333329
7454.75,0.130829333333333,-0.00305394666666661
7455,0.128746666666667,-0.00504099999999996
7455.25,0.120794666666667,-0.00544333333333332
7455.5,0.126332666666667,0.00117386666666664
7455.75,0.116108666666667,-0.00439726666666657
7456,0.11999,-0.00440199999999996
7456.25,0.127374,-0.00304069333333332
7456.5,0.117481333333333,-0.00239033333333329
7456.75,0.112132666666667,-0.00275716666666657
7457,0.0968913333333332,-0.00297986999999989
7457.25,0.0935779999999999,0.000851999999999893
7457.5,0.0880399999999999,-0.00270273333333325
7457.75,0.0851526666666666,-0.00288259999999993
7458,0.0798986666666666,-0.00279976666666657
7458.25,0.0847266666666666,0.000837799999999929
7458.5,0.0805139999999999,-0.00164719999999993
7458.75,0.0834013333333333,0.00136793333333329
7459,0.0848213333333333,0.00433999333333332
7459.25,0.0862886666666666,0.00257493333333325
7459.5,0.0819813333333333,0.00299619999999996
7459.75,0.0604919999999999,0.00420793333333332
7460,0.04686,0.00468126666666661
7460.25,0.0489426666666666,0.00508833333333325
7460.5,0.04828,0.00697693333333332
7460.75,0.047428,0.00508359999999996
7461,0.0477593333333333,0.00619593333333325
7461.25,0.048706,0.00555693333333325
7461.5,0.0497946666666666,0.00859573333333332
7461.75,0.037914,0.00699586666666657
7462,0.0348373333333333,0.00818866666666657
7462.25,0.032944,0.00816026666666664
7462.5,0.0356419999999999,0.0087756
7462.75,0.03337,0.00862413333333325
7463,0.033654,0.00800406666666661
7463.25,0.0321866666666666,0.00687753333333325
7463.5,0.0332753333333333,0.00818866666666657
7463.75,0.0335593333333333,0.0070716
7464,0.0310506666666666,0.00608706666666661
7464.25,0.0314293333333333,0.00681126666666661
7464.5,0.0335119999999999,0.00924893333333329
7464.75,0.0333226666666666,0.00797566666666657
7465,0.0330859999999999,0.00785259999999996
7465.25,0.0307193333333333,0.0066882
7465.5,0.0324233333333333,0.00886553333333328
7465.75,0.0327546666666666,0.00974119999999993
7466,0.0334646666666666,0.0077106
7466.25,0.0323286666666666,0.00752126666666664
7466.5,0.0315713333333333,0.00810819999999996
7466.75,0.033228,0.00938619999999996
7467,0.0339379999999999,0.00864306666666661
7467.25,0.0314293333333333,0.00696746666666664
7467.5,0.0313346666666666,0.00754019999999989
7467.75,0.0323286666666666,0.00899333333333329
7468,0.0313346666666666,0.00665506666666657
7468.25,0.0327546666666666,0.00624326666666664
7468.5,0.0307193333333333,0.00709526666666664
7468.75,0.032944,0.00900279999999997
7469,0.0318079999999999,0.00855313333333332
7469.25,0.0339379999999999,0.00774373333333332
7469.5,0.030388,0.00732246666666661
7469.75,0.0267433333333333,0.00726093333333325
7470,0.0274533333333332,0.0073272
7470.25,0.0272639999999999,0.00645153333333325
7470.5,0.0273586666666666,0.00746919999999996
7470.75,0.0271219999999999,0.00728933333333329
7471,0.0366833333333333,0.00817446666666661
7471.25,0.0306246666666666,0.00457807999999993
7471.5,0.0335593333333333,0.00678759999999996
7471.75,0.0489426666666666,0.0145881333333332
7472,0.0334646666666666,0.00598956
7472.25,0.03124,0.00512146666666657
7472.5,0.0305299999999999,0.00495816666666661
7472.75,0.0326126666666666,0.0061344
7473,0.0408013333333333,0.00926786666666664
7473.25,0.0363046666666666,0.00554273333333329
7473.5,0.0350266666666666,0.00719987333333329
7473.75,0.0387186666666666,0.006177
7474,0.035358,0.00527227066666657
7474.25,0.0352159999999999,0.00548403999999996
7474.5,0.03763,0.00522559999999993
7474.75,0.0378193333333333,0.00581442666666661
7475,0.0361626666666666,0.00578886666666661
7475.25,0.0362099999999999,0.00541800999999996
7475.5,0.0366833333333333,0.00524216666666664
7475.75,0.035784,0.00446826666666661
7476,0.03763,0.00604446666666661
7476.25,0.032518,0.00618646666666657
7476.5,0.0334173333333333,0.00572733333333325
7476.75,0.0392866666666666,0.00737453333333329
7477,0.0422213333333333,0.00961813333333332
7477.25,0.035784,0.00560152133333329
7477.5,0.0368253333333333,0.00432626666666664
7477.75,0.036636,0.00520382666666664
7478,0.042742,0.00618646666666657
7478.25,0.0365413333333333,0.00600593733333325
7478.5,0.0333226666666666,0.00583714666666657
7478.75,0.032518,0.00521991999999996
7479,0.033796,0.00605487999999996
7479.25,0.0337486666666666,0.00506750666666664
7479.5,0.0371093333333333,0.00541635333333325
7479.75,0.0381979999999999,0.00401859999999996
7480,0.0359733333333332,0.00585039999999996
7480.25,0.0352633333333333,0.00516879999999996
7480.5,0.0366833333333333,0.00508833333333325
7480.75,0.030814,0.00359136933333325
7481,0.0280213333333333,0.00597819999999996
7481.25,0.025986,0.00519246666666661
7481.5,0.0266013333333332,0.0052824
7481.75,0.0302933333333333,0.00624326666666664
7482,0.0283053333333332,0.00701479999999993
7482.25,0.0256546666666666,0.0058788
7482.5,0.0260333333333333,0.00506466666666661
7482.75,0.0270273333333333,0.00437738666666664
7483,0.0288259999999999,0.0064752
7483.25,0.0329913333333332,0.00988793333333329
7483.5,0.0330386666666666,0.00724673333333329
7483.75,0.0328966666666666,0.00650359999999993
7484,0.0325653333333333,0.00701006666666664
7484.25,0.0338433333333333,0.0079662
7484.5,0.0331333333333333,0.00719939999999989
7484.75,0.0316186666666666,0.00552379999999993
7485,0.033796,0.00878033333333329
7485.25,0.032944,0.00790466666666664
7485.5,0.0341746666666666,0.00799459999999993
7485.75,0.0313819999999999,0.00639
7486,0.0326126666666666,0.00791886666666661
7486.25,0.032092,0.00712366666666657
7486.5,0.034506,0.00921579999999996
7486.75,0.030672,0.00553326666666661
7487,0.0326599999999999,0.00722779999999993
7487.25,0.0324706666666666,0.00737926666666657
7487.5,0.0334646666666666,0.0079662
7487.75,0.0321393333333332,0.00637579999999993
7488,0.0317133333333333,0.00686333333333329
7488.25,0.0321866666666666,0.00669766666666657
7488.5,0.03124,0.00676866666666661
7488.75,0.0318553333333333,0.00686333333333329
7489,0.0319973333333333,0.00765853333333332
7489.25,0.031524,0.00687279999999996
7489.5,0.0307666666666666,0.00652726666666657
7489.75,0.0302933333333333,0.00630953333333329
7490,0.0330386666666666,0.00769639999999993
7490.25,0.031666,0.00696273333333325
7490.5,0.0317133333333333,0.00697693333333332
7490.75,0.0319026666666666,0.00699113333333329
7491,0.0310033333333333,0.00638526666666661
7491.25,0.0311453333333333,0.00668819999999989
7491.5,0.031524,0.00624799999999993
7491.75,0.0308613333333332,0.00618173333333329
7492,0.0317606666666666,0.00606339999999996
7492.25,0.0322813333333333,0.00756859999999993
7492.5,0.0315713333333333,0.00767746666666657
7492.75,0.0319499999999999,0.00725146666666657
7493,0.0303406666666666,0.00549066666666661
7493.25,0.028542,0.00460411333333332
7493.5,0.0250866666666666,0.00476646666666661
7493.75,0.0264593333333333,0.00572733333333325
7494,0.0253706666666666,0.00460695333333325
7494.25,0.024708,0.00493923333333325
7494.5,0.024708,0.00497946666666661
7494.75,0.0240926666666666,0.00518773333333332
7495,0.024708,0.00502206666666661
7495.25,0.0259386666666666,0.0063474
7495.5,0.0248026666666666,0.00603973333333332
7495.75,0.0256073333333333,0.00602553333333325
7496,0.0243766666666666,0.00514797333333325
7496.25,0.0258439999999999,0.00624799999999993
7496.5,0.0256546666666666,0.00536286666666661
7496.75,0.0249919999999999,0.00512619999999996
7497,0.0265066666666666,0.00612966666666661
7497.25,0.0248973333333332,0.00525825999999996
7497.5,0.0519246666666666,0.00648466666666657
7497.75,0.045298,0.00445879999999993
7498,0.0354526666666666,0.00516785333333329
7498.25,0.037488,0.00588305999999989
7498.5,0.050694,0.00580495999999993
7498.75,0.0486586666666666,0.00594743333333329
7499,0.0411799999999999,0.00691539999999996
7499.25,0.0355,0.00565159999999993
7499.5,0.037914,0.00601606666666657
7499.75,0.0372986666666666,0.00472434
7500,0.0417006666666666,0.00671754666666661
7500.25,0.0356893333333333,0.00540546666666661
7500.5,0.0314293333333333,0.00489994666666657
7500.75,0.0311453333333333,0.00464093866666657
7501,0.0311926666666666,0.00506466666666661
7501.25,0.0297726666666666,0.00550013333333329
7501.5,0.0268853333333333,0.00509306666666664
7501.75,0.0245186666666666,0.00503153333333329
7502,0.0265066666666666,0.00629059999999993
7502.25,0.0246133333333333,0.00672133333333332
7502.5,0.0248973333333332,0.00410853333333325
7502.75,0.0244713333333333,0.00457239999999996
7503,0.0260333333333333,0.00574153333333332
7503.25,0.0277846666666666,0.00625273333333332
7503.5,0.0249919999999999,0.00484693333333332
7503.75,0.0278793333333332,0.0070716
7504,0.0283999999999999,0.0071568
7504.25,0.026838,0.00510300666666661
7504.5,0.0244713333333333,0.00303307266666661
7504.75,0.0272639999999999,0.00490936599999996
7505,0.0277846666666666,0.0055593
7505.25,0.026554,0.00550959999999996
7505.5,0.0271693333333333,0.00579643999999993
7505.75,0.0268853333333333,0.00563787333333325
7506,0.0259386666666666,0.00505993333333332
7506.25,0.0273113333333333,0.00576046666666657
7506.5,0.0261753333333332,0.00445879999999993
7506.75,0.0250393333333333,0.00456766666666657
7507,0.0293939999999999,0.00747866666666664
7507.25,0.0341319421052631,0.00568393614035079
7507.5,0.0372986666666666,0.00610126666666657
7507.75,0.0396237207505519,0.0149647781456953
7508,0.0384671558185404,0.0071012643561566
7508.25,0.0304382556521739,0.00548547234782602
7508.5,0.0381528557300755,0.0160655983129726
7508.75,0.0371566666666666,0.00840639999999996
7509,0.0373200644972149,0.0146190061565522
7509.25,0.0387730108092316,0.00641154683026581
7509.5,0.0380838528896673,0.0156776952714535
7509.75,0.0480075447154471,0.00734510713640462
7510,0.0399720431266846,0.00672342994908653
7510.25,0.0373347883644998,0.00763644725437807
7510.5,0.0415113333333332,0.00923473333333332
7510.75,0.0368479339339339,0.0136695468468468
7511,0.0352517746827607,0.00783900649953569
7511.25,0.0319097777777778,0.0101388444444444
7511.5,0.0351574852163087,0.0145000871459695
7511.75,0.0322003187855787,0.00638789829222001
7512,0.0390442487945998,0.0158327535197685
7512.25,0.0387455585412667,0.0166316614203454
7512.5,0.0383504932821497,0.0163663449136276
7512.75,0.0388036734693877,0.0165827664399092
7513,0.0383055424330429,0.0170586721523071
7513.25,0.0398368309178743,0.0172436568115941
7513.5,0.0416771561420044,0.0169823791391769
7513.75,0.0343166666666666,0.0141526666666666
7514,0.037935502726981,0.0167946092396535
7514.25,0.0461026666666666,0.0077106
7514.5,0.035108019398642,0.0149244616876818
7514.75,0.0424045027534823,0.0067041755749918
7515,0.0384346666666666,0.00600186666666661
7515.25,0.0401140645586297,0.00772549690382078
7515.5,0.0411172329038652,0.00874153313511722
7515.75,0.0386413838988689,0.0166469727212241
7516,0.0405571733857751,0.00793612913798744
7516.25,0.0395676673267327,0.0171793193399339
7516.5,0.0395363779527558,0.0171308464566929
7516.75,0.0352633333333333,0.0151939999999999
7517,0.035019175733597,0.0150417936036926
7517.25,0.0365459371833839,0.0140327028031071
7517.5,0.0274689088319088,0.00524595940170932
7517.75,0.0344092753623188,0.00610636937941278
7518,0.0390499999999999,0.00405173333333329
7518.25,0.0411799999999999,0.00321393333333325
7518.5,0.043026,0.00276331999999993
7518.75,0.0612019999999999,0.00476646666666661
7519,0.0769639999999999,0.00487533333333325
7519.25,0.0770113333333333,0.00821706666666661
7519.5,0.0759226666666666,0.0113647333333333
7519.75,0.0777213333333332,0.00241399999999993
7520,0.0931993333333333,0.0178115333333333
7520.25,0.121078666666667,0.00663613333333332
7520.5,0.107494,0.00527766666666661
7520.75,0.129835333333333,0.0265066666666666
7521,0.108062,0.0177499999999999
7521.25,0.0985953333333332,0.00693906666666661
7521.5,0.0929153333333333,-0.00113599999999993
7521.75,0.0970806666666666,0.00611546666666664
7522,0.155395333333333,0.0645153333333332
7522.25,0.0738873333333332,-0.00312399999999996
7522.5,0.0948086666666666,-0.00205899999999996
7522.75,0.106547333333333,-0.00189333333333325
7523,0.202682046453233,0.00510967121782796
7523.25,0.169453333333333,0.00554746666666657
7523.5,0.0624799999999999,2.36666666666667e-05
7523.75,0.16756,-0.00774846666666661
7524,0.0555693333333332,0.000179866666666572
7524.25,0.0828333333333332,0.0209686666666666
7524.5,0.0550486666666666,0.00206373333333325
7524.75,0.0781473333333332,0.00577939999999993
7525,0.0586459999999999,0.00201166666666657
7525.25,0.0705266666666666,0.000586933333333321
7525.5,0.114026,0.0165193333333333
7525.75,0.165288,0.0219626666666666
7526,0.140485333333333,-0.000212999999999893
7526.25,0.143609333333333,-0.00272166666666661
7526.5,0.127326666666667,-0.0022578
7526.75,0.131965333333333,0.00159513333333325
7527,0.123066666666667,-0.000222466666666572
7527.25,0.116014,0.00192173333333329
7527.5,0.103518,0.00139159999999993
7527.75,0.0983113333333333,-0.00118333333333332
7528,0.16259,0.0616279999999999
7528.25,0.0829279999999999,-0.00061533333333325
7528.5,0.0774846666666666,0.00088182
7528.75,0.0691066666666666,0.00687753333333325
7529,0.0889393333333333,0.0230986666666666
7529.25,0.0629533333333333,0.00189333333333325
7529.5,0.145976,0.0749286666666666
7529.75,0.076822,0.00461499999999996
7530,0.0608706666666666,0.00624326666666664
7530.25,0.0642313333333333,0.00689173333333332
7530.5,0.092868,0.0189806666666666
7530.75,0.129788,0.0263646666666666
7531,0.105316666666667,-0.000804666666666607
7531.25,0.166613333333333,0.0217259999999999
7531.5,0.151466666666667,0.00847077333333325
7531.75,0.158472,0.021868
7532,0.125338666666667,0.00190753333333332
7532.25,0.143704,0.00795199999999993
7532.5,0.123019333333333,0.00168979999999993
7532.75,0.154354,0.0106121333333333
7533,0.14768,0.0141526666666666
7533.25,0.133054,0.00411799999999993
7533.5,0.114262666666667,0.0138639333333332
7533.75,0.114168,0.0300566666666666
7534,0.0759226666666666,0.0113931333333332
7534.25,0.0715206666666666,0.0114357333333332
7534.5,0.0520666666666666,0.00862413333333325
7534.75,0.0432153333333332,0.0100157333333333
7535,0.0390499999999999,0.00803719999999993
7535.25,0.0402005700325732,0.00545308908794786
7535.5,0.0372986666666666,0.014058
7535.75,0.0364939999999999,0.00940986666666661
7536,0.0351238115183245,0.00953111062827219
7536.25,0.0371424962764372,0.00833811140899603
7536.5,0.0399734449418084,0.0161079231871083
7536.75,0.0401027323187107,0.01424403652641
7537,0.0406228675635276,0.016863928490284
7537.25,0.0306992397868561,0.0133030039076376
7537.5,0.0377719999999999,0.0139822666666666
7537.75,0.0375212635314995,0.0151079936113575
7538,0.0411697231231231,0.0166621307507506
7538.25,0.0355309910554561,0.0129414075134168
7538.5,0.033228,0.0117954666666666
7538.75,0.0404470479573712,0.017506506571936
7539,0.038908,0.00967966666666657
7539.25,0.0400680255724055,0.016615190722569
7539.5,0.0346006666666666,0.00619593333333325
7539.75,0.036099890362511,0.00779321780135571
7540,0.0417570241368774,0.0121251426825542
7540.25,0.0342848330241187,0.0108056335807049
7540.5,0.0345372271493212,0.00715380150829555
7540.75,0.0399966666666666,0.00871406666666664
7541,0.0418050721772986,0.0142770942198262
7541.25,0.0317133333333333,0.0107967333333333
7541.5,0.0352877755710029,0.00831412115193639
7541.75,0.0339020867724867,0.00795304183421514
7542,0.0290626666666666,0.00517353333333325
7542.25,0.0305299999999999,0.00186919333333332
7542.5,0.0340326666666666,-5.94506666666667e-05
7542.75,0.0509306666666666,0.00913059999999996
7543,0.0908326666666667,0.0123303333333333
7543.25,0.102382,0.000780999999999964
7543.5,0.0952346666666666,-0.00128746666666657
7543.75,0.12851,0.000610599999999964
7544,0.149526,0.027406
7544.25,0.153454666666667,0.00587406666666661
7544.5,0.180813333333333,-0.00842533333333332
7544.75,0.214893333333333,-0.00866199999999996
7545,0.256073333333333,0.0107257333333333
7545.25,0.22436,-0.00691066666666657
7545.5,0.214893333333333,-0.00870933333333325
7545.75,0.23856,0.01207
7546,0.21158,-0.0100346666666666
7546.25,0.23288,0.00916373333333329
7546.5,0.236193333333333,-0.00747866666666664
7546.75,0.233353333333333,0.0162211333333333
7547,0.21016,0.00101193933333325
7547.25,0.219626666666667,-0.00381506666666664
7547.5,0.212053333333333,0.00403516666666657
7547.75,0.180813333333333,0.00125906666666664
7548,0.165666666666667,0.00911166666666661
7548.25,0.155584666666667,0.00577939999999993
7548.5,0.138781333333333,-0.00363993333333325
7548.75,0.152886666666667,0.0127231999999999
7549,0.214893333333333,0.00703373333333329
7549.25,0.216313333333333,0.0110381333333333
7549.5,0.237613333333333,-0.00305773333333332
7549.75,0.313346666666667,0.026128
7550,0.32518,0.0134899999999999
7550.25,0.262627301057318,0.0327215570395103
7550.5,0.32802,-0.00539599999999993
7550.75,0.334173333333333,-0.00135846666666661
7551,0.346006666666667,0.0214135999999999
7551.25,0.32376,0.0118428
7551.5,0.336066666666667,0.0296306666666666
7551.75,0.256661534170153,0.0449984862854486
7552,0.248091074887786,0.0193143146704465
7552.25,0.30104,0.0198326666666666
7552.5,0.253706666666667,-8.04666666666662e-05
7552.75,0.250393333333333,0.00883713333333325
7553,0.230513333333333,0.00237755333333329
7553.25,0.236193333333333,0.00464576666666664
7553.5,0.236193333333333,0.00811293333333325
7553.75,0.239506666666667,0.0131444666666666
7554,0.233826666666667,0.0120037333333333
7554.25,0.23572,0.0115540666666666
7554.5,0.245186666666667,0.02059
7554.75,0.258913333333333,0.0216786666666666
7555,0.338906666666667,0.0140296
7555.25,0.38482,0.0325653333333333
7555.5,0.340326666666667,0.0138118666666666
7555.75,0.284473333333333,0.0199415333333333
7556,0.244713333333333,0.00644206666666657
7556.25,0.245186666666667,0.0127042666666666
7556.5,0.24424,0.0165145999999999
7556.75,0.233353333333333,0.0250866666666666
7557,0.1846,0.0133290666666666
7557.25,0.162826666666667,0.00926313333333325
7557.5,0.144224666666667,0.0196812
7557.75,0.120321333333333,0.0118522666666666
7558,0.0956606666666666,0.0145455333333332
7558.25,0.0651306666666666,0.00684439999999993
7558.5,0.0600186666666666,0.00569419999999993
7558.75,0.052966,0.0111801333333332
7559,0.0388133333333333,0.00908799999999996
7559.25,0.0382453333333333,0.00913533333333325
7559.5,0.037488,0.00792359999999989
7559.75,0.0366833333333333,0.00708579999999996
7560,0.0377719999999999,0.00741239999999989
7560.25,0.0355473333333333,0.00723205999999993
7560.5,0.0353106666666666,0.00731773333333332
7560.75,0.0351686666666666,0.0070716
7561,0.0366833333333333,0.00922526666666664
7561.25,0.039618,0.00957553333333332
7561.5,0.035074,0.00807979999999993
7561.75,0.0365413333333333,0.00848213333333329
7562,0.0366833333333333,0.00911166666666661
7562.25,0.0387659999999999,0.00916846666666657
7562.5,0.0358786666666666,0.00870933333333325
7562.75,0.0333226666666666,0.00841586666666664
7563,0.032376,0.00873773333333329
7563.25,0.0319973333333333,0.00868093333333332
7563.5,0.0341746666666666,0.00772953333333325
7563.75,0.0347899999999999,0.00974119999999993
7564,0.0362573333333333,0.00860046666666661
7564.25,0.0367306666666666,0.0100299333333333
7564.5,0.036778,0.00905013333333325
7564.75,0.0379613333333333,0.00837799999999993
7565,0.0338906666666666,0.00835433333333329
7565.25,0.0278793333333332,0.00597819999999996
7565.5,0.0240453333333332,0.00286698
7565.75,0.0241873333333333,0.00233855066666664
7566,0.0246606666666666,0.00238086666666661
7566.25,0.0256073333333333,0.00123681999999996
7566.5,0.030814,0.00219072866666664
7566.75,0.0330859999999999,0.00132485999999989
7567,0.0979326666666666,0.00709526666666664
7567.25,0.0804193333333333,0.00535197999999996
7567.5,0.142615333333333,0.0172813999999999
7567.75,0.16898,0.0132912
7568,0.21726,-0.00582199999999993
7568.25,0.2769,-0.000748813333333321
7568.5,0.30956,0.0594033333333332
7568.75,0.27122,0.00739346666666664
7569,0.355,0.061486
7569.25,0.307193333333333,0.0266959999999999
7569.5,0.351213333333333,0.0430733333333333
7569.75,0.385766666666667,0.0365886666666666
7570,0.243274901585275,0.0606286668794552
7570.25,0.415586666666667,0.0549066666666666
7570.5,0.443986666666667,0.0471439999999999
7570.75,0.39902,0.0360679999999999
7571,0.395233333333333,0.0456293333333333
7571.25,0.365413333333333,0.042316
7571.5,0.3834,0.04402
7571.75,0.363046666666667,0.0405173333333333
7572,0.317133333333333,0.0449666666666666
7572.25,0.316186666666667,0.0699113333333333
7572.5,0.280686666666667,0.059782
7572.75,0.304826666666667,0.0633793333333333
7573,0.324233333333333,0.070716
7573.25,0.324233333333333,0.0660773333333333
7573.5,0.42316,0.0838273333333333
7573.75,0.479013333333333,0.0584093333333333
7574,0.522086666666667,0.113079333333333
7574.25,0.52256,0.0574153333333333
7574.5,0.48706,0.057226
7574.75,0.411264906920444,0.0618792590366475
7575,0.506206138545953,0.0354817386831275
7575.25,0.487533333333333,0.0586933333333333
7575.5,0.489426666666667,0.0708106666666666
7575.75,0.483273333333333,0.0621013333333333
7576,0.480433333333333,0.067734
7576.25,0.44588,0.0655093333333333
7576.5,0.41606,0.0586459999999999
7576.75,0.388606666666667,0.0585986666666666
7577,0.408013333333333,0.0534393333333332
7577.25,0.371093333333333,0.0679233333333332
7577.5,0.33228,0.0658406666666666
7577.75,0.33512,0.0771533333333333
7578,0.3337,0.0676866666666666
7578.25,0.33228,0.0769166666666666
7578.5,0.324706666666667,0.0780053333333333
7578.75,0.32518,0.079236
7579,0.369673333333333,0.0456766666666666
7579.25,0.37062,0.0134095333333333
7579.5,0.352633333333333,0.0149809999999999
7579.75,0.291573333333333,0.018105
7580,0.26838,0.00750043999999993
7580.25,0.243009333333333,0.0114972666666666
7580.5,0.220147333333333,0.0149809999999999
7580.75,0.210822666666667,0.0212100666666666
7581,0.193877333333333,0.0152839333333333
7581.25,0.180955333333333,0.0186398666666666
7581.5,0.140390666666667,0.0111801333333332
7581.75,0.127942,0.0108913999999999
7582,0.117623333333333,0.00498893333333329
7582.25,0.114215333333333,0.0117244666666666
7582.5,0.082786,0.0144508666666666
7582.75,0.0505046666666666,0.00979326666666661
7583,0.0382926666666666,0.00862413333333325
7583.25,0.0403279999999999,0.00860993333333328
7583.5,0.0372513333333332,0.00822653333333329
7583.75,0.0386239999999999,0.00916846666666657
7584,0.0386713333333333,0.0113032
7584.25,0.038056,0.0103944
7584.5,0.0388606666666666,0.00908326666666657
7584.75,0.0368253333333333,0.00950453333333329
7585,0.0377719999999999,0.00968913333333325
7585.25,0.0372986666666666,0.0100536
7585.5,0.0377719999999999,0.0104227999999999
7585.75,0.0398073333333332,0.0103754666666666
7586,0.0378193333333333,0.00991159999999993
7586.25,0.0361626666666666,0.00841113333333325
7586.5,0.0370146666666666,0.00900279999999997
7586.75,0.0377719999999999,0.00789519999999996
7587,0.0367306666666666,0.0101104
7587.25,0.035784,0.00900279999999997
7587.5,0.0369673333333333,0.00906906666666661
7587.75,0.035074,0.00739819999999993
7588,0.0399019999999999,0.0106831333333333
7588.25,0.0368253333333333,0.00916373333333329
7588.5,0.0372986666666666,0.00936726666666661
7588.75,0.03195,0.00756386666666664
7589,0.032376,0.00800406666666661
7589.25,0.0363993333333332,0.00840166666666657
7589.5,0.0295833333333332,0.00476646666666661
7589.75,0.0275953333333333,0.00331711999999993
7590,0.02982,0.00464813333333329
7590.25,0.0348373333333333,0.00622433333333329
7590.5,0.0310506666666666,0.00221993333333329
7590.75,0.0585986666666666,0.0178304666666666
7591,0.0906906666666666,0.0173239999999999
7591.25,0.119848,0.000851999999999893
7591.5,0.204006666666667,0.0319026666666666
7591.75,0.28968,0.0612966666666666
7592,0.308613333333333,0.0678286666666666
7592.25,0.4047,0.0779106666666666
7592.5,0.414166666666667,0.060066
7592.75,0.41038,0.0645626666666666
7593,0.405646666666667,0.0649413333333333
7593.25,0.38056,0.053676
7593.5,0.41464,0.0520193333333333
7593.75,0.405646666666667,0.062338
7594,0.414166666666667,0.0455346666666666
7594.25,0.409906666666667,0.0434046666666666
7594.5,0.442566666666667,0.0590246666666666
7594.75,0.40328,0.058078
7595,0.429313333333333,0.0700533333333332
7595.25,0.388606666666667,0.0590719999999999
7595.5,0.402806666666667,0.0902646666666666
7595.75,0.363046666666667,0.0562793333333333
7596,0.316186666666667,0.0610126666666666
7596.25,0.341746666666667,0.103328666666667
7596.5,0.296306666666667,0.0640893333333332
7596.75,0.298673333333333,0.06177
7597,0.29678,0.0513093333333332
7597.25,0.382453333333333,0.0808926666666666
7597.5,0.452506666666667,0.0655093333333333
7597.75,0.469546666666667,0.062338
7598,0.480906666666667,0.0692486666666666
7598.25,0.487533333333333,0.0688226666666666
7598.5,0.495106666666667,0.059782
7598.75,0.483273333333333,0.0633793333333333
7599,0.50268,0.0647993333333333
7599.25,0.47286,0.0520193333333333
7599.5,0.4899,0.0540546666666666
7599.75,0.486586666666667,0.0612966666666666
7600,0.47002,0.0603499999999999
7600.25,0.446826666666667,0.0611073333333332
7600.5,0.41322,0.0491793333333332
7600.75,0.418426666666667,0.069864
7601,0.370146666666667,0.0657933333333332
7601.25,0.326126666666667,0.0710946666666666
7601.5,0.295833333333333,0.0684439999999999
7601.75,0.267906666666667,0.0642786666666666
7602,0.232406666666667,0.0395706666666666
7602.25,0.226253333333333,0.0283053333333332
7602.5,0.24282,0.0331333333333333
7602.75,0.284473333333333,0.0720413333333333
7603,0.33228,0.0136698666666666
7603.25,0.366833333333333,0.0194539999999999
7603.5,0.344586666666667,0.0195013333333333
7603.75,0.34648,0.0209686666666666
7604,0.301513333333333,0.0104086
7604.25,0.267906666666667,0.0137645333333333
7604.5,0.241873333333333,0.0175559333333333
7604.75,0.243293333333333,0.0154921999999999
7605,0.200693333333333,0.0186871999999999
7605.25,0.176127333333333,0.014626
7605.5,0.147490666666667,0.00468031999999993
7605.75,0.136225333333333,0.00566343333333325
7606,0.115966666666667,0.00512146666666657
7606.25,0.105506,0.00662666666666664
7606.5,0.0610126666666666,0.0111422666666666
7606.75,0.0509306666666666,0.0115067333333333
7607,0.0453926666666666,0.0092442
7607.25,0.0491793333333332,0.0118002
7607.5,0.0470966666666666,0.00869513333333329
7607.75,0.0459606666666666,0.0103044666666666
7608,0.0430733333333333,0.0108866666666666
7608.25,0.0419373333333333,0.00975066666666661
7608.5,0.0433099999999999,0.00912113333333329
7608.75,0.0385293333333332,0.00725619999999996
7609,0.0403279999999999,0.0086052
7609.25,0.039618,0.00982639999999993
7609.5,0.0429786666666666,0.00855786666666661
7609.75,0.0396653333333333,0.00810819999999996
7610,0.0381506666666666,0.00952819999999993
7610.25,0.0372986666666666,0.00949033333333332
7610.5,0.0388133333333333,0.00893653333333332
7610.75,0.0386239999999999,0.00787626666666661
7611,0.0412746666666666,0.00866673333333325
7611.25,0.0405173333333333,0.00785259999999996
7611.5,0.0407539999999999,0.00902646666666661
7611.75,0.039192,0.00794726666666664
7612,0.041038,0.00882293333333329
7612.25,0.0382453333333333,0.00949033333333332
7612.5,0.0360206666666666,0.008946
7612.75,0.035358,0.00853419999999996
7613,0.0355,0.00835433333333329
7613.25,0.0381979999999999,0.00723253333333332
7613.5,0.0325653333333333,0.00343166666666664
7613.75,0.0329913333333332,0.00334315333333332
7614,0.0390973333333333,0.007881
7614.25,0.0328019999999999,0.00401859999999996
7614.5,0.0299146666666666,0.00235719999999996
7614.75,0.038908,0.00824073333333325
7615,0.10295,0.00704319999999996
7615.25,0.097128,0.00465759999999996
7615.5,0.111328,-0.000378666666666607
7615.75,0.122735333333333,0.000993999999999965
7616,0.240453333333333,0.0467179999999999
7616.25,0.22578,0.0600186666666666
7616.5,0.21584,0.026412
7616.75,0.28258,0.0240453333333332
7617,0.27974,0.00946666666666657
7617.25,0.277373333333333,0.0186019999999999
7617.5,0.176174768751498,0.00766906338365674
7617.75,0.27832,0.02343
7618,0.33086,0.0678286666666666
7618.25,0.229566666666667,0.0192173333333333
7618.5,0.267433333333333,0.0447299999999999
7618.75,0.210142942942943,0.00626019579579578
7619,0.238086666666667,0.0305299999999999
7619.25,0.263173333333333,0.0493213333333333
7619.5,0.226253333333333,0.0410853333333332
7619.75,0.226253333333333,0.037062
7620,0.203202,0.038482
7620.25,0.221046666666667,0.0352633333333333
7620.5,0.18886,0.027406
7620.75,0.197853333333333,0.0334173333333333
7621,0.248973333333333,0.0833066666666666
7621.25,0.219626666666667,0.0402333333333333
7621.5,0.308613333333333,0.0667873333333333
7621.75,0.343662125272671,0.0507714827048924
7622,0.487533333333333,0.123019333333333
7622.25,0.0514624476484723,0.000891699553724674
7622.5,0.237428115942029,0.00775741541062793
7622.75,0.0425958083359317,0.00123603908117654
7623,0.316814926372155,0.0488935274431057
7623.25,0.298859442724458,0.0280833000147427
7623.5,0.437971713021492,0.0482005625790138
7623.75,0.338536893104855,0.0528875118319053
7624,0.322466114054222,0.0623943309442193
7624.25,0.221797333333333,0.0361131555555555
7624.5,0.071995077506775,0.00827826135501351
7624.75,0.0477511838838135,0.00248249196533141
7625,0.28339045045045,0.0546505045045045
7625.25,0.291227091557017,0.0528294495614035
7625.5,0.212332841241945,0.0366842899824253
7625.75,0.0519929560887279,0.0105888673607967
7626,0.256407756074321,0.0291823191996188
7626.25,0.226932093333333,0.0283902493333333
7626.5,0.19979362924282,0.0345960939947781
7626.75,0.191125755496922,0.0321696816182937
7627,0.446575040518639,0.0261329097784981
7627.25,0.366643951127173,0.01944395663397
7627.5,0.441842366565962,0.0539871701913393
7627.75,0.163347333333333,0.0184836666666666
7628,0.31590732655609,0.0103482012484394
7628.25,0.112824854729109,0.0100646783471074
7628.5,0.170964622816797,0.00870880564845779
7628.75,0.108251333333333,0.00570002199999996
7629,0.0381685917159763,0.0150727958579881
7629.25,0.0383414429169157,0.0157478848774655
7629.5,0.243641005518087,0.0126589444921316
7629.75,0.208182945833333,0.0185752300416666
7630,0.0411186775884666,0.0150673631716907
7630.25,0.0568404558404558,0.0124291130104463
7630.5,0.0485842650356778,0.00630933792048928
7630.75,0.0357570669895077,0.0105941588915791
7631,0.0439605864098448,0.0190906425896201
7631.25,0.0457400841423948,0.0182201165048543
7631.5,0.0410985882352941,0.0129775058823529
7631.75,0.0406463878069432,0.0125255302286198
7632,0.0398209486745629,0.0137765348561759
7632.25,0.0417015446880269,0.0148314091062394
7632.5,0.0384853435460992,0.0143786178723403
7632.75,0.0450943026204564,0.0186483730628345
7633,0.041745800344234,0.0153115104991393
7633.25,0.0401025713445131,0.0181481932333039
7633.5,0.0393909675516224,0.0171184602359882
7633.75,0.0384216997911071,0.0155202821844225
7634,0.0381896370702541,0.0155543701046338
7634.25,0.042750609954751,0.0151991659728507
7634.5,0.041520988818374,0.014328997280145
7634.75,0.0402757460901563,0.0169757276908923
7635,0.0404967610459873,0.0101077281635106
7635.25,0.0390825497716894,0.0170674576560121
7635.5,0.0393087410138249,0.00871690230414743
7635.75,0.03231125115848,0.011640578313253
7636,0.0402508903386144,0.00874317688723205
7636.25,0.0318671338873499,0.0114100343490304
7636.5,0.032466016682113,0.0117333323447636
7636.75,0.0425115452865065,0.0114648026494147
7637,0.0401681508379888,0.0112716268156424
7637.25,0.0418259607843136,0.00863075381263616
7637.5,0.0326284749034749,0.0086143902509652
7637.75,0.033382987804878,0.0117769085365854
7638,0.0328362758620689,0.00503679094392192
7638.25,0.0275043464678736,0.00210803209087671
7638.5,0.0283548717948718,0.0035431794871794
7638.75,0.0234221626724763,0.00177904756717494
7639,0.0278881607717041,0.00424906463022508
7639.25,0.0256073333333333,0.00092016
7639.5,0.0295833333333332,0.00349035999999996
7639.75,0.0341490922294843,0.0060762490922294
7640,0.0336900707395498,0.00592774662379413
7640.25,0.0230275445476435,0.00132396560027517
7640.5,0.0288259999999999,0.00113599999999993
7640.75,0.0210490596627756,0.00137338035019446
7641,0.0328339319338421,0.00284058263358777
7641.25,0.0345710442978322,0.00452411196983972
7641.5,0.0230768342785129,0.00287041770636418
7641.75,0.025134,0.00499650666666661
7642,0.0316839146567717,0.00680967717996282
7642.25,0.0197358114233907,0.000892810516772409
7642.5,0.0350110437109723,0.0119515611061551
7642.75,0.0327073333333333,0.0108393333333333
7643,0.0203236114483954,0.000971174906042181
7643.25,0.0386571821305841,0.00594543671248563
7643.5,0.0404477756795421,0.00832581550786829
7643.75,0.0334872325581395,0.00345659529346616
7644,0.016099353283458,-0.00128224937655854
7644.25,0.0293491947411668,0.00544033853738697
7644.5,0.0296290667765869,0.00344018510579828
7644.75,0.25993652350081,0.00636974332793075
7645,0.167544648648649,0.00550415724815718
7645.25,0.0236950439648281,0.00201951771915796
7645.5,0.0277515818229577,0.00445736023115313
7645.75,0.0273470573080967,0.00333289267613034
7646,0.0270273333333333,0.00620066666666664
7646.25,0.0382743510369245,0.00567483571067267
7646.5,0.422991002994012,0.00884650079840318
7646.75,0.0334371407297096,0.00458579995035987
7647,0.0341620073475385,0.00608422527553269
7647.25,0.0376612351945854,0.00681644964950438
7647.5,0.032540621011291,0.00399909591310744
7647.75,0.418383169319826,0.00863062026049203
7648,0.418054151624549,0.0120160707581226
7648.25,0.0234925735916276,0.000133323803161807
7648.5,0.0294716046511627,0.00728760993217046
7648.75,0.0404533126385809,0.00305424892830738
7649,0.107503333825702,0.00838412991137361
7649.25,0.041608998012916,0.00198918156979624
7649.5,0.0400990859003255,0.00712453794139739
7649.75,0.0373459999999999,0.00448578
7650,0.113340836501901,0.00701060299112797
7650.25,0.0376117185628742,0.00789987664670658
7650.5,0.0386134325581395,0.00701937041860456
7650.75,0.0444933333333332,0.0138260666666666
7651,0.0416863130113485,0.0137483283188176
7651.25,0.0401015326251896,0.0147273464845725
7651.5,0.0327073333333333,0.00984533333333329
7651.75,0.0413536556260277,0.00716859497298564
7652,0.042750442883895,0.0142532898876404
7652.25,0.0432463788314176,0.00782982083333329
7652.5,0.0342693333333332,0.0120747333333333
7652.75,0.0344934695757575,0.0128609348363636
7653,0.0394560921568627,0.0144828723529411
7653.25,0.039753740465577,0.0145732089153046
7653.5,0.0519480398735716,0.0105161961585217
7653.75,0.0389034193548387,0.0163041992498124
7654,0.0434487800453514,0.00942107210884346
7654.25,0.038701380989381,0.0131167838383838
7654.5,0.0384780835303388,0.0130189717888101
7654.75,0.0377941446945337,0.0144036627009646
7655,0.0350879616306954,0.0134249592326139
7655.25,0.0383997196261682,0.0153409250259605
7655.5,0.0382036139534883,0.0153003348837208
7655.75,0.038857501180173,0.0138254894308942
7656,0.0374352836601307,0.0136162593464051
7656.25,0.0366462866141732,0.0130513877165354
7656.5,0.0387134901652242,0.0144695765538945
7656.75,0.0373393567251462,0.013742029239766
7657,0.0373234349919742,0.0142170947030498
7657.25,0.036181032,0.0127934237333333
7657.5,0.0405246754675467,0.0179027944994498
7657.75,0.0359291708366962,0.0129937564164648
7658,0.0367533376483278,0.0136775257820927
7658.25,0.0433588235294117,0.017658
7658.5,0.0423626599721059,0.0169830574058577
7658.75,0.0426254752122706,0.00775736548890714
7659,0.0329764437086092,0.0101948633554083
7659.25,0.0408059050791007,0.0172338341382181
7659.5,0.0343866152556579,0.0110112330818664
7659.75,0.034222,0.0104417333333333
7660,0.0340326666666666,0.0107825333333333
7660.25,0.0430622476832349,0.016983295703454
7660.5,0.0362909554995802,0.0125553474951021
7660.75,0.0401181755274261,0.00677614413502102
7661,0.0531553333333333,0.0102855333333332
7661.25,0.0346954959908362,0.0137590517754868
7661.5,0.0558087183226982,0.0181952353691886
7661.75,0.0335630163304514,0.00955328530259356
7662,0.0272901399808245,0.00381872444870562
7662.25,0.0273705783664458,0.00575206130558178
7662.5,0.0333381762669184,0.00310618854265027
7662.75,0.033796,0.00577466666666664
7663,0.0369924652908067,0.0139607579737335
7663.25,0.0322034174573055,0.00300754383301703
7663.5,0.0292602416745956,0.00698072540437672
7663.75,0.0263646666666666,0.00519767333333329
7664,0.0327073333333333,0.00318553333333332
7664.25,0.0942977901678657,-0.00473380581534764
7664.5,0.0212807761732851,0.000756649819494561
7664.75,0.0262676910569105,0.00359900859981931
7665,0.0422396067917783,0.00169433029490614
7665.25,0.0203119789473683,-0.000569494736842038
7665.5,0.0263401980886185,0.00483219461337967
7665.75,0.0205944981110142,-0.000188507991862752
7666,0.032064347368421,-0.00156790421052622
7666.25,0.0328883916083915,0.00965679440559431
7666.5,0.031021341002465,0.00111431301013414
7666.75,0.0346664446294754,0.00205208326394664
7667,0.0634081045751633,0.00501037254901951
7667.25,0.102640013071895,0.00447939541394326
7667.5,0.0199759365853658,0.00042703902439014
7667.75,0.0279535944131077,0.00485504827289813
7668,0.0552379999999999,0.00605866666666657
7668.25,0.0799299973607811,0.00374535887041431
7668.5,0.0940904347826087,0.0120606830039525
7668.75,0.0311664983221476,0.00464896325503352
7669,0.0292387450648618,0.0030626508742244
7669.25,0.0299146666666666,0.00470966666666664
7669.5,0.0396653333333333,0.00506466666666661
7669.75,0.024729560209424,0.000540070855148292
7670,0.020135460179554,0.000625704720532836
7670.25,0.0217733333333333,0.0008946
7670.5,0.046609662908355,0.00155993917317138
7670.75,0.0257406839899413,0.00160523084660509
7671,0.0200817721884937,0.00068419779126914
7671.25,0.0246846006371271,0.0015925548798146
7671.5,0.0338855653710247,0.00501639252061242
7671.75,0.0433388333333333,0.00644866666666658
7672,0.038174498545666,0.00698835776614306
7672.25,0.0338566750448833,0.0056570046678635
7672.5,0.037204,0.00463866666666661
7672.75,0.0422213333333333,0.00580779999999996
7673,0.0408486666666666,0.00462446666666664
7673.25,0.0403279999999999,0.00472386666666661
7673.5,0.0402333333333333,0.00561846666666661
7673.75,0.0386239999999999,0.00468268666666657
7674,0.0353106666666666,0.00352633333333332
7674.25,0.0422686666666666,0.00601133333333329
7674.5,0.0352159999999999,0.00378666666666661
7674.75,0.0353106666666666,0.00449666666666664
7675,0.03761800456621,0.0090942003424657
7675.25,0.0399031007751938,0.00918577920342153
7675.5,0.0459606666666666,0.00749286666666661
7675.75,0.0552853333333333,0.00889866666666661
7676,0.0409250815999999,0.00927194112
7676.25,0.0435466666666666,0.00879453333333325
7676.5,0.041322,0.00890813333333328
7676.75,0.0462919999999999,0.00756386666666664
7677,0.0492739999999999,0.00851053333333332
7677.25,0.0466233333333332,0.00799933333333332
7677.5,0.0445406666666666,0.00850579999999993
7677.75,0.038355582023711,0.0101994634022607
7678,0.052398,0.00941933333333328
7678.25,0.0535339999999999,0.0101293333333333
7678.5,0.0454873333333333,0.0088182
7678.75,0.045298,0.00964179999999996
7679,0.044872,0.00923473333333332
7679.25,0.0483273333333332,0.0113032
7679.5,0.0461973333333333,0.010366
7679.75,0.0436886666666666,0.00827386666666657
7680,0.0437833333333333,0.00860993333333328
7680.25,0.0412273333333333,0.00962286666666661
7680.5,0.0418426666666666,0.00798513333333325
7680.75,0.04047,0.00785733333333325
7681,0.0454873333333333,0.00897913333333332
7681.25,0.0434519999999999,0.0106405333333333
7681.5,0.0437359999999999,0.00960866666666664
7681.75,0.043878,0.00985953333333325
7682,0.0443986666666666,0.00863833333333332
7682.25,0.0427893333333332,0.00908326666666657
7682.5,0.04047,0.00934359999999996
7682.75,0.0422213333333333,0.00859099999999993
7683,0.0389553333333333,0.00888446666666664
7683.25,0.039192,0.00870933333333325
7683.5,0.0398546666666666,0.00938619999999996
7683.75,0.0392393333333333,0.00851526666666661
7684,0.0423633333333332,0.00985479999999996
7684.25,0.041464,0.00943353333333325
7684.5,0.03976,0.00903593333333329
7684.75,0.0399966666666666,0.00871406666666664
7685,0.0413693333333333,0.0105458666666666
7685.25,0.0391446666666666,0.00858626666666664
7685.5,0.0304353333333332,0.00371363133333325
7685.75,0.0307193333333333,0.00355804666666657
7686,0.0293466666666666,0.00450139999999993
7686.25,0.0334646666666666,0.00553326666666661
7686.5,0.0282106666666666,0.00367921999999993
7686.75,0.0511673333333333,0.00273870666666661
7687,0.105506,0.00886553333333328
7687.25,0.130829333333333,0.0123918666666666
7687.5,0.136604,0.00840166666666657
7687.75,0.219626666666667,0.00177026666666664
7688,0.242346666666667,0.00406119999999996
7688.25,0.260806666666667,0.0097128
7688.5,0.233353333333333,-0.00152413333333332
7688.75,0.239506666666667,-0.00454399999999993
7689,0.283526666666667,0.0407066666666666
7689.25,0.236193333333333,-0.000680653333333321
7689.5,0.213946666666667,-0.00804666666666661
7689.75,0.222466666666667,0.00185215333333332
7690,0.218206666666667,0.00091353333333325
7690.25,0.217733333333333,0.00220099999999993
7690.5,0.249805567765568,0.000212902472527446
7690.75,0.16898,-0.009798
7691,0.177973333333333,0.00491461999999993
7691.25,0.165477333333333,-0.00415586666666664
7691.5,0.149573333333333,0.00828333333333325
7691.75,0.147632666666667,0.0154827333333333
7692,0.137408666666667,0.0116724
7692.25,0.154732666666667,0.0133953333333333
7692.5,0.135988666666667,0.0141905333333333
7692.75,0.133906,0.00707633333333329
7693,0.170873333333333,0.0249919999999999
7693.25,0.193593333333333,0.0354526666666666
7693.5,0.255785624910317,0.000286157201894028
7693.75,0.0950232160392798,-0.000165463311511087
7694,0.315336886592475,0.00629728235294108
7694.25,0.333098255619782,0.00503905741811166
7694.5,0.237513743104807,0.0274966009981612
7694.75,0.37488,0.0271693333333333
7695,0.35784,0.0178446666666666
7695.25,0.365886666666667,0.0245186666666666
7695.5,0.328493333333333,0.0231933333333332
7695.75,0.307193333333333,0.0203533333333333
7696,0.2982,0.0137598
7696.25,0.295833333333333,0.0207319999999999
7696.5,0.27122,0.0103944
7696.75,0.259386666666667,0.0121552
7697,0.271693333333333,0.0160459999999999
7697.25,0.237613333333333,0.015762
7697.5,0.19738,0.0161454
7697.75,0.182233333333333,0.0148200666666666
7698,0.172766666666667,0.0172293333333332
7698.25,0.18034,0.0228146666666666
7698.5,0.199746666666667,0.0313346666666666
7698.75,0.185546666666667,0.0159513333333332
7699,0.201166666666667,0.0125244
7699.25,0.21158,0.0214751333333333
7699.5,0.212526666666667,0.0181286666666666
7699.75,0.213,0.0136462
7700,0.21442,0.0138260666666666
7700.25,0.21584,0.022578
7700.5,0.204953333333333,0.0129787999999999
7700.75,0.194066666666667,0.0203533333333333
7701,0.165619333333333,0.0202113333333333
7701.25,0.145739333333333,0.0159560666666666
7701.5,0.129882666666667,0.0134332
7701.75,0.111848666666667,0.0158945333333333
7702,0.103281333333333,0.0148816
7702.25,0.0923946666666666,0.0108535333333333
7702.5,0.074124,0.00824546666666664
7702.75,0.0513566666666666,0.00747866666666664
7703,0.0424579999999999,0.00723726666666661
7703.25,0.0397126666666666,0.00758753333333329
7703.5,0.03763,0.00646099999999993
7703.75,0.0426946666666666,0.0076254
7704,0.0360679999999999,0.00637579999999993
7704.25,0.03763,0.00771533333333329
7704.5,0.0364939999999999,0.00693906666666661
7704.75,0.0360206666666666,0.00687279999999996
7705,0.0394759999999999,0.00896019999999997
7705.25,0.0369673333333333,0.00874719999999996
7705.5,0.03621,0.00626693333333329
7705.75,0.0365886666666666,0.00735086666666664
7706,0.0394759999999999,0.00716626666666657
7706.25,0.036636,0.00921579999999996
7706.5,0.0348373333333333,0.00715206666666661
7706.75,0.0337013333333333,0.00753546666666661
7707,0.0341746666666666,0.00811293333333325
7707.25,0.038056,0.00803246666666664
7707.5,0.033228,0.00709526666666664
7707.75,0.0331333333333333,0.00540546666666661
7708,0.0348373333333333,0.0076254
7708.25,0.037062,0.00858626666666664
7708.5,0.0311926666666666,0.0052824
7708.75,0.0317606666666666,0.00572259999999996
7709,0.0336066666666666,0.00689646666666661
7709.25,0.030814,0.00508833333333325
7709.5,0.0262699999999999,0.00411894666666661
7709.75,0.0258439999999999,0.00347426666666664
7710,0.0264593333333333,0.00624799999999993
7710.25,0.028968,0.00505993333333332
7710.5,0.0288733333333333,0.00513708666666661
7710.75,0.0505993333333333,0.0127894666666666
7711,0.110334,0.0116014
7711.25,0.102382,0.0139680666666666
7711.5,0.116250666666667,0.0194066666666666
7711.75,0.154732666666667,0.00453453333333325
7712,0.167370666666667,0.00931519999999993
7712.25,0.179866666666667,0.0096276
7712.5,0.21868,0.0135042
7712.75,0.242346666666667,-0.00134379333333325
7713,0.22294,0.00426
7713.25,0.237613333333333,0.00289679999999989
7713.5,0.244713333333333,0.00435608666666664
7713.75,0.228146666666667,-0.000503626666666572
7714,0.22578,0.00201971333333329
7714.25,0.206846666666667,-0.00323854666666657
7714.5,0.204953333333333,0.00802773333333325
7714.75,0.209686666666667,0.0092868
7715,0.201308666666667,-0.00709999999999993
7715.25,0.175654,0.00115540666666657
7715.5,0.170258,-0.00693906666666661
7715.75,0.175701333333333,-0.00396179999999989
7716,0.171204666666667,-0.000459133333333321
7716.25,0.180813333333333,-0.00852
7716.5,0.196906666666667,0.00547315333333332
7716.75,0.1988,0.00828806666666664
7717,0.206846666666667,0.0094572
7717.25,0.2059,0.0104417333333333
7717.5,0.233826666666667,0.0172766666666666
7717.75,0.30814,0.0299146666666666
7718,0.40044,0.0746446666666666
7718.25,0.373933333333333,0.053676
7718.5,0.370146666666667,0.0434046666666666
7718.75,0.4402,0.088608
7719,0.3834,0.033228
7719.25,0.372986666666667,0.02769
7719.5,0.39902,0.0447299999999999
7719.75,0.425053333333333,0.0765853333333333
7720,0.403753333333333,0.0701953333333333
7720.25,0.38056,0.0550486666666666
7720.5,0.366833333333333,0.0443513333333333
7720.75,0.301986666666667,0.0272166666666666
7721,0.3053,0.03337
7721.25,0.274533333333333,0.0417953333333333
7721.5,0.254653333333333,0.0445879999999999
7721.75,0.245186666666667,0.0346953333333332
7722,0.31666,0.10792
7722.25,0.20448,0.0283526666666666
7722.5,0.18034,0.0365413333333333
7722.75,0.186493333333333,0.0220099999999999
7723,0.196338666666667,0.0267906666666666
7723.25,0.31268631998406,0.0408715552898983
7723.5,0.395477005223447,0.0227541195589089
7723.75,0.263646666666667,0.0446353333333333
7724,0.209213333333333,0.00874719999999996
7724.25,0.305014947498456,0.0295068807906114
7724.5,0.18176,-0.000918266666666643
7724.75,0.183653333333333,0.0117907333333333
7725,0.155679333333333,0.00728933333333329
7725.25,0.153833333333333,0.00818535333333325
7725.5,0.130971333333333,0.00684023466666661
7725.75,0.122451333333333,0.005325
7726,0.104606666666667,0.0164530666666666
7726.25,0.0807979999999999,0.00377719999999993
7726.5,0.0568946666666666,0.00594979999999993
7726.75,0.0476646666666666,0.00539599999999993
7727,0.0429313333333333,0.005325
7727.25,0.0402333333333333,0.00545753333333329
7727.5,0.040186,0.0059214
7727.75,0.0369673333333333,0.0048138
7728,0.0386239999999999,0.00440673333333325
7728.25,0.0382926666666666,0.00488006666666664
7728.5,0.0364466666666666,0.00558533333333329
7728.75,0.0370146666666666,0.00482799999999996
7729,0.0372986666666666,0.00347426666666664
7729.25,0.038056,0.004899
7729.5,0.0364939999999999,0.00621486666666661
7729.75,0.0372986666666666,0.00608706666666661
7730,0.0356419999999999,0.00487533333333325
7730.25,0.0363993333333332,0.00461499999999996
7730.5,0.0336066666666666,0.00588826666666657
7730.75,0.032518,0.00486113333333329
7731,0.0328966666666666,0.00551906666666664
7731.25,0.0339853333333333,0.00506939999999989
7731.5,0.0388606666666666,0.00580779999999996
7731.75,0.0362573333333333,0.00588826666666657
7732,0.0375353333333333,0.00522086666666664
7732.25,0.0335593333333333,0.00415113333333325
7732.5,0.0318079999999999,0.00433573333333332
7732.75,0.0329913333333332,0.00354432
7733,0.0306246666666666,0.00281775333333325
7733.25,0.0272639999999999,0.00251387333333329
7733.5,0.0265066666666666,0.00301844666666664
7733.75,0.0304353333333332,0.00318032666666664
7734,0.028684,0.00393718666666657
7734.25,0.025276,0.00290153333333329
7734.5,0.0256073333333333,0.00305773333333332
7734.75,0.0440673333333333,0.00628113333333325
7735,0.08733,0.00624942
7735.25,0.101908666666667,0.00185546666666664
7735.5,0.152271333333333,0.0183227333333333
7735.75,0.203533333333333,0.0275953333333333
7736,0.199273333333333,0.00273539333333329
7736.25,0.231933333333333,0.0119232666666666
7736.5,0.259386666666667,0.00824546666666664
7736.75,0.260333333333333,0.0163158
7737,0.287313333333333,0.00722306666666664
7737.25,0.280213333333333,-0.000127799999999893
7737.5,0.275006666666667,0.00743606666666664
7737.75,0.26554,0.00343166666666664
7738,0.296306666666667,0.00977433333333325
7738.25,0.288733333333333,0.00458659999999993
7738.5,0.250866666666667,0.00258439999999993
7738.75,0.25134,-0.00113126666666664
7739,0.232406666666667,0.00764101999999993
7739.25,0.226253333333333,0.0126238
7739.5,0.23004,0.0110191999999999
7739.75,0.193593333333333,0.00433383999999996
7740,0.178446666666667,0.00711419999999989
7740.25,0.177973333333333,0.0153312666666666
7740.5,0.173713333333333,0.0109624
7740.75,0.185073333333333,0.0186966666666666
7741,0.21016,0.0148721333333333
7741.25,0.185783333333333,0.0103801999999999
7741.5,0.266486666666667,0.023146
7741.75,0.357366666666667,0.0213946666666666
7742,0.359733333333333,0.0118428
7742.25,0.346006666666667,0.00656986666666657
7742.5,0.346953333333333,0.00061533333333325
7742.75,0.32944,0.0112511333333333
7743,0.317133333333333,0.0213946666666666
7743.25,0.310506666666667,0.0212574
7743.5,0.290626666666667,0.0253706666666666
7743.75,0.264593333333333,0.0237139999999999
7744,0.281633333333333,0.0292046666666666
7744.25,0.304826666666667,0.0429313333333333
7744.5,0.309086666666667,0.0479959999999999
7744.75,0.2698,0.0499366666666666
7745,0.24708,0.0638999999999999
7745.25,0.256546666666667,0.0568473333333332
7745.5,0.2059,0.0372513333333332
7745.75,0.203533333333333,0.0514039999999999
7746,0.21158,0.0462446666666666
7746.25,0.223413333333333,0.051972
7746.5,0.188386666666667,0.0327546666666666
7746.75,0.153218,0.0143609333333333
7747,0.168601333333333,0.0205426666666666
7747.25,0.166282,0.00323286666666661
7747.5,0.180576666666667,0.01633
7747.75,0.188718,0.00883239999999996
7748,0.177405333333333,0.0090312
7748.25,0.178967333333333,0.00860046666666661
7748.5,0.173145333333333,0.0206373333333332
7748.75,0.145171333333333,0.0183653333333333
7749,0.131397333333333,0.0117339333333332
7749.25,0.10863,0.0114025999999999
7749.5,0.102145333333333,0.00613913333333329
7749.75,0.0974593333333333,0.00592613333333329
7750,0.0989266666666666,0.00885133333333332
7750.25,0.0921579999999999,0.00968439999999996
7750.5,0.065746,0.00764433333333325
7750.75,0.0434046666666666,0.00922053333333325
7751,0.0369199999999999,0.00891286666666657
7751.25,0.0423633333333332,0.00978853333333332
7751.5,0.0390499999999999,0.00885133333333332
7751.75,0.0341746666666666,0.00763959999999996
7752,0.0368253333333333,0.00871406666666664
7752.25,0.0350266666666666,0.00930573333333325
7752.5,0.0398546666666666,0.00950926666666657
7752.75,0.0336066666666666,0.00709526666666664
7753,0.0357366666666666,0.00736033333333332
7753.25,0.0355473333333333,0.00856733333333328
7753.5,0.0361626666666666,0.00927733333333332
7753.75,0.0344113333333333,0.0088182
7754,0.0321393333333332,0.00707633333333329
7754.25,0.0340326666666666,0.00780999999999996
7754.5,0.0335119999999999,0.0086478
7754.75,0.0347899999999999,0.00681599999999989
7755,0.0319026666666666,0.00806086666666657
7755.25,0.0338433333333333,0.00758753333333329
7755.5,0.0335119999999999,0.00792359999999989
7755.75,0.0343639999999999,0.00632846666666664
7756,0.0338906666666666,0.00820286666666664
7756.25,0.0325653333333333,0.00767273333333329
7756.5,0.0331333333333333,0.00742186666666657
7756.75,0.0315713333333333,0.00682073333333329
7757,0.0314293333333333,0.00619119999999996
7757.25,0.0283053333333332,0.00629059999999993
7757.5,0.0268853333333333,0.00646573333333332
7757.75,0.024424,0.00481995333333325
7758,0.0270273333333333,0.00534866666666664
7758.25,0.0274533333333332,0.00584566666666657
7758.5,0.025276,0.00623379999999996
7758.75,0.0255126666666666,0.00592613333333329
7759,0.0257966666666666,0.00576046666666657
7759.25,0.0280213333333333,0.00595453333333332
7759.5,0.0268853333333333,0.00572733333333325
7759.75,0.0263646666666666,0.00441051999999996
7760,0.0277846666666666,0.003891084
7760.25,0.027832,0.00479912666666664
7760.5,0.0320446666666666,0.00622433333333329
7760.75,0.0278793333333332,0.00491840666666664
7761,0.0296306666666666,0.00430449333333325
7761.25,0.0292046666666666,0.00514513333333332
7761.5,0.0337486666666666,0.00688699999999993
7761.75,0.0310506666666666,0.00606813333333325
7762,0.0294413333333333,0.00479959999999993
7762.25,0.0295833333333332,0.00539126666666664
7762.5,0.0358786666666666,0.00687753333333325
7762.75,0.0399019999999999,0.00705266666666664
7763,0.036636,0.00703373333333329
7763.25,0.0358786666666666,0.00567999999999996
7763.5,0.0343639999999999,0.00565159999999993
7763.75,0.035358,0.00672606666666661
7764,0.0388133333333333,0.00743606666666664
7764.25,0.0378666666666666,0.00669766666666657
7764.5,0.0343166666666666,0.0049416
7764.75,0.0356419999999999,0.00627166666666657
7765,0.0373933333333333,0.00576046666666657
7765.25,0.0391446666666666,0.00626693333333329
7765.5,0.0375826666666666,0.00763959999999996
7765.75,0.0362573333333333,0.00473333333333329
7766,0.0360679999999999,0.00524121999999996
7766.25,0.038056,0.00621344666666664
7766.5,0.0401386666666666,0.00754493333333329
7766.75,0.036636,0.0071568
7767,0.0362573333333333,0.00524453333333329
7767.25,0.0368726666666666,0.0061344
7767.5,0.0396653333333333,0.00560426666666664
7767.75,0.035926,0.00640893333333325
7768,0.0359733333333332,0.00569467333333332
7768.25,0.0338433333333333,0.00564686666666664
7768.5,0.037914,0.00650833333333332
7768.75,0.0388606666666666,0.00642786666666661
7769,0.037488,0.00765379999999993
7769.25,0.0373459999999999,0.00667305333333325
7769.5,0.0337486666666666,0.00447962666666664
7769.75,0.0360206666666666,0.00536759999999989
7770,0.0384346666666666,0.00630953333333329
7770.25,0.035926,0.00733666666666657
7770.5,0.0346006666666666,0.00572733333333325
7770.75,0.0323286666666666,0.00631899999999996
7771,0.0360679999999999,0.00629533333333332
7771.25,0.041748,0.00926313333333325
7771.5,0.0414166666666666,0.00960393333333325
7771.75,0.0418426666666666,0.00944299999999993
7772,0.0419373333333333,0.00944773333333332
7772.25,0.0406593333333332,0.00798513333333325
7772.5,0.0421266666666666,0.00889393333333332
7772.75,0.0411326666666666,0.00897913333333332
7773,0.0393813333333332,0.00787153333333332
7773.25,0.0408486666666666,0.00868093333333332
7773.5,0.0415586666666666,0.00710473333333332
7773.75,0.0418426666666666,0.00942879999999996
7774,0.0412273333333333,0.0094572
7774.25,0.041038,0.00912113333333329
7774.5,0.040896,0.00958973333333329
7774.75,0.0409433333333333,0.00723253333333332
7775,0.038908,0.00859573333333332
7775.25,0.0409433333333333,0.00913059999999996
7775.5,0.0365413333333333,0.00608233333333332
7775.75,0.0407539999999999,0.00792833333333329
7776,0.03834,0.00725619999999996
7776.25,0.0385766666666666,0.00822653333333329
7776.5,0.038056,0.00767273333333329
7776.75,0.0373933333333333,0.00780526666666657
7777,0.0366833333333333,0.00753073333333332
7777.25,0.0417953333333333,0.00937673333333328
7777.5,0.0377719999999999,0.00776739999999996
7777.75,0.0379613333333333,0.00757806666666661
7778,0.0390973333333333,0.0085626
7778.25,0.0369199999999999,0.00795673333333332
7778.5,0.042742,0.00875193333333325
7778.75,0.0373459999999999,0.00754966666666657
7779,0.0370146666666666,0.00758753333333329
7779.25,0.0401386666666666,0.00865253333333329
7779.5,0.0386239999999999,0.00745026666666661
7779.75,0.0376773333333333,0.00827386666666657
7780,0.0384346666666666,0.00851053333333332
7780.25,0.0383873333333333,0.0094998
7780.5,0.0354526666666666,0.00873773333333329
7780.75,0.0354526666666666,0.0082218
7781,0.0348846666666666,0.00872826666666661
7781.25,0.0311453333333333,0.00697219999999993
7781.5,0.0342693333333332,0.00736033333333332
7781.75,0.03124,0.0067308
7782,0.0347899999999999,0.00625746666666661
7782.25,0.0337486666666666,0.00647046666666661
7782.5,0.0280686666666666,0.00531553333333332
7782.75,0.0301986666666666,0.00570996199999993
7783,0.0322339999999999,0.00702426666666661
7783.25,0.0356419999999999,0.00621013333333332
7783.5,0.0378193333333333,0.00991633333333332
7783.75,0.0374406666666666,0.00673553333333329
7784,0.0351213333333333,0.00580732666666657
7784.25,0.0399966666666666,0.00649886666666664
7784.5,0.0369673333333333,0.0054954
7784.75,0.0356419999999999,0.00652726666666657
7785,0.0383873333333333,0.00612493333333332
7785.25,0.0395706666666666,0.00649886666666664
7785.5,0.0372513333333332,0.00560616
7785.75,0.0494633333333333,0.0107683333333333
7786,0.0505519999999999,0.008946
7786.25,0.0581253333333332,0.00614433999999996
7786.5,0.0551906666666666,0.00772953333333325
7786.75,0.0542913333333332,0.0134994666666666
7787,0.0518299999999999,0.00975066666666661
7787.25,0.0441619999999999,0.00631426666666657
7787.5,0.0438306666666666,0.00630006666666661
7787.75,0.0441146666666666,0.0059214
7788,0.049558,0.00948559999999993
7788.25,0.0582199999999999,0.0110286666666666
7788.5,0.0497946666666666,0.00656513333333329
7788.75,0.0595926666666666,0.0126427333333333
7789,0.0487533333333333,0.00678286666666657
7789.25,0.0470493333333332,0.0108204
7789.5,0.046434,0.00770113333333332
7789.75,0.043594,0.0061344
7790,0.0446826666666666,0.0069864
7790.25,0.0462446666666666,0.00576046666666657
7790.5,0.052824,0.00862886666666664
7790.75,0.0508833333333332,0.0101624666666666
7791,0.0470966666666666,0.00636633333333325
7791.25,0.0439253333333333,0.00554273333333329
7791.5,0.0498893333333333,0.0106973333333333
7791.75,0.041464,0.00772006666666657
7792,0.0459133333333333,0.0081792
7792.25,0.0423633333333332,0.0069438
7792.5,0.0417953333333333,0.00674499999999996
7792.75,0.0392393333333333,0.00566437999999993
7793,0.041322,0.00523506666666661
7793.25,0.0409433333333333,0.00742659999999996
7793.5,0.0402806666666666,0.0071568
7793.75,0.0386713333333333,0.00646573333333332
7794,0.0399493333333333,0.00629059999999993
7794.25,0.0384346666666666,0.00710946666666661
7794.5,0.0384346666666666,0.00698687333333329
7794.75,0.0373459999999999,0.00613439999999989
7795,0.0389553333333333,0.00654951333333325
7795.25,0.0415113333333332,0.00731299999999993
7795.5,0.0446353333333333,0.0111043999999999
7795.75,0.0447773333333333,0.00573679999999993
7796,0.0436413333333333,0.00668346666666661
7796.25,0.0470966666666666,0.00801826666666657
7796.5,0.0449193333333332,0.00785733333333325
7796.75,0.0447299999999999,0.00797093333333329
7797,0.0445406666666666,0.007455
7797.25,0.0446826666666666,0.00852
7797.5,0.0461026666666666,0.00747393333333325
7797.75,0.0465286666666666,0.0083496
7798,0.0432153333333332,0.00701479999999993
7798.25,0.042316,0.00831646666666657
7798.5,0.0454873333333333,0.0088182
7798.75,0.0410853333333332,0.00819813333333325
7799,0.0433099999999999,0.0094146
7799.25,0.0428366666666666,0.00931993333333332
7799.5,0.0417006666666666,0.00847266666666661
7799.75,0.0435466666666666,0.0072846
7800,0.039334,0.00772953333333325
7800.25,0.0419846666666666,0.00930573333333325
7800.5,0.040612,0.0070716
7800.75,0.0386239999999999,0.00725146666666657
7801,0.042316,0.00892706666666664
7801.25,0.0398546666666666,0.0079662
7801.5,0.0381506666666666,0.00666453333333325
7801.75,0.0392393333333333,0.00723253333333332
7802,0.0404226666666666,0.00861466666666657
7802.25,0.0375353333333333,0.00831646666666657
7802.5,0.0388606666666666,0.00765379999999993
7802.75,0.0404226666666666,0.00949506666666661
7803,0.04189,0.00959446666666657
7803.25,0.0393813333333332,0.0066456
7803.5,0.0385293333333332,0.00720886666666657
7803.75,0.0363046666666666,0.0081792
7804,0.038482,0.00912113333333329
7804.25,0.0368253333333333,0.00789519999999996
7804.5,0.037914,0.00706686666666661
7804.75,0.0399966666666666,0.00705739999999993
7805,0.0405173333333333,0.00935306666666664
7805.25,0.036778,0.00713313333333325
7805.5,0.0313819999999999,0.00486113333333329
7805.75,0.0289206666666666,0.00350266666666657
7806,0.028968,0.00299146666666657
7806.25,0.0299146666666666,0.00257493333333325
7806.5,0.0284473333333333,0.00355473333333325
7806.75,0.0297253333333333,0.00436886666666664
7807,0.0317133333333333,0.00529186666666657
7807.25,0.0310506666666666,0.00301465999999993
7807.5,0.03124,0.00167317653333325
7807.75,0.030388,0.00350739999999996
7808,0.0296306666666666,0.00308139999999996
7808.25,0.0280213333333333,0.00251813333333329
7808.5,0.030672,0.00201166666666657
7808.75,0.0366833333333333,0.00320588666666664
7809,0.0329913333333332,0.0028542
7809.25,0.034506,0.0045156
7809.5,0.031524,0.00355946666666664
7809.75,0.0373459999999999,0.00611073333333325
7810,0.0328019999999999,0.00287455333333332
7810.25,0.0289206666666666,0.00265066666666657
7810.5,0.0307193333333333,0.00362147333333329
7810.75,0.0348373333333333,0.00507886666666657
7811,0.0346953333333332,0.00230797333333332
7811.25,0.0329913333333332,0.00262699999999993
7811.5,0.0340326666666666,0.00283526666666664
7811.75,0.0375353333333333,0.00399493333333332
7812,0.0350266666666666,0.00289206666666661
7812.25,0.0346953333333332,0.00279739999999993
7812.5,0.0348846666666666,0.00317275333333332
7812.75,0.0335593333333333,0.00331191333333325
7813,0.0368253333333333,0.00175653999999996
7813.25,0.0355473333333333,0.00315713333333329
7813.5,0.0354526666666666,0.0035784
7813.75,0.0380086666666666,0.00406593333333325
7814,0.0340326666666666,0.00218206666666657
7814.25,0.03976,0.00275006666666664
7814.5,0.0337013333333333,0.00335025333333325
7814.75,0.034932,0.00306246666666661
7815,0.033796,0.00260759333333329
7815.25,0.0338906666666666,0.00219058666666657
7815.5,0.034506,0.00250866666666661
7815.75,0.0341746666666666,0.00369673333333332
7816,0.0319973333333333,0.00212952666666661
7816.25,0.0354053333333333,0.00297253333333332
7816.5,0.0354053333333333,0.00330291999999996
7816.75,0.0354526666666666,0.00322339999999993
7817,0.03195,0.00170873333333329
7817.25,0.0360206666666666,0.00225259333333332
7817.5,0.0335119999999999,0.00200030666666664
7817.75,0.0328019999999999,0.00261611333333329
7818,0.0333226666666666,0.00144839999999989
7818.25,0.0325653333333333,0.00144366666666661
7818.5,0.0362573333333333,0.00441619999999993
7818.75,0.0314293333333333,0.00348373333333332
7819,0.0330859999999999,0.0034932
7819.25,0.0366833333333333,0.00496526666666664
7819.5,0.0411326666666666,0.00862413333333325
7819.75,0.0416059999999999,0.00642786666666661
7820,0.0399966666666666,0.00786679999999993
7820.25,0.0422213333333333,0.0100536
7820.5,0.0452033333333333,0.00906906666666661
7820.75,0.0405646666666666,0.00761593333333332
7821,0.0413693333333333,0.00764433333333325
7821.25,0.0428366666666666,0.00897439999999993
7821.5,0.0410853333333332,0.00717099999999996
7821.75,0.048138,0.00736506666666661
7822,0.040044,0.00673553333333329
7822.25,0.0405646666666666,0.00811766666666664
7822.5,0.0432626666666666,0.00808926666666661
7822.75,0.0386239999999999,0.0070716
7823,0.0411326666666666,0.00652253333333329
7823.25,0.0353106666666666,0.00731773333333332
7823.5,0.0329913333333332,0.00623379999999996
7823.75,0.0331806666666666,0.00655566666666661
7824,0.0399966666666666,0.00672133333333332
7824.25,0.0365413333333333,0.00731299999999993
7824.5,0.0395192363413136,0.00810191503990169
7824.75,0.032518,0.00733666666666657
7825,0.0404226666666666,0.00792833333333329
7825.25,0.0496999999999999,0.00629533333333332
7825.5,0.036636,0.00722779999999993
7825.75,0.0315713333333333,0.00667399999999993
7826,0.0383873333333333,0.00763486666666657
7826.25,0.0423633333333332,0.00828333333333325
7826.5,0.0331806666666666,0.00695799999999996
7826.75,0.0324706666666666,0.00718519999999993
7827,0.0356893333333333,0.00784313333333328
7827.25,0.0365413333333333,0.00726566666666664
7827.5,0.0322813333333333,0.00706686666666661
7827.75,0.0364466666666666,0.00783839999999989
7828,0.0361626666666666,0.00856733333333328
7828.25,0.0365886666666666,0.00792833333333329
7828.5,0.0358786666666666,0.00726566666666664
7828.75,0.0361153333333333,0.00778633333333332
7829,0.032944,0.00686333333333329
7829.25,0.0315713333333333,0.00539599999999993
7829.5,0.0275479999999999,0.00391446666666661
7829.75,0.0260333333333333,0.00506466666666661
7830,0.0285419999999999,0.00818866666666657
7830.25,0.027417686583991,0.00648790048853807
7830.5,0.0274830242424242,0.00750315090909089
7830.75,0.0248131258925216,0.00520792604284096
7831,0.0250008513873051,0.00291377847206385
7831.25,0.0280213333333333,0.00595453333333332
7831.5,0.025986,0.00556166666666664
7831.75,0.033927584604212,0.00603683558460416
7832,0.0311926666666666,0.00571171333333332
7832.25,0.03337,0.00514513333333332
7832.5,0.0330859999999999,0.00569703999999996
7832.75,0.0294886666666666,0.00513803333333329
7833,0.032518,0.00666453333333325
7833.25,0.029394,0.00458186666666664
7833.5,0.0307193333333333,0.00554131333333332
7833.75,0.0333226666666666,0.00714733333333332
7834,0.0317606666666666,0.00667399999999993
7834.25,0.0283999999999999,0.00519246666666661
7834.5,0.0332753333333333,0.00504573333333325
7834.75,0.0283053333333332,0.00577466666666664
7835,0.02185738063279,0.00086675819750712
7835.25,0.0325653333333333,0.00599239999999993
7835.5,0.0307193333333333,0.00493213333333332
7835.75,0.0419966627373935,0.00576332154551408
7836,0.0354053333333333,0.00726093333333325
7836.25,0.034932,0.00607286666666664
7836.5,0.0349793333333333,0.00428366666666664
7836.75,0.0331333333333333,0.00501733333333332
7837,0.0358313333333333,0.00580401333333325
7837.25,0.0364939999999999,0.00566106666666661
7837.5,0.0339853333333333,0.00464813333333329
7837.75,0.0352159999999999,0.00475037333333329
7838,0.035074,0.00539126666666664
7838.25,0.03337,0.0058362
7838.5,0.0359733333333332,0.00592613333333329
7838.75,0.036778,0.00596873333333329
7839,0.034932,0.00620066666666664
7839.25,0.03408,0.00545279999999989
7839.5,0.033796,0.00500313333333325
7839.75,0.0329913333333332,0.00542439999999996
7840,0.0364939999999999,0.00688226666666664
7840.25,0.033796,0.00564686666666664
7840.5,0.0351213333333333,0.00607759999999993
7840.75,0.0331333333333333,0.00605866666666657
7841,0.0359733333333332,0.005751
7841.25,0.0314293333333333,0.00428366666666664
7841.5,0.0369673333333333,0.00510489999999996
7841.75,0.0337486666666666,0.00512619999999996
7842,0.030672,0.005325
7842.25,0.0287786666666666,0.00457713333333325
7842.5,0.027832,0.00539742
7842.75,0.0283999999999999,0.00592613333333329
7843,0.032092,0.0057084
7843.25,0.034222,0.00569893333333332
7843.5,0.0372986666666666,0.00610126666666657
7843.75,0.0364466666666666,0.00759226666666657
7844,0.0373459999999999,0.0068586
7844.25,0.0306246666666666,0.00551906666666664
7844.5,0.0363993333333332,0.00655093333333332
7844.75,0.0371566666666666,0.00840639999999996
7845,0.0366833333333333,0.00662193333333325
7845.25,0.0386713333333333,0.00639473333333329
7845.5,0.0352633333333333,0.007242
7845.75,0.0350266666666666,0.00837326666666664
7846,0.0337013333333333,0.00727039999999993
7846.25,0.0375353333333333,0.00767746666666657
7846.5,0.0362099999999999,0.00734613333333325
7846.75,0.0382926666666666,0.00852946666666657
7847,0.0395706666666666,0.00850579999999993
7847.25,0.0355473333333333,0.00763013333333329
7847.5,0.0409433333333333,0.00755439999999996
7847.75,0.0362099999999999,0.0071568
7848,0.0378193333333333,0.00770113333333332
7848.25,0.034506,0.00679233333333325
7848.5,0.0375353333333333,0.00770586666666661
7848.75,0.0338906666666666,0.00786679999999993
7849,0.036636,0.00669766666666657
7849.25,0.0339853333333333,0.00691539999999996
7849.5,0.036778,0.00750706666666657
7849.75,0.0344586666666666,0.00739346666666664
7850,0.0352633333333333,0.00675919999999993
7850.25,0.0355,0.00693906666666661
7850.5,0.0357366666666666,0.00843953333333329
7850.75,0.0358786666666666,0.00925839999999996
7851,0.0361153333333333,0.00811766666666664
7851.25,0.0375826666666666,0.00788573333333329
7851.5,0.0330859999999999,0.00653673333333325
7851.75,0.0365413333333333,0.00876613333333332
7852,0.0346006666666666,0.00746919999999996
7852.25,0.0358313333333333,0.00655566666666661
7852.5,0.0386239999999999,0.00620539999999993
7852.75,0.0365413333333333,0.00799933333333332
7853,0.032092,0.00807033333333325
7853.25,0.0288733333333333,0.00533919999999996
7853.5,0.0280686666666666,0.00536049999999996
7853.75,0.034506,0.00535197999999996
7854,0.030388,0.00760646666666664
7854.25,0.0272166666666666,0.00569562
7854.5,0.0436413333333333,0.00683493333333325
7854.75,0.06958,0.00385577333333329
7855,0.0905959999999999,0.00505519999999993
7855.25,0.0817446666666666,0.00377246666666664
7855.5,0.112795333333333,0.0177925999999999
7855.75,0.145834,0.0120463333333333
7856,0.161406666666667,0.0144082666666666
7856.25,0.159371333333333,0.00984675333333325
7856.5,0.181286666666667,0.00407539999999993
7856.75,0.162353333333333,-0.00339379999999993
7857,0.164057333333333,-0.00377246666666664
7857.25,0.182233333333333,0.00185073333333325
7857.5,0.154306666666667,-0.00325179999999996
7857.75,0.175133333333333,0.0116629333333333
7858,0.15904,0.00171819999999996
7858.25,0.159986666666667,-0.000224359999999929
7858.5,0.176553333333333,0.0283526666666666
7858.75,0.155395333333333,-0.00317133333333325
7859,0.167086666666667,0.0126379999999999
7859.25,0.152366,0.00807033333333325
7859.5,0.152413333333333,0.0125480666666666
7859.75,0.15478,0.0185073333333333
7860,0.16046,0.0225306666666666
7860.25,0.155158666666667,0.0196906666666666
7860.5,0.155016666666667,0.0184410666666666
7860.75,0.15762,0.0202113333333333
7861,0.176553333333333,0.0394286666666666
7861.25,0.22578,0.0373933333333333
7861.5,0.296306666666667,0.0314293333333333
7861.75,0.31382,0.0262226666666666
7862,0.334646666666667,0.0440673333333333
7862.25,0.326126666666667,0.034648
7862.5,0.301986666666667,0.0241873333333333
7862.75,0.30814,0.0346953333333332
7863,0.28258,0.0266486666666666
7863.25,0.298673333333333,0.040186
7863.5,0.29962,0.0488479999999999
7863.75,0.314293333333333,0.0676393333333333
7864,0.30388,0.043878
7864.25,0.302933333333333,0.0360679999999999
7864.5,0.276426666666667,0.0407539999999999
7864.75,0.267433333333333,0.041748
7865,0.242346666666667,0.0457713333333332
7865.25,0.225306666666667,0.042174
7865.5,0.208266666666667,0.0387186666666666
7865.75,0.2059,0.0382926666666666
7866,0.22152,0.0704793333333332
7866.25,0.205426666666667,0.0476173333333333
7866.5,0.204953333333333,0.0517353333333332
7866.75,0.180813333333333,0.0114025999999999
7867,0.179535333333333,0.0151040666666666
7867.25,0.246606666666667,0.0268853333333333
7867.5,0.2414,0.0159939333333332
7867.75,0.261753333333333,0.047712
7868,0.222466666666667,0.0254653333333333
7868.25,0.20164,0.021016
7868.5,0.17182,0.0260333333333333
7868.75,0.161264666666667,0.0143514666666666
7869,0.145834,0.00827386666666657
7869.25,0.129882666666667,0.0120179333333333
7869.5,0.109008666666667,0.00496526666666664
7869.75,0.101104,0.00584566666666657
7870,0.0900753333333332,0.00741239999999989
7870.25,0.0764433333333333,0.00486918
7870.5,0.0724673333333333,0.00962286666666661
7870.75,0.0476173333333333,0.007668
7871,0.0399019999999999,0.008307
7871.25,0.0392393333333333,0.00712366666666657
7871.5,0.0393813333333332,0.0069012
7871.75,0.0379613333333333,0.00739819999999993
7872,0.038482,0.00921106666666657
7872.25,0.0386239999999999,0.00771533333333329
7872.5,0.0365413333333333,0.00677813333333329
7872.75,0.0324233333333333,0.00686333333333329
7873,0.0347899999999999,0.00940513333333332
7873.25,0.0372513333333332,0.00773899999999993
7873.5,0.0366833333333333,0.00773426666666664
7873.75,0.035074,0.00669766666666657
7874,0.03834,0.00902646666666661
7874.25,0.0373933333333333,0.00797566666666657
7874.5,0.0381979999999999,0.00807033333333325
7874.75,0.0377246666666666,0.00949033333333332
7875,0.0385766666666666,0.00885133333333332
7875.25,0.0309086666666666,0.0134332
7875.5,0.0346006666666666,0.00619593333333325
7875.75,0.0336066666666666,0.0077958
7876,0.035926,0.00728933333333329
7876.25,0.038674669045495,0.0167653737734166
7876.5,0.0355473333333333,0.00872353333333332
7876.75,0.0399247302158273,0.00869839388489205
7877,0.0318553333333333,0.00478066666666657
7877.25,0.0378073009345794,0.0104102734766354
7877.5,0.0354633366434954,0.00835548493876192
7877.75,0.0319026666666666,0.00648466666666657
7878,0.029536,0.00693906666666661
7878.25,0.02698,0.00594033333333325
7878.5,0.0268853333333333,0.00453453333333325
7878.75,0.0398546666666666,0.00669293333333329
7879,0.0274832319749216,0.00347695939916404
7879.25,0.0983338393745557,0.00770518576640601
7879.5,0.0935779999999999,0.00253233333333325
7879.75,0.203772643543014,0.027627779345483
7880,0.19454,0.02769
7880.25,0.165240666666667,0.00558059999999989
7880.5,0.200987926883638,0.0355705251894784
7880.75,0.167086666666667,-0.00634266666666661
7881,0.216313333333333,0.0257493333333332
7881.25,0.197853333333333,0.00575573333333329
7881.5,0.184126666666667,-0.00411799999999993
7881.75,0.186493333333333,-0.00467653333333332
7882,0.177973333333333,-0.00414166666666657
7882.25,0.19738,0.0160176
7882.5,0.195060666666667,0.00409906666666657
7882.75,0.199273333333333,-0.00160933333333332
7883,0.182564666666667,0.00513093333333325
7883.25,0.19312,0.022152
7883.5,0.203040921305182,0.0333231512049477
7883.75,0.148716329744426,0.0268975179989124
7884,0.21584,0.0181759999999999
7884.25,0.250866666666667,0.0600186666666666
7884.5,0.22294,0.0388606666666666
7884.75,0.269326666666667,0.0443986666666666
7885,0.28258,0.0560899999999999
7885.25,0.316186666666667,0.0490373333333333
7885.5,0.357366666666667,0.0398546666666666
7885.75,0.427893333333333,0.0573679999999999
7886,0.4544,0.0617226666666666
7886.25,0.467653333333333,0.0352633333333333
7886.5,0.488953333333333,0.0476646666666666
7886.75,0.443513333333333,0.0333226666666666
7887,0.440673333333333,0.024708
7887.25,0.431206666666667,0.0436413333333333
7887.5,0.439726666666667,0.061912
7887.75,0.387186666666667,0.0327546666666666
7888,0.502549869083585,0.0405525245811589
7888.25,0.403753333333333,0.0736506666666666
7888.5,0.395706666666667,0.0643733333333333
7888.75,0.36778,0.0623853333333333
7889,0.328390202124015,0.0341240253511476
7889.25,0.30388,0.050268
7889.5,0.311453333333333,0.0535339999999999
7889.75,0.371566666666667,0.0637579999999999
7890,0.231562688553682,0.0662960662525879
7890.25,0.349793333333333,0.0713313333333332
7890.5,0.30672,0.0512146666666666
7890.75,0.25134,0.0315713333333333
7891,0.27264,0.0297726666666666
7891.25,0.263646666666667,0.00792833333333329
7891.5,0.344586666666667,0.0195013333333333
7891.75,0.34648,0.0209686666666666
7892,0.248026666666667,0.0297726666666666
7892.25,0.23288,0.00591666666666661
7892.5,0.25134,0.00878033333333329
7892.75,0.218964,0.008094
7893,0.154219277677678,0.013150664064064
7893.25,0.163489333333333,0.00574153333333332
7893.5,0.125954,0.00431206666666657
7893.75,0.0978853333333333,0.0152460666666666
7894,0.0727039999999999,0.0114404666666666
7894.25,0.05467,0.00964653333333325
7894.5,0.0449193333333332,0.00964179999999996
7894.75,0.0417006666666666,0.0100583333333333
7895,0.0367306666666666,0.00753546666666661
7895.25,0.0373459999999999,0.00797566666666657
7895.5,0.0384346666666666,0.0089034
7895.75,0.0369199999999999,0.00888446666666664
7896,0.041038,0.00989266666666657
7896.25,0.0350266666666666,0.00802299999999996
7896.5,0.0366833333333333,0.00986899999999993
7896.75,0.0377246666666666,0.0107304666666666
7897,0.0395233333333333,0.00976959999999997
7897.25,0.036636,0.00967966666666657
7897.5,0.03621,0.0102476666666666
7897.75,0.0355473333333333,0.0089886
7898,0.0363993333333332,0.00967493333333329
7898.25,0.0378666666666666,0.0087756
7898.5,0.0351213333333333,0.00911166666666661
7898.75,0.0363993333333332,0.0086478
7899,0.0349793333333333,0.0083496
7899.25,0.0356419999999999,0.008946
7899.5,0.0375826666666666,0.00893653333333332
7899.75,0.0354526666666666,0.00845846666666664
7900,0.0345533333333333,0.00764433333333325
7900.25,0.0369199999999999,0.0101340666666666
7900.5,0.0349793333333333,0.00852473333333328
7900.75,0.038908,0.0097128
7901,0.0351686666666666,0.00811293333333325
7901.25,0.02982,0.00752599999999993
7901.5,0.0315713333333333,0.00833066666666664
7901.75,0.0315713333333333,0.00725146666666657
7902,0.0300093333333332,0.00647046666666661
7902.25,0.0488953333333333,0.00619119999999996
7902.5,0.0571786666666666,0.00666926666666664
7902.75,0.0394286666666666,0.00646099999999993
7903,0.068586,0.00988793333333329
7903.25,0.109908,0.00819813333333325
7903.5,0.11005,0.00553610666666664
7903.75,0.192173333333333,0.0211106666666666
7904,0.173713333333333,0.0234773333333333
7904.25,0.195486666666667,0.0168696
7904.5,0.223886666666667,0.022152
7904.75,0.21584,0.000804666666666607
7905,0.197853333333333,0.00141999999999996
7905.25,0.22436,0.000582199999999929
7905.5,0.245186666666667,0.0134473999999999
7905.75,0.250393333333333,0.02343
7906,0.280686666666667,0.0359733333333332
7906.25,0.285893333333333,0.0222466666666666
7906.5,0.265066666666667,0.0216124
7906.75,0.27264,0.0194682
7907,0.250866666666667,0.0192126
7907.25,0.25844,0.0236193333333332
7907.5,0.23714,0.0230513333333333
7907.75,0.23998,0.0300093333333332
7908,0.220573333333333,0.0286366666666666
7908.25,0.20022,0.0237613333333333
7908.5,0.235246666666667,0.028258
7908.75,0.240926666666667,0.0288733333333333
7909,0.265066666666667,0.0195486666666666
7909.25,0.35784,0.05325
7909.5,0.466233333333333,0.0258913333333333
7909.75,0.500313333333333,0.0418426666666666
7910,0.497473333333333,0.0217259999999999
7910.25,0.500786666666667,0.0262226666666666
7910.5,0.527766666666667,0.0406593333333332
7910.75,0.517353333333333,0.0370146666666666
7911,0.48848,0.0486586666666666
7911.25,0.461973333333333,0.0535813333333333
7911.5,0.46008,0.057226
7911.75,0.428366666666667,0.0375353333333333
7912,0.438306666666667,0.0577939999999999
7912.25,0.382926666666667,0.0425526666666666
7912.5,0.381033333333333,0.0426
7912.75,0.3976,0.0782419999999999
7913,0.34222,0.046434
7913.25,0.320446666666667,0.0612493333333333
7913.5,0.288733333333333,0.0509306666666666
7913.75,0.289206666666667,0.061486
7914,0.324233333333333,0.06319
7914.25,0.313424950269963,0.087853249218528
7914.5,0.328966666666667,0.073272
7914.75,0.323286666666667,0.0292993333333333
7915,0.431206666666667,0.0484219999999999
7915.25,0.272166666666667,0.00904066666666657
7915.5,0.0389553333333333,0.0161406666666666
7915.75,0.246133333333333,0.0227673333333333
7916,0.208266666666667,0.0242346666666666
7916.25,0.179393333333333,0.00411799999999993
7916.5,0.183653333333333,0.0229566666666666
7916.75,0.154590666666667,0.0106074
7917,0.154590666666667,0.0131823333333332
7917.25,0.172104,0.0235246666666666
7917.5,0.140390666666667,0.0286366666666666
7917.75,0.112132666666667,0.00631899999999996
7918,0.100725333333333,0.0177026666666666
7918.25,0.0701953333333333,0.0160696666666666
7918.5,0.049984,0.0121930666666666
7918.75,0.0415113333333332,0.00959919999999996
7919,0.0381979999999999,0.00929626666666657
7919.25,0.0398546666666666,0.00812713333333332
7919.5,0.037488,0.00855786666666661
7919.75,0.039192,0.00827859999999996
7920,0.0372513333333332,0.00829279999999993
7920.25,0.0375826666666666,0.00955186666666657
7920.5,0.0376773333333333,0.00870933333333325
7920.75,0.0371566666666666,0.00863359999999993
7921,0.037062,0.00912586666666657
7921.25,0.0381506666666666,0.0103896666666666
7921.5,0.0378193333333333,0.00956606666666664
7921.75,0.03763,0.00919213333333332
7922,0.037062,0.0105079999999999
7922.25,0.038482,0.0105032666666666
7922.5,0.0361153333333333,0.0096702
7922.75,0.0381979999999999,0.0081792
7923,0.0360206666666666,0.00909746666666664
7923.25,0.035784,0.00899806666666657
7923.5,0.036352,0.00877086666666661
7923.75,0.0348846666666666,0.00689646666666661
7924,0.040612,0.00949033333333332
7924.25,0.0371566666666666,0.00994946666666664
7924.5,0.035358,0.00788573333333329
7924.75,0.0368726666666666,0.00957553333333332
7925,0.0368726666666666,0.00736033333333332
7925.25,0.0316186666666666,0.00817446666666661
7925.5,0.0313819999999999,0.00671659999999993
7925.75,0.0297253333333333,0.00697219999999993
7926,0.0313819999999999,0.00796146666666661
7926.25,0.028258,0.00602979333333325
7926.5,0.0316186666666666,0.00590719999999993
7926.75,0.0390973333333333,0.00478066666666657
7927,0.107352,0.00709999999999993
7927.25,0.120084666666667,0.026838
7927.5,0.137408666666667,0.00885133333333332
7927.75,0.222466666666667,0.0559006666666666
7928,0.163629127837515,0.0112019359318996
7928.25,0.29252,0.0372986666666666
7928.5,0.302933333333333,0.0381033333333332
7928.75,0.28826,0.0222466666666666
7929,0.317606666666667,0.0471913333333333
7929.25,0.300566666666667,0.0366833333333333
7929.5,0.32802,0.0501733333333333
7929.75,0.355,0.023998
7930,0.33002703463813,0.0273922438749648
7930.25,0.3195,0.0301986666666666
7930.5,0.328966666666667,0.0337486666666666
7930.75,0.319026666666667,0.0248973333333332
7931,0.31382,0.0235246666666666
7931.25,0.296306666666667,0.0294413333333333
7931.5,0.331333333333333,0.040612
7931.75,0.342693333333333,0.0584093333333333
7932,0.274533333333333,0.032944
7932.25,0.249630346332152,0.0575678145623124
7932.5,0.358786666666667,0.104654
7932.75,0.34648,0.047854
7933,0.460553333333333,0.0663613333333333
7933.25,0.52824,0.0863833333333333
7933.5,0.574626666666667,0.0552379999999999
7933.75,0.61344,0.060634
7934,0.648466666666667,0.0656513333333333
7934.25,0.616753333333333,0.0880873333333333
7934.5,0.610126666666667,0.0761119999999999
7934.75,0.579833333333333,0.0879453333333332
7935,0.5893,0.0736506666666666
7935.25,0.561846666666667,0.0814606666666667
7935.5,0.523033333333333,0.0745026666666666
7935.75,0.503153333333333,0.069154
7936,0.460553333333333,0.0638526666666666
7936.25,0.458186666666667,0.0641366666666666
7936.5,0.490373333333333,0.0717573333333333
7936.75,0.428366666666667,0.0595453333333333
7937,0.408486666666667,0.0584093333333333
7937.25,0.368253333333333,0.0593086666666666
7937.5,0.399493333333333,0.0592613333333333
7937.75,0.261954835291407,0.0489864998848191
7938,0.438306666666667,0.0638526666666666
7938.25,0.24547580309019,0.0531186130075457
7938.5,0.326126666666667,0.0304353333333332
7938.75,0.277846666666667,0.00195486666666661
7939,0.27974,0.0104275333333333
7939.25,0.290626666666667,0.0216786666666666
7939.5,0.276426666666667,-0.00180813333333325
7939.75,0.257493333333333,0.00132533333333329
7940,0.227673333333333,0.000520666666666572
7940.25,0.238086666666667,-0.00175133333333329
7940.5,0.206089333333333,1.42e-05
7940.75,0.202113333333333,0.00288733333333332
7941,0.180245333333333,0.000672133333333321
7941.25,0.164341333333333,0.00392866666666657
7941.5,0.152555333333333,0.000830699999999894
7941.75,0.136746,0.00198799999999993
7942,0.107967333333333,0.00463866666666661
7942.25,0.0943826666666666,0.00323286666666661
7942.5,0.063474,0.00479959999999993
7942.75,0.0397126666666666,0.00801826666666657
7943,0.041322,0.00815079999999997
7943.25,0.0464286638830897,0.0196225916492693
7943.5,0.0375448856413825,0.0131763087914637
7943.75,0.0377121964117091,0.0123426024551463
7944,0.0327100227272727,0.00957003150568174
7944.25,0.0344836005788711,0.0105250769898697
7944.5,0.0434831891630382,0.0183047136913401
7944.75,0.0372860353897656,0.0127716470588234
7945,0.0376773333333333,0.00842533333333332
7945.25,0.0388133333333333,0.00718046666666664
7945.5,0.0394759999999999,0.00946666666666657
7945.75,0.0387289565217391,0.0149484326086956
7946,0.0491670192444761,0.0145795843193157
7946.25,0.039504096797153,0.0152995482799524
7946.5,0.034932,0.00719466666666661
7946.75,0.0565633333333333,0.0192788666666666
7947,0.0375150671480144,0.0123155523465704
7947.25,0.0413517280575539,0.017653824796163
7947.5,0.0364466666666666,0.00849633333333325
7947.75,0.0369199999999999,0.00804666666666661
7948,0.0349793333333333,0.00648466666666657
7948.25,0.0360465237020315,0.0157002636568849
7948.5,0.0486361604754829,0.0132161418524021
7948.75,0.0407702110348334,0.0187675403000253
7949,0.0373933333333333,0.00717099999999996
7949.25,0.0364279491614255,0.0136711393081761
7949.5,0.03337,0.0105458666666666
7949.75,0.0316186666666666,0.00449666666666664
7950,0.0282106666666666,0.00312399999999996
7950.25,0.0326126666666666,0.00262226666666664
7950.5,0.0287786666666666,0.00248026666666657
7950.75,0.0325653333333333,0.00590719999999993
7951,0.0573941745838408,0.0114222424685343
7951.25,0.128983333333333,0.00217733333333329
7951.5,0.2059,0.034648
7951.75,0.294413333333333,0.0623853333333333
7952,0.37772,0.0787153333333333
7952.25,0.395706666666667,0.0632846666666666
7952.5,0.477593333333333,0.0663139999999999
7952.75,0.51262,0.0639473333333333
7953,0.52256,0.0573679999999999
7953.25,0.536286666666667,0.0541966666666666
7953.5,0.527766666666667,0.0581253333333332
7953.75,0.54954,0.0542913333333332
7954,0.52824,0.0535339999999999
7954.25,0.530606666666667,0.0535339999999999
7954.5,0.505993333333333,0.0574153333333333
7954.75,0.452033333333333,0.058788
7955,0.4189,0.0547646666666666
7955.25,0.417953333333333,0.0531553333333333
7955.5,0.4047,0.0617226666666666
7955.75,0.392393333333333,0.0666453333333333
7956,0.356893333333333,0.0582199999999999
7956.25,0.30672,0.0624326666666666
7956.5,0.280686666666667,0.0639473333333333
7956.75,0.30246,0.0538653333333333
7957,0.361626666666667,0.0666926666666667
7957.25,0.432153333333333,0.0733666666666666
7957.5,0.52398,0.079804
7957.75,0.582673333333333,0.07455
7958,0.585986666666667,0.0688226666666666
7958.25,0.620066666666667,0.0644206666666666
7958.5,0.62338,0.0706213333333333
7958.75,0.6248,0.0713313333333332
7959,0.5964,0.0656039999999999
7959.25,0.5751,0.0669766666666667
7959.5,0.569893333333333,0.069012
7959.75,0.427744205412908,0.0591791158917417
7960,0.544806666666667,0.0703373333333333
7960.25,0.534866666666667,0.06603
7960.5,0.490373333333333,0.0685386666666666
7960.75,0.46576,0.05964
7961,0.445406666666667,0.0585986666666666
7961.25,0.431206666666667,0.0607759999999999
7961.5,0.40328,0.0520666666666666
7961.75,0.349793333333333,0.0541966666666666
7962,0.345533333333333,0.0510726666666666
7962.25,0.36352,0.0865726666666666
7962.5,0.338433333333333,0.0591193333333333
7962.75,0.304826666666667,0.0248973333333332
7963,0.33654,0.033796
7963.25,0.360206666666667,0.0199651999999999
7963.5,0.36778,0.0162258666666666
7963.75,0.372513333333333,0.0378193333333333
7964,0.320446666666667,0.0151845333333332
7964.25,0.311926666666667,0.0266959999999999
7964.5,0.266013333333333,0.00902646666666661
7964.75,0.245186666666667,0.0129787999999999
7965,0.172814,0.00488148666666661
7965.25,0.148248,0.0048564
7965.5,0.107352,0.00843953333333329
7965.75,0.0732246666666666,0.00648466666666657
7966,0.0616279999999999,0.00820759999999993
7966.25,0.0493686666666666,0.00968439999999996
7966.5,0.0525873333333332,0.0123208666666666
7966.75,0.0459606666666666,0.0100488666666666
7967,0.0490373333333333,0.0101056666666666
7967.25,0.0470493333333332,0.011218
7967.5,0.0510726666666666,0.010579
7967.75,0.0479013333333332,0.010792
7968,0.0473333333333333,0.00946666666666657
7968.25,0.0421266666666666,0.00994473333333325
7968.5,0.0422213333333333,0.0101766666666666
7968.75,0.0486113333333333,0.00956133333333325
7969,0.045724,0.0110286666666666
7969.25,0.0446826666666666,0.010792
7969.5,0.0497856455761316,0.0111833765432098
7969.75,0.0447299999999999,0.00922999999999993
7970,0.0429313333333333,0.0107446666666666
7970.25,0.0439726666666666,0.00996366666666661
7970.5,0.0428839999999999,0.00880399999999993
7970.75,0.0399467929492238,0.0149703042357274
7971,0.0449193333333332,0.0114546666666666
7971.25,0.040186,0.00852
7971.5,0.0486781769580326,0.0116330112269446
7971.75,0.0500935559131133,0.0117707756503083
7972,0.0450139999999999,0.00986899999999993
7972.25,0.0386617526104417,0.01387330875502
7972.5,0.0400913333333333,0.00868566666666661
7972.75,0.0452033333333333,0.0103375999999999
7973,0.0411799999999999,0.00736506666666661
7973.25,0.0341273333333333,0.00315239999999989
7973.5,0.033796,0.00416864666666664
7973.75,0.034506,0.00461973333333325
7974,0.0353106666666666,0.0046434
7974.25,0.0468229676258993,0.011778976618705
7974.5,0.0309559999999999,0.00443579599999993
7974.75,0.03763,0.0051546
7975,0.0364939999999999,0.00485166666666661
7975.25,0.0407329547581903,0.00375535725429012
7975.5,0.0372986666666666,0.00435466666666657
7975.75,0.0345533333333333,0.00366833333333329
7976,0.0403279999999999,0.00414166666666657
7976.25,0.0337013333333333,0.00569893333333332
7976.5,0.0366833333333333,0.00465759999999996
7976.75,0.033796,0.00509779999999993
7977,0.034932,0.00601606666666657
7977.25,0.040896,0.00682546666666657
7977.5,0.0358786666666666,0.00564686666666664
7977.75,0.0421266666666666,0.00503153333333329
7978,0.0375826666666666,0.00675919999999993
7978.25,0.0358313333333333,0.0049416
7978.5,0.0368726666666666,0.00379613333333329
7978.75,0.0365413333333333,0.00441146666666664
7979,0.0381033333333332,0.0047925
7979.25,0.0338906666666666,0.00411326666666664
7979.5,0.0354053333333333,0.00479959999999993
7979.75,0.0394759999999999,0.00501733333333332
7980,0.0372513333333332,0.00623853333333325
7980.25,0.0380086666666666,0.00461026666666657
7980.5,0.0355946666666666,0.00364939999999993
7980.75,0.037204,0.00490373333333329
7981,0.040186,0.00603499999999993
7981.25,0.036778,0.00478066666666657
7981.5,0.043168,0.00554746666666657
7981.75,0.038056,0.0041322
7982,0.0352633333333333,0.00359733333333325
7982.25,0.0400913333333333,0.00426
7982.5,0.0381979999999999,0.00427419999999996
7982.75,0.0409906666666666,0.00380985999999996
7983,0.0355946666666666,0.00527766666666661
7983.25,0.0382926666666666,0.00600659999999989
7983.5,0.0377719999999999,0.0025347
7983.75,0.0351213333333333,0.00278319999999996
7984,0.0405646666666666,0.00452979999999996
7984.25,0.0400913333333333,0.00473806666666657
7984.5,0.0356419999999999,0.00320446666666657
7984.75,0.0391446666666666,0.00383352666666661
7985,0.0361153333333333,0.00327546666666661
7985.25,0.0389553333333333,0.00266344666666657
7985.5,0.0373933333333333,0.00261138
7985.75,0.0378193333333333,0.0054102
7986,0.039334,0.00561609999999996
7986.25,0.0346953333333332,0.00446353333333332
7986.5,0.0368726666666666,0.00390499999999993
7986.75,0.0360206666666666,0.00530606666666664
7987,0.0365886666666666,0.00324375333333325
7987.25,0.0396653333333333,0.00458186666666664
7987.5,0.0392393333333333,0.00992106666666661
7987.75,0.0439726666666666,0.00930573333333325
7988,0.0393813333333332,0.0077958
7988.25,0.0441146666666666,0.00835669999999993
7988.5,0.037204,0.0119469333333332
7988.75,0.0383307891891891,0.0132599983783784
7989,0.0442566666666666,0.00810819999999996
7989.25,0.0447299999999999,0.00918266666666664
7989.5,0.0429786666666666,0.00909746666666664
7989.75,0.0472859999999999,0.0109434666666666
7990,0.0441146666666666,0.0086052
7990.25,0.0436886666666666,0.0094146
7990.5,0.0443986666666666,0.0104653999999999
7990.75,0.0428839999999999,0.00899806666666657
7991,0.0442093333333333,0.00899806666666657
7991.25,0.0441146666666666,0.0107683333333333
7991.5,0.0450139999999999,0.00936726666666661
7991.75,0.0426473333333333,0.00854366666666664
7992,0.0421266666666666,0.00896019999999997
7992.25,0.0433573333333333,0.00877086666666661
7992.5,0.0434993333333333,0.0098832
7992.75,0.0409906666666666,0.0107209999999999
7993,0.0442566666666666,0.0113599999999999
7993.25,0.0456293333333333,0.0100819999999999
7993.5,0.0439253333333333,0.00887499999999996
7993.75,0.041038,0.00928206666666661
7994,0.0422213333333333,0.00944773333333332
7994.25,0.0427893333333332,0.00729406666666657
7994.5,0.04189,0.00836379999999996
7994.75,0.0428366666666666,0.00779579999999989
7995,0.0407066666666666,0.00789993333333325
7995.25,0.0421266666666666,0.00723253333333332
7995.5,0.0433573333333333,0.00875193333333325
7995.75,0.0392393333333333,0.00741239999999989
7996,0.0434519999999999,0.00858626666666664
7996.25,0.0408486666666666,0.00827386666666657
7996.5,0.0424579999999999,0.00893179999999993
7996.75,0.040186,0.00678759999999996
7997,0.0382453333333333,0.00538653333333325
7997.25,0.0394759999999999,0.0058788
7997.5,0.056374,0.0183795333333332
7997.75,0.0618173333333333,0.0171346666666666
7998,0.0507886666666666,0.00637201333333332
7998.25,0.0671186666666666,0.0154921999999999
7998.5,0.148626666666667,0.0259386666666666
7998.75,0.239033333333333,0.0289206666666666
7999,0.225590666666667,0.0164246666666666
7999.25,0.209781333333333,0.00927496666666657
7999.5,0.233353333333333,0.0280213333333333
7999.75,0.217733333333333,0.0182706666666666
8000,0.216976,0.00757702533333325
8000.25,0.22862,0.0121552
8000.5,0.221993333333333,0.00711893333333329
8000.75,0.216928666666667,0.00622433333333329
8001,0.219626666666667,0.00884896666666657
8001.25,0.210302,0.00163299999999996
8001.5,0.21442,0.00412273333333332
8001.75,0.22152,0.00346953333333325
8002,0.216313333333333,0.00386713333333332
8002.25,0.213,0.00452979999999996
8002.5,0.214893333333333,0.00386713333333332
8002.75,0.219626666666667,0.0101435333333333
8003,0.208266666666667,0.00358455333333325
8003.25,0.213047333333333,0.00186019999999993
8003.5,0.212858,0.00346006666666657
8003.75,0.177452666666667,0.00426757333333332
8004,0.0898859999999999,0.00464955333333325
8004.25,0.0449666666666666,0.0138781333333333
8004.5,0.0364939999999999,0.00798986666666664
8004.75,0.0394759999999999,0.00780999999999996
8005,0.0355946666666666,0.0073698
8005.25,0.0416533333333333,0.00818393333333329
8005.5,0.0392393333333333,0.00771533333333329
8005.75,0.0379600806553244,0.00412178487712659
8006,0.0296099324155193,0.00452690312891111
8006.25,0.0459279223744292,0.0057210114155251
8006.5,0.0392393333333333,0.00681599999999989
8006.75,0.0333099886291851,0.00440474491471888
8007,0.0315290456852792,0.00524835153553299
8007.25,0.0471837087628865,0.00995466967353942
8007.5,0.0243312725015517,0.00279597030415881
8007.75,0.0374406666666666,0.00473333333333329
8008,0.0368253333333333,0.00653199999999996
8008.25,0.0379613333333333,0.00624799999999993
8008.5,0.0305290253110252,-0.00335819278421272
8008.75,0.0397573443344334,0.00573915729372937
8009,0.037062,0.00682546666666657
8009.25,0.0424579999999999,0.00635355333333325
8009.5,0.0352159999999999,0.00642928666666657
8009.75,0.0396653333333333,0.0088608
8010,0.0337013333333333,0.00674973333333325
8010.25,0.038482,0.0082644
8010.5,0.0369199999999999,0.00713313333333325
8010.75,0.0408486666666666,0.00804193333333332
8011,0.0416059999999999,0.00917793333333325
8011.25,0.0428839999999999,0.00888446666666664
8011.5,0.0429786666666666,0.00814606666666657
8011.75,0.0415586666666666,0.00720413333333329
8012,0.0446353333333333,0.00754019999999989
8012.25,0.0432153333333332,0.00782419999999993
8012.5,0.0417953333333333,0.0084348
8012.75,0.0425053333333333,0.00763486666666657
8013,0.0422686666666666,0.00827859999999996
8013.25,0.0452506666666666,0.00969859999999993
8013.5,0.0428839999999999,0.00707633333333329
8013.75,0.0417006666666666,0.0082218
8014,0.043026,0.0093294
8014.25,0.0437359999999999,0.00942406666666657
8014.5,0.0427893333333332,0.00774373333333332
8014.75,0.0436413333333333,0.0081366
8015,0.04189,0.0105931999999999
8015.25,0.0430733333333333,0.00878506666666657
8015.5,0.0428839999999999,0.00977906666666664
8015.75,0.0449666666666666,0.00955186666666657
8016,0.045582,0.0107967333333333
8016.25,0.0411799999999999,0.00953293333333332
8016.5,0.0413693333333333,0.00956606666666664
8016.75,0.042316,0.010366
8017,0.0403753333333333,0.00900279999999997
8017.25,0.049132,0.0094572
8017.5,0.0405173333333333,0.00815553333333325
8017.75,0.0429786666666666,0.00956606666666664
8018,0.0419373333333333,0.00777686666666664
8018.25,0.0399019999999999,0.0081792
8018.5,0.0478066666666666,0.00798039999999996
8018.75,0.0416533333333333,0.00862886666666664
8019,0.0408486666666666,0.00803719999999993
8019.25,0.0433099999999999,0.00825019999999993
8019.5,0.0412273333333333,0.00853893333333325
8019.75,0.0448246666666666,0.00942879999999996
8020,0.0440673333333333,0.00986426666666664
8020.25,0.041322,0.00950453333333329
8020.5,0.0415113333333332,0.00906433333333332
8020.75,0.0433573333333333,0.00817446666666661
8021,0.0436413333333333,0.0101245999999999
8021.25,0.03976,0.00985953333333325
8021.5,0.0357366666666666,0.00789330666666661
8021.75,0.0363993333333332,0.00812239999999993
8022,0.0393813333333332,0.0077106
8022.25,0.0343639999999999,0.00677813333333329
8022.5,0.0359733333333332,0.00725619999999996
8022.75,0.0459606666666666,0.00783839999999989
8023,0.0918739999999999,0.00655566666666661
8023.25,0.104559333333333,0.00586933333333332
8023.5,0.115256666666667,0.0108109333333333
8023.75,0.21016,0.054102
8024,0.205426666666667,0.0358313333333333
8024.25,0.25418,0.0355
8024.5,0.3195,0.035358
8024.75,0.30388,0.0326599999999999
8025,0.2982,0.0283053333333332
8025.25,0.3195,0.0334646666666666
8025.5,0.330386666666667,0.0363046666666666
8025.75,0.331806666666667,0.0325653333333333
8026,0.331333333333333,0.0275006666666666
8026.25,0.328493333333333,0.0232738
8026.5,0.308613333333333,0.0190942666666666
8026.75,0.33512,0.0386239999999999
8027,0.330386666666667,0.0362573333333333
8027.25,0.341273333333333,0.0407066666666666
8027.5,0.302933333333333,0.0386713333333333
8027.75,0.289206666666667,0.0340326666666666
8028,0.266486666666667,0.0344586666666666
8028.25,0.255126666666667,0.0588353333333333
8028.5,0.278793333333333,0.038056
8028.75,0.269326666666667,0.0420793333333333
8029,0.279266666666667,0.0462919999999999
8029.25,0.355,0.0535813333333333
8029.5,0.3763,0.047712
8029.75,0.449193333333333,0.0514986666666666
8030,0.518773333333333,0.0594033333333332
8030.25,0.551433333333333,0.0673553333333333
8030.5,0.523506666666667,0.067876
8030.75,0.497946666666667,0.0531079999999999
8031,0.512146666666667,0.0568
8031.25,0.4828,0.0543386666666666
8031.5,0.442566666666667,0.0704793333333332
8031.75,0.437833333333333,0.0541493333333333
8032,0.454873333333333,0.0796619999999999
8032.25,0.427893333333333,0.0519246666666666
8032.5,0.363993333333333,0.0442566666666666
8032.75,0.374406666666667,0.0551906666666666
8033,0.33796,0.0519246666666666
8033.25,0.250257583677212,0.0593291267767079
8033.5,0.321393333333333,0.0531553333333333
8033.75,0.31666,0.0625273333333333
8034,0.24566,0.0388133333333333
8034.25,0.256546666666667,0.0470493333333332
8034.5,0.274533333333333,0.0621486666666666
8034.75,0.241873333333333,0.0422213333333333
8035,0.275006666666667,0.0358786666666666
8035.25,0.28275955717004,0.00972163293547824
8035.5,0.256073333333333,0.0356893333333333
8035.75,0.235246666666667,0.0176553333333332
8036,0.21016,0.00253706666666664
8036.25,0.199368,0.0114073333333333
8036.5,0.171346666666667,0.00872826666666661
8036.75,0.159844666666667,0.0199604666666666
8037,0.143751333333333,0.0157856666666666
8037.25,0.136556666666667,0.00607097333333329
8037.5,0.132391333333333,0.00781946666666664
8037.75,0.110286666666667,0.00794253333333325
8038,0.0972226666666666,0.00840166666666657
8038.25,0.0898859999999999,0.00930573333333325
8038.5,0.0686333333333333,0.00679233333333325
8038.75,0.0603499999999999,0.00886553333333328
8039,0.0557586666666666,0.0103375999999999
8039.25,0.0463393333333333,0.00945246666666661
8039.5,0.0422213333333333,0.0107351999999999
8039.75,0.0444933333333332,0.0108061999999999
8040,0.0429786666666666,0.0112937333333333
8040.25,0.0463866666666666,0.0106121333333333
8040.5,0.045582,0.0114546666666666
8040.75,0.0432626666666666,0.0100346666666666
8041,0.0423633333333332,0.00937673333333328
8041.25,0.0420793333333333,0.0107730666666666
8041.5,0.0405646666666666,0.0099684
8041.75,0.0426473333333333,0.00816499999999993
8042,0.0440673333333333,0.00935779999999993
8042.25,0.0441619999999999,0.00960393333333325
8042.5,0.0400913333333333,0.00938619999999996
8042.75,0.040896,0.0088182
8043,0.041038,0.00982166666666664
8043.25,0.0465286666666666,0.0111091333333333
8043.5,0.0447773333333333,0.0111043999999999
8043.75,0.0419846666666666,0.0107541333333333
8044,0.0402806666666666,0.00936726666666661
8044.25,0.0417006666666666,0.0105600666666666
8044.5,0.0403279999999999,0.00958973333333329
8044.75,0.047712,0.0106026666666666
8045,0.0416059999999999,0.00774846666666661
8045.25,0.0348846666666666,0.00765379999999993
8045.5,0.0362573333333333,0.0088182
8045.75,0.034648,0.00807033333333325
8046,0.0355946666666666,0.00925839999999996
8046.25,0.0353106666666666,0.00798986666666664
8046.5,0.0393813333333332,0.00778159999999993
8046.75,0.0743133333333332,0.0081366
8047,0.115398666666667,0.0154590666666666
8047.25,0.121315333333333,0.0135941333333333
8047.5,0.154590666666667,0.0313819999999999
8047.75,0.269326666666667,0.0450613333333333
8048,0.32234,0.06177
8048.25,0.36352,0.0659826666666666
8048.5,0.382926666666667,0.0661246666666666
8048.75,0.39618,0.0639
8049,0.4118,0.0635213333333333
8049.25,0.399493333333333,0.0654146666666666
8049.5,0.426,0.0622906666666666
8049.75,0.417953333333333,0.0578886666666666
8050,0.431206666666667,0.0630953333333333
8050.25,0.419846666666667,0.0559006666666666
8050.5,0.410853333333333,0.0630006666666666
8050.75,0.393813333333333,0.063048
8051,0.37346,0.0574626666666666
8051.25,0.376773333333333,0.054102
8051.5,0.357366666666667,0.057226
8051.75,0.328966666666667,0.0585986666666666
8052,0.317606666666667,0.0671659999999999
8052.25,0.296306666666667,0.0635686666666666
8052.5,0.298673333333333,0.0583146666666666
8052.75,0.31808,0.068728
8053,0.316186666666667,0.0654619999999999
8053.25,0.338906666666667,0.0656986666666666
8053.5,0.351213333333333,0.0659826666666666
8053.75,0.396653333333333,0.0625273333333333
8054,0.406593333333333,0.0604446666666666
8054.25,0.41748,0.0589773333333332
8054.5,0.423633333333333,0.0644206666666666
8054.75,0.429313333333333,0.062196
8055,0.424106666666667,0.0633319999999999
8055.25,0.431206666666667,0.0655566666666666
8055.5,0.43736,0.0612019999999999
8055.75,0.430733333333333,0.0595926666666666
8056,0.425053333333333,0.0605866666666666
8056.25,0.444933333333333,0.0757333333333333
8056.5,0.42742,0.0772006666666667
8056.75,0.409906666666667,0.0764906666666666
8057,0.381506666666667,0.0790939999999999
8057.25,0.363993333333333,0.0792833333333333
8057.5,0.345533333333333,0.0761119999999999
8057.75,0.336066666666667,0.0796146666666666
8058,0.32944,0.08307
8058.25,0.32234,0.0847266666666666
8058.5,0.2769,0.0774373333333333
8058.75,0.203533333333333,0.0426946666666666
8059,0.18034,0.0125480666666666
8059.25,0.178446666666667,0.00908799999999996
8059.5,0.174944,0.0122072666666666
8059.75,0.169311333333333,0.0147064666666666
8060,0.168080666666667,0.0192268
8060.25,0.160507333333333,0.00794584666666657
8060.5,0.135089333333333,0.00732246666666661
8060.75,0.116724,0.0141526666666666
8061,0.0992106666666666,0.0114594
8061.25,0.0699113333333333,0.00459133333333332
8061.5,0.0646099999999999,0.00568946666666664
8061.75,0.0689646666666666,0.00745973333333329
8062,0.054102,0.0112464
8062.25,0.0441146666666666,0.00860046666666661
8062.5,0.0404226666666666,0.0100062666666666
8062.75,0.041322,0.0103281333333332
8063,0.0390026666666666,0.00937673333333328
8063.25,0.0409433333333333,0.0104890666666666
8063.5,0.0381033333333332,0.00895073333333329
8063.75,0.0381033333333332,0.00864306666666661
8064,0.037204,0.009798
8064.25,0.0359733333333332,0.00876613333333332
8064.5,0.0388133333333333,0.00913059999999996
8064.75,0.0352159999999999,0.00795199999999993
8065,0.0365413333333333,0.00864306666666661
8065.25,0.0354053333333333,0.00801826666666657
8065.5,0.0361153333333333,0.00867619999999993
8065.75,0.0399966666666666,0.0100015333333333
8066,0.0376773333333333,0.0110617999999999
8066.25,0.0358786666666666,0.0101766666666666
8066.5,0.037488,0.00914953333333332
8066.75,0.0360206666666666,0.0088608
8067,0.0417006666666666,0.0119563999999999
8067.25,0.0364466666666666,0.00985006666666657
8067.5,0.0371566666666666,0.00935779999999993
8067.75,0.0363993333333332,0.00878033333333329
8068,0.0387659999999999,0.0101198666666666
8068.25,0.0373933333333333,0.00969859999999993
8068.5,0.034932,0.0084348
8068.75,0.0362573333333333,0.0100630666666666
8069,0.0355946666666666,0.00965599999999993
8069.25,0.033654,0.00822653333333329
8069.5,0.028684,0.00566106666666661
8069.75,0.0309086666666666,0.00784313333333328
8070,0.0303406666666666,0.00802299999999996
8070.25,0.0299146666666666,0.00611546666666664
8070.5,0.0304826666666666,0.00635213333333329
8070.75,0.0314766666666666,0.00623237999999989
8071,0.102760666666667,0.00638053333333332
8071.25,0.136746,0.00559953333333325
8071.5,0.142852,0.00530133333333325
8071.75,0.148816,0.0103518
8072,0.162826666666667,0.0111469999999999
8072.25,0.168459333333333,0.00778633333333332
8072.5,0.179109333333333,0.00352017999999996
8072.75,0.184126666666667,0.00137739999999996
8073,0.1846,0.00443229333333325
8073.25,0.17182,0.00391446666666661
8073.5,0.16898,0.00548593333333332
8073.75,0.172293333333333,0.00165666666666661
8074,0.16472,0.00671186666666664
8074.25,0.170873333333333,0.00804666666666661
8074.5,0.161406666666667,0.00303879999999996
8074.75,0.163868,0.0096276
8075,0.159560666666667,0.00628799666666664
8075.25,0.144650666666667,0.00634266666666661
8075.5,0.137834666666667,0.00472386666666661
8075.75,0.139538666666667,0.00825919333333332
8076,0.123634666666667,0.00713171333333329
8076.25,0.123019333333333,0.0129172666666666
8076.5,0.126143333333333,0.0138213333333332
8076.75,0.129362,0.0145644666666666
8077,0.151324666666667,0.0109983733333333
8077.25,0.174376,0.0131160666666666
8077.5,0.220573333333333,0.0135751999999999
8077.75,0.23572,0.00406119999999996
8078,0.239506666666667,0.0113268666666666
8078.25,0.242346666666667,0.00257966666666664
8078.5,0.243766666666667,0.00371235333333325
8078.75,0.244713333333333,0.0064752
8079,0.232406666666667,0.00467179999999993
8079.25,0.213473333333333,0.0118759333333333
8079.5,0.209213333333333,0.0100678
8079.75,0.229093333333333,0.00787153333333332
8080,0.253233333333333,0.00827859999999996
8080.25,0.250866666666667,0.00613913333333329
8080.5,0.219626666666667,0.00909746666666664
8080.75,0.21726,0.00361153333333332
8081,0.219153333333333,0.002769
8081.25,0.21442,0.00815553333333325
8081.5,0.19028,0.00127326666666661
8081.75,0.188386666666667,0.00433099999999993
8082,0.178446666666667,0.0156436666666666
8082.25,0.131634,0.00802773333333325
8082.5,0.142520666666667,0.0262226666666666
8082.75,0.195013333333333,0.0219153333333332
8083,0.263173333333333,0.0208219333333333
8083.25,0.29394,0.023572
8083.5,0.26696,0.0158093333333333
8083.75,0.256546666666667,0.012567
8084,0.26128,0.00324706666666657
8084.25,0.239033333333333,0.0131160666666666
8084.5,0.2343,0.019596
8084.75,0.204669333333333,0.0131823333333332
8085,0.156010666666667,0.0061344
8085.25,0.137550666666667,0.00981693333333325
8085.5,0.117434,0.00656986666666657
8085.75,0.0895546666666667,0.00910693333333332
8086,0.0722306666666666,0.00618646666666657
8086.25,0.0702426666666666,0.00829753333333332
8086.5,0.0647993333333333,0.00809873333333328
8086.75,0.0433573333333333,0.0123823999999999
8087,0.0376773333333333,0.00834486666666661
8087.25,0.0388606666666666,0.0079662
8087.5,0.0369199999999999,0.0081366
8087.75,0.0424106666666666,0.00950926666666657
8088,0.0358313333333333,0.00753073333333332
8088.25,0.0374406666666666,0.00893179999999993
8088.5,0.0362573333333333,0.00895546666666657
8088.75,0.0361626666666666,0.00779106666666661
8089,0.03834,0.00709526666666664
8089.25,0.0363993333333332,0.0091164
8089.5,0.035074,0.00860993333333328
8089.75,0.0373459999999999,0.00825019999999993
8090,0.035358,0.00821233333333332
8090.25,0.0394759999999999,0.00900753333333325
8090.5,0.0371093333333333,0.00887973333333325
8090.75,0.0351213333333333,0.0082644
8091,0.0373933333333333,0.00830226666666661
8091.25,0.035358,0.00775319999999989
8091.5,0.0385766666666666,0.00875193333333325
8091.75,0.0355,0.00819339999999996
8092,0.0392866666666666,0.00932466666666661
8092.25,0.0348373333333333,0.00822653333333329
8092.5,0.0366833333333333,0.00918266666666664
8092.75,0.0369673333333333,0.00858626666666664
8093,0.037488,0.0085626
8093.25,0.0312873333333333,0.00765853333333332
8093.5,0.0296779999999999,0.00523033333333332
8093.75,0.0301986666666666,0.00550013333333329
8094,0.0319973333333333,0.00749286666666661
8094.25,0.030672,0.00718993333333332
8094.5,0.0422213333333333,0.00582199999999993
8094.75,0.0803719999999999,0.00948559999999993
8095,0.092442,0.00615333333333325
8095.25,0.092868,0.00703373333333329
8095.5,0.126664,0.00963233333333329
8095.75,0.143088666666667,0.00427419999999996
8096,0.159892,0.0118096666666666
8096.25,0.165240666666667,0.00848213333333329
8096.5,0.203012666666667,0.0104133333333333
8096.75,0.199746666666667,0.00799867066666657
8097,0.202255333333333,0.0118711999999999
8097.25,0.199652,0.00627639999999996
8097.5,0.197664,0.00359733333333325
8097.75,0.198184666666667,0.00502206666666661
8098,0.19383,0.00466706666666664
8098.25,0.192646666666667,0.00535339999999993
8098.5,0.187913333333333,0.0114120666666666
8098.75,0.188386666666667,0.00399128866666657
8099,0.179819333333333,0.00254179999999993
8099.25,0.175606666666667,0.00209686666666657
8099.5,0.170210666666667,0.00629059999999993
8099.75,0.156720666666667,0.0122025333333332
8100,0.15194,0.0104796
8100.25,0.147964,0.0101482666666666
8100.5,0.137550666666667,0.00654004666666657
8100.75,0.152934,0.0179346
8101,0.149526,0.0141715999999999
8101.25,0.163773333333333,0.00750233333333329
8101.5,0.210633333333333,0.00982166666666664
8101.75,0.235246666666667,0.0176316666666666
8102,0.229566666666667,0.00650833333333332
8102.25,0.23288,0.00810819999999996
8102.5,0.23004,0.0183606
8102.75,0.21442,0.00949506666666661
8103,0.213,0.0103612666666666
8103.25,0.208266666666667,0.0143514666666666
8103.5,0.199746666666667,0.00769119333333325
8103.75,0.19454,0.00559953333333325
8104,0.158046,0.0029394
8104.25,0.153975333333333,0.00522749333333329
8104.5,0.154638,0.007242
8104.75,0.137124666666667,0.00510726666666661
8105,0.115256666666667,0.00354526666666657
8105.25,0.108014666666667,0.00638053333333332
8105.5,0.106121333333333,0.00798039999999996
8105.75,0.101151333333333,0.00458943999999996
8106,0.0966073333333333,0.0117197333333333
8106.25,0.0887973333333333,0.00743606666666664
8106.5,0.0990213333333333,0.00481048666666657
8106.75,0.103044666666667,0.00624326666666664
8107,0.114688666666667,0.00686333333333329
8107.25,0.119422,0.00494633333333329
8107.5,0.125906666666667,0.00479013333333325
8107.75,0.121646666666667,0.00406119999999996
8108,0.118996,0.00456103999999993
8108.25,0.0999679999999999,0.00642313333333332
8108.5,0.0865726666666666,0.00396653333333329
8108.75,0.0851053333333333,0.00438685333333332
8109,0.08236,0.0046008
8109.25,0.0647046666666666,0.00576519999999996
8109.5,0.0499366666666666,0.00452033333333329
8109.75,0.0449193333333332,0.00622433333333329
8110,0.039334,0.00593086666666657
8110.25,0.0408486666666666,0.00656986666666657
8110.5,0.0398546666666666,0.00748339999999993
8110.75,0.038482,0.0077106
8111,0.0383873333333333,0.00924893333333329
8111.25,0.0368726666666666,0.0082218
8111.5,0.0416533333333333,0.00852
8111.75,0.0384346666666666,0.0098406
8112,0.03763,0.0085626
8112.25,0.0373933333333333,0.00876613333333332
8112.5,0.0369673333333333,0.00808926666666661
8112.75,0.036352,0.00757333333333332
8113,0.0365886666666666,0.00875193333333325
8113.25,0.0358313333333333,0.00801353333333328
8113.5,0.037062,0.00923946666666661
8113.75,0.036778,0.00881346666666661
8114,0.0387659999999999,0.00859573333333332
8114.25,0.0375826666666666,0.00832593333333325
8114.5,0.0361626666666666,0.00790466666666664
8114.75,0.038056,0.0111280666666666
8115,0.036778,0.00893179999999993
8115.25,0.0388133333333333,0.00829753333333332
8115.5,0.0341746666666666,0.00541493333333329
8115.75,0.0367306666666666,0.00855786666666661
8116,0.0348846666666666,0.00776739999999996
8116.25,0.0364466666666666,0.00895073333333329
8116.5,0.036778,0.00737453333333329
8116.75,0.037204,0.00919213333333332
8117,0.0322339999999999,0.00576993333333325
8117.25,0.0313346666666666,0.00736506666666661
8117.5,0.0304353333333332,0.00628113333333325
8117.75,0.0307193333333333,0.00720413333333329
8118,0.028968,0.00652253333333329
8118.25,0.0307193333333333,0.00658406666666664
8118.5,0.0365413333333333,0.00653673333333325
8118.75,0.0645153333333332,0.00871406666666664
8119,0.0888446666666666,0.009159
8119.25,0.0969386666666666,0.00433999333333332
8119.5,0.121078666666667,0.00477593333333329
8119.75,0.18744,0.0181949333333333
8120,0.240926666666667,0.024708
8120.25,0.243293333333333,0.0110002666666666
8120.5,0.25418,0.00961339999999993
8120.75,0.258913333333333,0.0120652666666666
8121,0.286366666666667,0.0200977333333333
8121.25,0.283526666666667,0.0176458666666666
8121.5,0.292046666666667,0.0179440666666666
8121.75,0.294886666666667,0.0175369999999999
8122,0.29252,0.00797566666666657
8122.25,0.306246666666667,0.0136367333333333
8122.5,0.297253333333333,0.0161028
8122.75,0.29678,0.0151277333333333
8123,0.280213333333333,0.0248973333333332
8123.25,0.2627,0.0145928666666666
8123.5,0.270273333333333,0.0127042666666666
8123.75,0.309086666666667,0.0273113333333333
8124,0.314293333333333,0.0328966666666666
8124.25,0.2627,0.0305773333333333
8124.5,0.262226666666667,0.0330859999999999
8124.75,0.257966666666667,0.0305773333333333
8125,0.275953333333333,0.031098
8125.25,0.331806666666667,0.0360206666666666
8125.5,0.365413333333333,0.034506
8125.75,0.381506666666667,0.0369199999999999
8126,0.38056,0.0292046666666666
8126.25,0.440673333333333,0.0659353333333333
8126.5,0.412746666666667,0.061486
8126.75,0.410853333333333,0.0618173333333333
8127,0.388133333333333,0.0546226666666666
8127.25,0.38482,0.0577939999999999
8127.5,0.382926666666667,0.0574626666666666
8127.75,0.376773333333333,0.063616
8128,0.34648,0.0559006666666666
8128.25,0.338906666666667,0.0546226666666666
8128.5,0.31666,0.0581253333333332
8128.75,0.287313333333333,0.0521613333333332
8129,0.256546666666667,0.0515933333333333
8129.25,0.248973333333333,0.0590246666666666
8129.5,0.22436,0.0598293333333332
8129.75,0.222466666666667,0.0656513333333333
8130,0.222466666666667,0.0615806666666666
8130.25,0.22862,0.0676393333333333
8130.5,0.180576666666667,0.0470966666666666
8130.75,0.231933333333333,0.0291573333333332
8131,0.288733333333333,0.0207083333333333
8131.25,0.283053333333333,0.00973173333333325
8131.5,0.27264,0.0122498666666666
8131.75,0.2556,0.0194066666666666
8132,0.244713333333333,0.0211106666666666
8132.25,0.221993333333333,0.0167086666666666
8132.5,0.170542,0.0176316666666666
8132.75,0.157241333333333,0.0207319999999999
8133,0.112558666666667,0.0193025333333333
8133.25,0.0914953333333333,0.0146401999999999
8133.5,0.0878033333333333,0.0102097999999999
8133.75,0.0742186666666666,0.0134095333333333
8134,0.0607286666666666,0.0104133333333333
8134.25,0.0611073333333332,0.0105411333333332
8134.5,0.0610126666666666,0.0111422666666666
8134.75,0.055522,0.0104890666666666
8135,0.0555693333333332,0.0112747999999999
8135.25,0.0551433333333332,0.0117576
8135.5,0.0565159999999999,0.0104275333333333
8135.75,0.0548119999999999,0.0104559333333332
8136,0.0541966666666666,0.0115114666666666
8136.25,0.0578413333333333,0.0155679333333332
8136.5,0.0535813333333333,0.00980273333333329
8136.75,0.0564213333333332,0.0111659333333333
8137,0.0548119999999999,0.0122971999999999
8137.25,0.0545279999999999,0.0119753333333333
8137.5,0.0557586666666666,0.011857
8137.75,0.052398,0.0104133333333333
8138,0.0550486666666666,0.0103186666666666
8138.25,0.0544806666666666,0.0115540666666666
8138.5,0.0527766666666666,0.0109765999999999
8138.75,0.0524453333333333,0.0101766666666666
8139,0.0527766666666666,0.0118996
8139.25,0.0555693333333332,0.0108866666666666
8139.5,0.0525873333333332,0.0107541333333333
8139.75,0.052824,0.0103896666666666
8140,0.0525873333333332,0.0116866
8140.25,0.0532973333333333,0.0110381333333333
8140.5,0.0540073333333333,0.0100630666666666
8140.75,0.050268,0.00803719999999993
8141,0.0531553333333333,0.0102855333333332
8141.25,0.0479486666666666,0.0090312
8141.5,0.0456293333333333,0.00837326666666664
8141.75,0.048564,0.00860046666666661
8142,0.0467179999999999,0.0105505999999999
8142.25,0.0467179999999999,0.00943353333333325
8142.5,0.0456766666666666,0.00908799999999996
8142.75,0.0486586666666666,0.0100914666666666
8143,0.0491793333333332,0.0112132666666666
8143.25,0.0512146666666666,0.00988793333333329
8143.5,0.0473806666666666,0.00820759999999993
8143.75,0.0533446666666666,0.00846793333333332
8144,0.0486586666666666,0.0102760666666666
8144.25,0.0491793333333332,0.0088608
8144.5,0.0488479999999999,0.00926786666666664
8144.75,0.04828,0.00806559999999996
8145,0.0544333333333333,0.00973173333333325
8145.25,0.0493213333333333,0.00822653333333329
8145.5,0.0495106666666666,0.00751653333333325
8145.75,0.0502206666666666,0.00922999999999993
8146,0.0484219999999999,0.0113221333333333
8146.25,0.0488006666666666,0.00816499999999993
8146.5,0.0458659999999999,0.007668
8146.75,0.0485166666666666,0.00991159999999993
8147,0.0459606666666666,0.00744079999999993
8147.25,0.0475226666666666,0.00582199999999993
8147.5,0.046008,0.005112
8147.75,0.0434519999999999,0.00506466666666661
8148,0.0494633333333333,0.00666453333333325
8148.25,0.045582,0.00686806666666657
8148.5,0.045724,0.00666453333333325
8148.75,0.0459133333333333,0.00768693333333325
8149,0.0454399999999999,0.00713313333333325
8149.25,0.0481853333333333,0.00627166666666657
8149.5,0.043168,0.00498893333333329
8149.75,0.0434993333333333,0.00651306666666661
8150,0.0451086666666666,0.00635213333333329
8150.25,0.0452506666666666,0.00602553333333325
8150.5,0.0517826666666666,0.00731299999999993
8150.75,0.0458659999999999,0.00803719999999993
8151,0.0455346666666666,0.00674026666666657
8151.25,0.043878,0.00580779999999996
8151.5,0.0467653333333333,0.0062622
8151.75,0.0470493333333332,0.0089034
8152,0.046008,0.00708106666666657
8152.25,0.0438306666666666,0.00613913333333329
8152.5,0.0440673333333333,0.0054954
8152.75,0.048706,0.00713313333333325
8153,0.045724,0.00736033333333332
8153.25,0.0435466666666666,0.0059214
8153.5,0.0444933333333332,0.00712839999999996
8153.75,0.0438306666666666,0.00629533333333332
8154,0.0461973333333333,0.00658406666666664
8154.25,0.0446826666666666,0.00590719999999993
8154.5,0.0449193333333332,0.00803719999999993
8154.75,0.0427893333333332,0.00609179999999989
8155,0.0438306666666666,0.00721359999999996
8155.25,0.0452506666666666,0.00760646666666664
8155.5,0.0457713333333332,0.0115919333333333
8155.75,0.0497946666666666,0.00858626666666664
8156,0.0504573333333332,0.00986426666666664
8156.25,0.05041,0.0110523333333332
8156.5,0.05112,0.00993053333333329
8156.75,0.049558,0.0103186666666666
8157,0.0507886666666666,0.0110807333333333
8157.25,0.0508833333333332,0.0112038
8157.5,0.049132,0.0105079999999999
8157.75,0.050268,0.0103991333333333
8158,0.0501733333333333,0.0112889999999999
8158.25,0.0502206666666666,0.0126900666666666
8158.5,0.0501259999999999,0.0122072666666666
8158.75,0.0508833333333332,0.0129977333333333
8159,0.0524453333333333,0.0136603999999999
8159.25,0.0510726666666666,0.0129504
8159.5,0.0519246666666666,0.0130308666666666
8159.75,0.0486113333333333,0.0107399333333333
8160,0.0517353333333332,0.0138071333333333
8160.25,0.0505046666666666,0.0131870666666666
8160.5,0.0508833333333332,0.0131823333333332
8160.75,0.0483746666666666,0.0121078666666666
8161,0.0528713333333333,0.0139349333333333
8161.25,0.0476646666666666,0.0125717333333333
8161.5,0.0480433333333333,0.010792
8161.75,0.0497473333333333,0.0129977333333333
8162,0.0500313333333332,0.0132391333333333
8162.25,0.0479486666666666,0.0108014666666666
8162.5,0.0485166666666666,0.0119563999999999
8162.75,0.047286,0.0114972666666666
8163,0.0500786666666666,0.013561
8163.25,0.0495106666666666,0.0117954666666666
8163.5,0.0472386666666666,0.0112889999999999
8163.75,0.04899,0.0115114666666666
8164,0.0498419999999999,0.0126143333333333
8164.25,0.0484693333333333,0.0120463333333333
8164.5,0.048138,0.0116724
8164.75,0.0481853333333333,0.0122025333333332
8165,0.048564,0.011218
8165.25,0.04402,0.0098406
8165.5,0.0429786666666666,0.0108393333333333
8165.75,0.0433099999999999,0.0114688666666666
8166,0.0429786666666666,0.0118475333333333
8166.25,0.0416533333333333,0.0106973333333333
8166.5,0.0429786666666666,0.0105364
8166.75,0.0416533333333333,0.00982166666666664
8167,0.042742,0.0103896666666666
8167.25,0.0407066666666666,0.00929153333333328
8167.5,0.0426946666666666,0.0114451999999999
8167.75,0.0438306666666666,0.0114451999999999
8168,0.0418426666666666,0.0099684
8168.25,0.0441146666666666,0.0103044666666666
8168.5,0.0437359999999999,0.0106689333333333
8168.75,0.0461973333333333,0.0120368666666666
8169,0.0455346666666666,0.0113694666666666
8169.25,0.0455346666666666,0.0106642
8169.5,0.047286,0.0126048666666666
8169.75,0.0462919999999999,0.0113931333333332
8170,0.0445406666666666,0.0098832
8170.25,0.0442093333333333,0.0090738
8170.5,0.0475699999999999,0.0120889333333333
8170.75,0.0449193333333332,0.00958973333333329
8171,0.0465286666666666,0.0108629999999999
8171.25,0.0461973333333333,0.0101624666666666
8171.5,0.0464813333333333,0.0107635999999999
8171.75,0.0440673333333333,0.00903593333333329
8172,0.0460553333333333,0.00958973333333329
8172.25,0.048138,0.0108866666666666
8172.5,0.0456766666666666,0.0101956
8172.75,0.0466233333333332,0.0098406
8173,0.0455346666666666,0.00914953333333332
8173.25,0.0457713333333332,0.0103849333333333
8173.5,0.0465286666666666,0.0102618666666666
8173.75,0.0439726666666666,0.00826913333333329
8174,0.0462446666666666,0.00960866666666664
8174.25,0.0457713333333332,0.00942879999999996
8174.5,0.0450139999999999,0.0094146
8174.75,0.0471439999999999,0.00905959999999993
8175,0.0454399999999999,0.0104464666666666
8175.25,0.047002,0.00991633333333332
8175.5,0.0454873333333333,0.0100299333333333
8175.75,0.046576,0.00942406666666657
8176,0.0471439999999999,0.0106878666666666
8176.25,0.0242733987365291,0.00403322214790036
8176.5,0.0240886953892668,0.00455048284202564
8176.75,0.0224846126126126,0.00426409369369365
8177,0.0224651534025375,0.00332637047289498
8177.25,0.0233185376344086,0.00443895053763438
8177.5,0.0288626353944563,0.00473694641080308
8177.75,0.0284353610814656,0.00428500533617924
8178,0.0285704273999035,0.00844425296671488
8178.25,0.0239711888111888,0.002541416037296
8178.5,0.036827709379128,0.0100754158520475
8178.75,0.0363541037037037,0.0119025668409586
8179,0.034873426154847,0.0112814580785079
8179.25,0.0248038098346388,0.00291432909051342
8179.5,0.0449091577361738,0.0179734047772756
8179.75,0.0365776355932202,0.0135294883777239
8180,0.0366692096774193,0.0137521274193548
8180.25,0.0355718202824132,0.01164598690629
8180.5,0.044384407771229,0.0153660552717747
8180.75,0.0370966776968895,0.0129886300463268
8181,0.0365407937513193,0.0139826353810428
8181.25,0.0349013082673702,0.0111798460861917
8181.5,0.0379008325550366,0.014917805737158
8181.75,0.0348146997985225,0.0115011162749048
8182,0.0352868563722184,0.0114847838165879
8182.25,0.0356437982813206,0.0119461305291723
8182.5,0.0340251622054449,0.0102410003660489
8182.75,0.0350807994448299,0.0117511093222299
8183,0.0350829684210526,0.0113983848421052
8183.25,0.035401320361362,0.011828761176743
8183.5,0.0358564957865168,0.0115006039325842
8183.75,0.0364046823027718,0.0125765978678038
8184,0.0368896164447558,0.0108070989021256
8184.25,0.0329668341708542,0.00985675041876042
8184.5,0.051688,0.0127137333333332
8184.75,0.05467,0.0127942
8185,0.0578886666666666,0.0141053333333333
8185.25,0.0542913333333332,0.01278
8185.5,0.0542913333333332,0.0139207333333333
8185.75,0.0550486666666666,0.012496
8186,0.0558059999999999,0.0123918666666666
8186.25,0.0527293333333333,0.0123445333333333
8186.5,0.0556166666666666,0.0130734666666666
8186.75,0.0537706666666666,0.0120889333333333
8187,0.0569419999999999,0.0142141999999999
8187.25,0.05325,0.0126190666666666
8187.5,0.0579833333333333,0.0142
8187.75,0.0531079999999999,0.0115777333333333
8188,0.0564213333333332,0.0119469333333332
8188.25,0.0578413333333333,0.0115966666666666
8188.5,0.051262,0.0109008666666666
8188.75,0.0517353333333332,0.010011
8189,0.0559953333333333,0.0116818666666666
8189.25,0.0573679999999999,0.0113978666666666
8189.5,0.0550013333333333,0.0111990666666666
8189.75,0.047854,0.00951399999999996
8190,0.0543859999999999,0.0104796
8190.25,0.0527293333333333,0.0100536
8190.5,0.0501259999999999,0.00888919999999993
8190.75,0.0604919999999999,0.00952819999999993
8191,0.0887026666666666,0.00814133333333329
8191.25,0.0875666666666666,0.00833066666666664
8191.5,0.151514,0.007668
8191.75,0.34222,0.0859573333333333
8192,0.289218486768543,0.0527564666418188
8192.25,0.340326666666667,0.0298673333333333
8192.5,0.37346,0.0565633333333333
8192.75,0.361626666666667,0.0257493333333332
8193,0.41639470013947,0.0642300790330078
8193.25,0.40186,0.0934833333333333
8193.5,0.359092912851814,0.0334523397761953
8193.75,0.321719042310616,0.064391189764378
8194,0.340326666666667,0.025986
8194.25,0.316250968553459,0.0532834965199161
8194.5,0.308365761726857,0.0514103543378995
8194.75,0.360872542372881,0.0386649152542373
8195,0.473570824622532,0.0716959814169569
8195.25,0.271501228335857,0.0313819283190308
8195.5,0.0285928439897698,0.00428179028132985
8195.75,0.312953577840472,0.0274130289817902
8196,0.28826,0.0413693333333333
8196.25,0.302442150307569,0.0424825718106445
8196.5,0.264593333333333,0.0486586666666666
8196.75,0.25134,0.0434046666666666
8197,0.251813333333333,0.0431206666666666
8197.25,0.265066666666667,0.030814
8197.5,0.28542,0.0432626666666666
8197.75,0.50784061517887,0.0424721952524239
8198,0.379902079525809,0.0291541769984358
8198.25,0.525127862407862,0.0576974725634726
8198.5,0.484566518771331,0.0569330341296928
8198.75,0.431307546705998,0.0409336176663389
8199,0.450802810028605,0.0487691031465589
8199.25,0.375353333333333,0.0462446666666666
8199.5,0.375353333333333,0.0440673333333333
8199.75,0.35216,0.0445406666666666
8200,0.22697288184438,-0.000131330220941374
8200.25,0.0381304506627393,0.00499437631811479
8200.5,0.0330739346405229,0.00453634670688781
8200.75,0.0362094621212121,0.00669977335858585
8201,0.0498097614840989,0.00226753009422849
8201.25,0.228525647840532,0.0261239900332225
8201.5,0.212612349150556,0.0367325799648505
8201.75,0.0515011308284291,0.0104887023992756
8202,0.255550614578371,0.0290847660790852
8202.25,0.0319183035714285,0.00208532916666661
8202.5,0.24522434256927,0.0580269229219143
8202.75,0.146017989247312,0.0478057600806452
8203,0.445138219735504,0.0404843492709393
8203.25,0.167144424603175,0.0188249949404761
8203.5,0.443176565961732,0.0541501913393755
8203.75,0.337830339443313,0.0239276748133062
8204,0.155089441067207,0.0227589648767308
8204.25,0.309086666666667,0.019596
8204.5,0.121105129014698,0.0119065363817819
8204.75,0.218589061643836,0.00808014041095884
8205,0.323666161321671,0.0330281236151603
8205.25,0.23484443153527,0.0118681753803595
8205.5,0.203249333333333,0.0241399999999999
8205.75,0.0781550612244897,0.00864998664192947
8206,0.151700672496356,0.0131470772433895
8206.25,0.0951676792493069,0.0032597555129025
8206.5,0.0407856568249892,0.0153335209242618
8206.75,0.0401115968483256,0.0142317658568614
8207,0.0377907815631262,0.0117482092184368
8207.25,0.0412701135604541,0.0156882965931863
8207.5,0.0390188771460423,0.0130283369453734
8207.75,0.040734301878253,0.0130633958814211
8208,0.0386298758620689,0.013740860137931
8208.25,0.0360118841788278,0.0123354844104702
8208.5,0.0396169857142857,0.0154572747619047
8208.75,0.0388410373542708,0.0147264372115155
8209,0.0565299672131147,0.0185518496079828
8209.25,0.0358515901093675,0.0122210480266286
8209.5,0.0368726666666666,0.0148200666666666
8209.75,0.0387852077294685,0.0149701442028985
8210,0.0418089905040175,0.0166193107377647
8210.25,0.0485062656099904,0.0141126311239192
8210.5,0.0478191209912536,0.012846363265306
8210.75,0.0563991436865021,0.01922290478955
8211,0.038973924834193,0.015490243183493
8211.25,0.0389656842105263,0.0155767929824561
8211.5,0.0386342437810945,0.008764995920398
8211.75,0.0375365361235675,0.0120075889481813
8212,0.0349531707803539,0.00647981650461226
8212.25,0.0361901877219684,0.0122165568239472
8212.5,0.0361706401225114,0.0125056551301684
8212.75,0.0424722036892699,0.0187293904910366
8213,0.0357644989615784,0.0124394138110072
8213.25,0.0387700119232763,0.0145446573354069
8213.5,0.0401225814497271,0.0160490325798908
8213.75,0.0402520844693931,0.0165047803261159
8214,0.0409433333333333,0.0127563333333332
8214.25,0.0435811727416798,0.0140691394611727
8214.5,0.0395354074074074,0.00781204444444439
8214.75,0.0576813473789816,0.0159305907198394
8215,0.102542026950355,0.0063669577304964
8215.25,0.0922092648790058,0.00352132138652707
8215.5,0.0783786753503059,0.0121721940398658
8215.75,0.129318778139703,0.0120515497647485
8216,0.138399135035887,0.00506973894174593
8216.25,0.166023426811937,0.00560703581241115
8216.5,0.156550930710008,0.00436126458511545
8216.75,0.157498285714286,0.00266280885456885
8217,0.306893634840871,0.0309726499162479
8217.25,0.435522390835885,0.0902693371895202
8217.5,0.415994637870855,0.0540129712041884
8217.75,0.348395231316726,0.0348395231316725
8218,0.307716780718743,0.034688931568754
8218.25,0.156152198019802,0.00547026994570423
8218.5,0.343646664533333,0.0449924311466666
8218.75,0.156710124101894,0.00542312005225341
8219,0.152413333333333,0.00175133333333329
8219.25,0.189173720930233,0.0651440332225913
8219.5,0.403347165380745,0.0903857866487755
8219.75,0.0977101999999999,0.000865906372881309
8220,0.246606666666667,0.0523033333333333
8220.25,0.132451044390638,0.00811598846996419
8220.5,0.159712604801147,-0.00369835972769613
8220.75,0.223507690069116,0.0330753418212683
8221,0.0970235414104882,0.0112733928390596
8221.25,0.146601227591036,0.0187651458683473
8221.5,0.0603254339837955,0.00372109679333555
8221.75,0.26055296,0.0446119822222221
8222,0.342595244243598,0.0480393608779857
8222.25,0.341485537941239,0.0457380769393362
8222.5,0.0258270339174095,0.00428879577825594
8222.75,0.0749517642827784,0.00547815484997943
8223,0.0783959875853507,0.00177144779639973
8223.25,0.217192736842105,0.0144558564499483
8223.5,0.44170796460177,0.0486117522123893
8223.75,0.413552728001604,0.0256031493285227
8224,0.327290169215087,0.0524039926605504
8224.25,0.328176971246006,0.0640322308839191
8224.5,0.321877970149254,0.038454447761194
8224.75,0.0476675272897634,0.00247814282033253
8225,0.283823603603604,0.054734036036036
8225.25,0.290272639802632,0.0526563092105263
8225.5,0.212612349150556,0.0367325799648505
8225.75,0.366392500768049,0.0544611880184331
8226,0.262455736057069,0.0310088356031128
8226.25,0.263866666666667,0.0309100952380951
8226.5,0.239339027777778,0.0366325612535612
8226.75,0.0339283438947563,0.00488549197702424
8227,0.281654419695193,0.0120912250879249
8227.25,0.214764731697586,0.0158944823459007
8227.5,0.212653170634921,0.0181394575396824
8227.75,0.150227621455939,0.00783816877394635
8228,0.0458342632988901,0.0152292608878683
8228.25,0.0520831450562462,0.00920088257351481
8228.5,0.0821197239098987,0.00591299855342004
8228.75,0.118806666666667,0.0254179999999999
8229,0.25543594351733,0.0301792836970474
8229.25,0.2354010279965,0.0220054965004374
8229.5,0.0559006666666666,0.0077958
8229.75,0.191412923005993,0.0499193503918856
8230,0.149620666666667,0.0251813333333333
8230.25,0.0454399999999999,0.0156531333333332
8230.5,0.0505242601384767,0.0161403506429278
8230.75,0.0639461858585857,0.0278582126262626
8231,0.04047,0.016188
8231.25,0.0398546666666666,0.00812713333333332
8231.5,0.0400586289697908,0.015966563594113
8231.75,0.0401229511041009,0.00985309779179803
8232,0.0315765925925925,0.0131434598941798
8232.25,0.0369135025272678,0.0150643149773876
8232.5,0.0309603271852445,0.0132816004811547
8232.75,0.0488062464581662,0.00926700882117079
8233,0.045298,0.0181428666666666
8233.25,0.0406921231182795,0.0153341562903226
8233.5,0.040247541118421,0.0164726422697368
8233.75,0.0462819908528383,0.0192186322302932
8234,0.046576,0.0194113999999999
8234.25,0.0398693469721767,0.0166949934533551
8234.5,0.0462160492206727,0.017078200601586
8234.75,0.0415113333333332,0.0154306666666666
8235,0.040578546952224,0.0183691231191653
8235.25,0.0388444767346938,0.016511265414966
8235.5,0.0427041564792175,0.0195869731051344
8235.75,0.0441035431388661,0.0164665860312243
8236,0.045733184079602,0.0183835052515202
8236.25,0.0380086666666666,0.0129740666666666
8236.5,0.0354156802610113,0.00789859749864052
8236.75,0.047286,0.0140106666666666
8237,0.032429780730897,0.00801736245847172
8237.25,0.0314605733333333,0.00813359433333325
8237.5,0.0401996088292819,0.0135165272981279
8237.75,0.035926,0.0117718
8238,0.0568413957597172,0.00837264782096584
8238.25,0.0381652962328766,0.00159376763698624
8238.5,0.047286,0.0154164666666666
8238.75,0.0454399999999999,0.0166944666666666
8239,0.0557624355971897,0.0142125631017434
8239.25,0.102382,0.000780999999999964
8239.5,0.130829333333333,0.00772953333333325
8239.75,0.155776102440976,0.0166366040816326
8240,0.223183384279476,0.0112776317321687
8240.25,0.142996004032258,0.0224586169354838
8240.5,0.144461400727733,0.00260450217687066
8240.75,0.273464801781737,0.00569639483296208
8241,0.141922478162863,0.00698446745562125
8241.25,0.260495354523227,0.0158005378973105
8241.5,0.215233951062976,-0.0101952924187725
8241.75,0.269569760383387,0.00348374467518629
8242,0.455125878594249,0.0185274159744408
8242.25,0.454344904967886,0.0406444241709267
8242.5,0.345331399947957,0.0357141639344261
8242.75,0.342103325545171,0.0360455498442367
8243,0.214456522072937,-0.0103950541266794
8243.25,0.227852924849437,0.0127130491751767
8243.5,0.193208070881998,0.00307910672573498
8243.75,0.179764594370861,0.00528384586092711
8244,0.173855333333333,0.00869986666666657
8244.25,0.169385014480409,0.00112644060193068
8244.5,0.204842553191489,0.00116409367612288
8244.75,0.199247344734473,0.0234352829282928
8245,0.119593821433723,-0.0025447514207413
8245.25,0.26167493688445,0.0524299692051601
8245.5,0.191142943899782,0.00120329937636158
8245.75,0.376324259038538,0.021558274135876
8246,0.255973382773875,0.0322687332812906
8246.25,0.352259561300431,0.0122599674108891
8246.5,0.336408590394377,0.000652944943381389
8246.75,0.0434119150589495,0.00537438563665585
8247,0.358126157536985,0.0178589366919898
8247.25,0.0549691315889268,0.00431223359878641
8247.5,0.422686666666667,-0.00325179999999996
8247.75,0.348712546456491,0.0710200179418172
8248,0.388179699190127,0.00754164208767183
8248.25,0.295244023904382,0.0393501235059761
8248.5,0.195708983774552,-0.00103999943068599
8248.75,0.305499833035182,0.0364613577817531
8249,0.213676641269841,0.0318382933333333
8249.25,0.237732977509231,0.0157699365558911
8249.5,0.180387707608505,0.0467899855912844
8249.75,0.0287470851608187,0.00425286366959064
8250,0.0345637856598016,0.00291955682684967
8250.25,0.152585630073985,0.021335402039592
8250.5,0.202336559670782,0.0199783715226337
8250.75,0.178590421994885,0.0315242723785166
8251,0.0314293333333333,0.00632846666666664
8251.25,0.261777188328912,0.0674217506631299
8251.5,0.184355066839155,0.00751093661060795
8251.75,0.0475731797824696,0.0147963454894433
8252,0.0453453333333333,0.0143751333333332
8252.25,0.189333333333333,0.0191889333333332
8252.5,0.157170447665056,0.0187925289164941
8252.75,0.0739860458651841,0.0080759416261292
8253,0.0372513333333332,0.0069864
8253.25,0.178351196036801,0.0471856050955414
8253.5,0.111247676767677,0.00387380303030299
8253.75,0.0416880172413793,0.0162876312260536
8254,0.0820286666666666,0.0196433333333333
8254.25,0.0403279999999999,0.0150898666666666
8254.5,0.0494226896740618,0.0121262943850999
8254.75,0.0434795022988505,0.00923643080459769
8255,0.0346654750430292,0.0101915550774527
8255.25,0.0445967548256986,0.0166942252953039
8255.5,0.0422686666666666,0.0164956666666666
8255.75,0.0359419447383891,0.00962561316872425
8256,0.0397472897413542,0.013028015111886
8256.25,0.0392393333333333,0.0151892666666666
8256.5,0.0412640778371955,0.0165245813428401
8256.75,0.0364159999999999,0.0133952083333333
8257,0.0465690561342592,0.0185944603587963
8257.25,0.0341273333333333,0.0103068333333332
8257.5,0.0421852467236467,0.0145283719658119
8257.75,0.0375212635314995,0.0151079936113575
8258,0.0348373333333333,0.00811293333333325
8258.25,0.03621,0.0112511333333333
8258.5,0.0422213333333333,0.0148484666666666
8258.75,0.0372652748433303,0.00946764977618613
8259,0.0354053333333333,0.00895546666666657
8259.25,0.0334173333333333,0.00975208666666657
8259.5,0.0431206666666666,0.01633
8259.75,0.0408252482517482,0.0174443772727272
8260,0.0361943883040935,0.00825743701754376
8260.25,0.0371093333333333,0.0133621999999999
8260.5,0.0373459999999999,0.0149336666666666
8260.75,0.0297929646418857,0.00870143729223324
8261,0.0357509584487534,0.00645503416435826
8261.25,0.0388333205374279,0.0144467511196416
8261.5,0.0444515061224489,0.00792765714285712
8261.75,0.0278130763462849,0.00502720170415809
8262,0.0321212466124661,0.00833735298102972
8262.25,0.029536,0.00168979999999993
8262.5,0.0302655429292929,0.00596620799242421
8262.75,0.0296306666666666,0.00418852666666657
8263,0.0881626611751784,0.00236871907742992
8263.25,0.0390802713178294,0.00167689891472865
8263.5,0.133243333333333,0.0152318666666666
8263.75,0.0724213223280423,0.00846728719576711
8264,0.185030805134189,0.0119226259821081
8264.25,0.165233664401464,-0.00646771772085719
8264.5,0.23617837627613,0.0038940976859504
8264.75,0.140634967741935,0.00410615837788013
8265,0.230729627408994,0.0125856839971448
8265.25,0.260707139364303,0.0158133838630807
8265.5,0.186645009208103,0.0149982596685082
8265.75,0.332433923664122,-0.000178424987277291
8266,0.27846385620915,0.033713684263449
8266.25,0.374791294352824,0.00610267176411792
8266.5,0.444238312236287,0.0380775696202531
8266.75,0.168651989814478,0.0324584416151327
8267,0.180932978566149,0.0334437287509238
8267.25,0.181091272994849,0.0303233563895021
8267.5,0.150907153651756,0.016283468713672
8267.75,0.218761902621723,0.039443433957553
8268,0.227283709044908,0.0374685277672359
8268.25,0.217875171540701,0.0215984714520825
8268.5,0.155568520679372,0.00933411124076231
8268.75,0.0574370651021953,0.00206451445874335
8269,0.225223772381653,0.0308026629874907
8269.25,0.212697550585729,0.0203716987338776
8269.5,0.102189369577529,0.00303345067391546
8269.75,0.311146338972231,0.0635452946058091
8270,0.354331957939011,0.0648341987381703
8270.25,0.285594889705882,0.0318274901960784
8270.5,0.39802057608015,0.0269124232936756
8270.75,0.330847649760579,0.0713685644483533
8271,0.334693763819587,0.0543401948928676
8271.25,0.35358,0.108251333333333
8271.5,0.340568814035088,0.0560657852631579
8271.75,0.338536893104855,0.0528875118319053
8272,0.322366402825387,0.0623750377064506
8272.25,0.22152,0.0360679999999999
8272.5,0.321558646766169,0.0384162985074626
8272.75,0.308255244905256,0.0657420908115838
8273,0.173713333333333,0.037062
8273.25,0.168506666666667,0.0362573333333333
8273.5,0.163773333333333,0.0358313333333333
8273.75,0.155584666666667,0.036352
8274,0.145976,0.0190279999999999
8274.25,0.146212666666667,0.0198326666666666
8274.5,0.151088,0.0195770666666666
8274.75,0.128273333333333,0.0133906
8275,0.0787626666666666,0.00590246666666664
8275.25,0.0730826666666666,0.00508833333333325
8275.5,0.0921106666666666,0.00825966666666661
8275.75,0.076254,0.00904066666666657
8276,0.0744079999999999,0.00795199999999993
8276.25,0.0434103707995364,0.0167805990730011
8276.5,0.220231954436451,0.0115562573940847
8276.75,0.0650207722731905,0.0065779032008154
8277,0.0663549851668726,0.0066875973629995
8277.25,0.0979654473905723,0.012582718013468
8277.5,0.0591666666666666,0.0106642
8277.75,0.058078,0.00998733333333325
8278,0.0604919999999999,0.00976486666666657
8278.25,0.0571313333333333,0.0101482666666666
8278.5,0.0587406666666666,0.0104512
8278.75,0.058362,0.0110381333333333
8279,0.0545753333333333,0.0104086
8279.25,0.0576046666666666,0.0125575333333333
8279.5,0.0545279999999999,0.0120274
8279.75,0.0543859999999999,0.0117812666666666
8280,0.0533446666666666,0.0110617999999999
8280.25,0.0546226666666666,0.0126853333333333
8280.5,0.0569893333333333,0.0128083999999999
8280.75,0.054102,0.0121930666666666
8281,0.0531553333333333,0.0117576
8281.25,0.053676,0.0110665333333333
8281.5,0.0536286666666666,0.0119374666666666
8281.75,0.0567526666666666,0.0120037333333333
8282,0.0537706666666666,0.0128604666666666
8282.25,0.0540546666666666,0.0140106666666666
8282.5,0.0473473401360543,0.00887408231292517
8282.75,0.0416533333333333,0.00862886666666664
8283,0.0371254949664429,0.0149353265100671
8283.25,0.0319973333333333,0.00868093333333332
8283.5,0.0395233333333333,0.0144556
8283.75,0.0442181806853582,0.017480952024922
8284,0.0397862466380543,0.0116334607153076
8284.25,0.0365729161624892,0.0167041583405358
8284.5,0.0421005261324041,0.0138067045296166
8284.75,0.0353888265039232,0.00854164045335656
8285,0.0338613494809688,0.00834710640138408
8285.25,0.0421072587287377,0.0159419598925693
8285.5,0.0347700797940797,0.0101522963963963
8285.75,0.0341615290581162,0.00421688777555105
8286,0.0295651282051281,0.00694590992767907
8286.25,0.0372770323176362,0.00680341274238217
8286.5,0.0388819687592101,0.0113089628647214
8286.75,0.0665033333333333,0.00372797333333329
8287,0.0738375540669856,0.0148007709728868
8287.25,0.0922526666666666,0.00715206666666661
8287.5,0.180451873449132,0.00987985847808096
8287.75,0.122666108667043,0.00099343936830229
8288,0.214455627240143,0.00238804301075265
8288.25,0.234295408988037,0.0120446966375687
8288.5,0.198611975033437,0.0351500329915292
8288.75,0.169832945091514,0.0142989904603439
8289,0.237208138195777,0.0109228253358925
8289.25,0.170655444241316,0.0038678775137111
8289.5,0.241290306332486,0.029690018162005
8289.75,0.183565374789106,0.0332890576042419
8290,0.185139336661911,0.00714988231098425
8290.25,0.197917680088659,0.0299043502031769
8290.5,0.264589306392532,0.044254317617866
8290.75,0.265047787274454,-0.00667386514719846
8291,0.359388124108416,0.00517064336661905
8291.25,0.280157627318918,0.0308173390050809
8291.5,0.276396903656068,0.0317856439204477
8291.75,0.108229365901801,0.00870526130027139
8292,0.227026115117015,0.0374260624920935
8292.25,0.133264431524548,0.0205350529715761
8292.5,0.188678938871473,0.0144556222570533
8292.75,0.206683409629045,0.020526453038674
8293,0.210075292220879,0.0148661389224775
8293.25,0.0864178728508596,0.0153137205917632
8293.5,0.180410916240661,0.00739163885174988
8293.75,0.223500740740741,0.0179937037037037
8294,0.257372690606297,0.0324451340098881
8294.25,0.0285924913227921,0.0030312766833783
8294.5,0.341619701114488,0.00483636569908812
8294.75,0.0530481487603305,0.00316775932882543
8295,0.27122,0.00818866666666657
8295.25,0.374444767801857,0.0376335902992775
8295.5,0.387786491092176,0.0432822819519751
8295.75,0.358081781270465,0.00667978415193188
8296,0.0421774624866023,0.00351257698821004
8296.25,0.0901205957088767,0.00602375111485065
8296.5,0.0520726235827663,0.00281626893424031
8296.75,0.0430640256296951,0.0027553396376491
8297,0.0294413333333333,0.00362809999999993
8297.25,0.0346953333333332,0.00203533333333332
8297.5,0.205485088161209,0.039679879093199
8297.75,0.199009043112513,0.0244970655450402
8298,0.137873583469277,0.00377511002356343
8298.25,0.23598665158371,0.011567136877828
8298.5,0.201887936507936,0.0124894353174603
8298.75,0.153218,0.0143609333333333
8299,0.218134069529652,0.0144822053987729
8299.25,0.218146228402865,0.0126619658659924
8299.5,0.231277765175383,0.0223173564797311
8299.75,0.276091604040404,0.0204941284848484
8300,0.226864662203287,0.0119589409616555
8300.25,0.0397848966812774,0.0144314976414109
8300.5,0.271468803418803,0.0080024282051281
8300.75,0.102468495114006,0.0162570665798045
8301,0.0723732309050772,0.00928347726269314
8301.25,0.187668175690367,0.018880269362905
8301.5,0.177973333333333,0.0209449999999999
8301.75,0.0467302242242242,0.0137731187187187
8302,0.0966546666666666,0.00774751999999993
8302.25,0.0826739259259259,0.0224184444444444
8302.5,0.0379744688995214,0.0144265054758106
8302.75,0.0356132332526231,0.0105515436104384
8303,0.0503218541329011,0.0157492269043759
8303.25,0.0422559978106185,0.013428122353585
8303.5,0.0390817737998372,0.0145905288852725
8303.75,0.0438759083469721,0.0200366648117839
8304,0.0387659999999999,0.014058
8304.25,0.0314889233390119,0.0105722991482112
8304.5,0.0380054050420168,0.0136904228571428
8304.75,0.0381172082635399,0.0161148989391401
8305,0.0381654910638298,0.0137197137021276
8305.25,0.0373612084765177,0.0148498980526918
8305.5,0.0440673333333333,0.013348
8305.75,0.0344698611825192,0.0132746637532133
8306,0.0345234429065743,0.0133317240484429
8306.25,0.03763,0.0141763333333333
8306.5,0.0369273045267489,0.0150813934156378
8306.75,0.0364314032305432,0.0143167360939794
8307,0.0369380437352245,0.0147515088652482
8307.25,0.0339988753363228,0.0125041888789237
8307.5,0.0457650080717489,0.0165578367713004
8307.75,0.0332624086799276,0.0112969345388788
8308,0.0346319229147846,0.013123177356218
8308.25,0.0390026666666666,0.0164956666666666
8308.5,0.0430510135501354,0.0155021412827461
8308.75,0.0353881486199575,0.00820683767060964
8309,0.0386239999999999,0.015904
8309.25,0.0356493830940989,0.0119147738437001
8309.5,0.0280213333333333,0.00620066666666664
8309.75,0.0288903515024458,0.00349899510831584
8310,0.0227407804878048,0.00320160056557081
8310.25,0.0274752105076322,0.00210579900603469
8310.5,0.0270938359293873,0.00625569719626159
8310.75,0.0266096104712041,0.00336580741361254
8311,0.0314828106611284,0.0052534003461405
8311.25,0.0250134395036193,0.00212306887280243
8311.5,0.03124,0.00167317653333325
8311.75,0.0307311909650923,0.00354701129363447
8312,0.024324493995456,0.00450540051931182
8312.25,0.0377490313986679,-0.00171672730732632
8312.5,0.0226990018484288,8.98502156500301e-05
8312.75,0.0220976575258988,0.00133724021937835
8313,0.0422396067917783,0.00169433029490614
8313.25,0.0263882486583184,0.0050644592128801
8313.5,0.0297514769862209,0.00790688138375837
8313.75,0.0206485992444057,-0.000189003196745115
8314,0.0293350748299319,0.00478575419501127
8314.25,0.0362272972198337,0.00686436709658924
8314.5,0.0177644560791157,-0.00312540430482836
8314.75,0.0329913333333332,0.00269326666666657
8315,0.0203236114483954,0.000971174906042181
8315.25,0.0334759088518843,0.00231723465381239
8315.5,0.0424796806526806,0.00197301924825171
8315.75,0.0297775746924429,0.00803330685413
8316,0.0216125886770652,0.000652633968804156
8316.25,0.0305827288428324,0.00576567415083471
8316.5,0.0177176435420191,0.000568480541455068
8316.75,0.0294484451864218,0.00682516638842515
8317,0.0314025164960182,0.0051426350056882
8317.25,0.026737169929078,-6.66050496453899e-05
8317.5,0.0277373333333333,0.000435466666666572
8317.75,0.0277653740374037,0.00138826870187013
8318,0.051871967611336,0.00371772787044526
8318.25,0.028633850137741,0.00179690555371891
8318.5,0.0402368852637303,0.00756339564980964
8318.75,0.0227673333333333,0.000520666666666572
8319,0.0216092897395002,-0.000752041360978173
8319.25,0.037137725772098,0.00617849712460062
8319.5,0.0396970149094781,0.00560874291799779
8319.75,0.0358412022029897,0.0063938060319957
8320,0.0360859259259258,0.00571249703703696
8320.25,0.0339225917252146,0.00566009117876651
8320.5,0.032376,0.00443986666666657
8320.75,0.0339853333333333,0.00499698
8321,0.0307655121951219,0.00464034660896924
8321.25,0.01992692368214,0.000251458798845993
8321.5,0.102378415249871,0.00664399637300356
8321.75,0.0271840592592592,0.00185693925925925
8322,0.0381206975648075,0.013777368735271
8322.25,0.0245005642633228,0.0045582445141065
8322.5,0.0446943301435406,0.0145386635832004
8322.75,0.03996252583668,0.0150130764123159
8323,0.0257397567716971,0.00194710337202864
8323.25,0.0247655164399092,0.00308499427437631
8323.5,0.032964067768595,0.0100741407107437
8323.75,0.0313091879350348,0.0104316736272234
8324,0.0457002413882413,0.00950508132608126
8324.25,0.0384608510638297,0.0155220397688468
8324.5,0.032164719852554,0.0109331625065824
8324.75,0.0400285111464967,0.0154571635350317
8325,0.0309585193548387,0.0102594541935483
8325.25,0.0467731271753681,0.00802503400267734
8325.5,0.0372811105782041,0.0140787116440181
8325.75,0.0375182322580645,0.0138609024731182
8326,0.0422245509145509,0.0140449707343707
8326.25,0.0369374002699055,0.01411755951417
8326.5,0.0381351743421052,0.0159723530701754
8326.75,0.039222315042315,0.0162323677313677
8327,0.0423741625069329,0.0140361447587354
8327.25,0.037914,0.0130356
8327.5,0.0385462437395659,0.0162292487479132
8327.75,0.0378973842323651,0.015591116846473
8328,0.038798305,0.014069715
8328.25,0.03763,0.0134000666666666
8328.5,0.0381979999999999,0.0137598
8328.75,0.0381492395309882,0.0161284408710218
8329,0.0420341996557659,0.0154172895008605
8329.25,0.0373290836197021,0.0148371294387171
8329.5,0.0441437727666955,0.0133711535125759
8329.75,0.0425456451425246,0.0161314973821989
8330,0.0385023152680653,0.0156459836829836
8330.25,0.0374844541231126,0.0150645961091753
8330.5,0.0424579999999999,0.0157146666666666
8330.75,0.0375411881533101,0.00758912485481989
8331,0.0424106666666666,0.0147679999999999
8331.25,0.0402437417102967,0.00867518394415349
8331.5,0.0415141079031788,0.0149241792942548
8331.75,0.0417369596750797,0.0144397563098346
8332,0.0399844381956649,0.017386598125366
8332.25,0.0418636944688322,0.0144821922739245
8332.5,0.0392108659549228,0.0160650344009489
8332.75,0.0372986666666666,0.014839
8333,0.0345562122838401,0.0133469838998211
8333.25,0.0383158744228993,0.0160418304709141
8333.5,0.0323286666666666,0.00934833333333325
8333.75,0.0289509818308875,0.00350633822501742
8334,0.0331447586206896,0.0050841094392197
8334.25,0.0226458541240627,0.000751690115882682
8334.5,0.0226462085470085,0.000457681777777726
8334.75,0.0221390476190476,-0.0002954999999999
8335,0.0245186666666666,0.00222466666666657
8335.25,0.0228378758901322,0.00230416162767036
8335.5,0.0385124696356275,0.00328944868421051
8335.75,0.02103067001003,0.0011479828819792
8336,0.0244685679974033,0.00453208601103535
8336.25,0.022243423369745,0.00333603923204231
8336.5,0.0255481666666666,0.00473674281249996
8336.75,0.0238789636963696,-0.000280649174917488
8337,0.0537815575221238,0.00687683054736152
8337.25,0.0227923212536728,0.00349450734573942
8337.5,0.0230798685714285,0.000985496228571352
8337.75,0.0653298325281803,-9.55813204508855e-05
8338,0.0253275947079703,0.00099548873184891
8338.25,0.0425534411292909,0.00333184390118702
8338.5,0.0222466666666666,0.00184032
8338.75,0.02835746101903,0.0057853014119091
8339,0.036500311111111,0.00700768246913575
8339.25,0.0296106242312423,0.00814884378843783
8339.5,0.0341820194174757,0.00562167096204763
8339.75,0.0412581254480287,0.00163474700716842
8340,0.0635812584138132,-0.000496197951419307
8340.25,0.0221133065502183,0.0015545465502183
8340.5,0.0343756807108054,0.00495009802235594
8340.75,0.0294240673344463,0.00681951641624928
8341,0.0291808843648209,0.0068884859120521
8341.25,0.0431709630818619,0.00418498844301764
8341.5,0.0293002706270627,0.00706240827282722
8341.75,0.0223323665828443,0.00189801508801332
8342,0.0196591867839061,-0.00189030642152944
8342.25,0.0197053975776724,-0.0013485139547129
8342.5,0.0233908495902722,0.00114819180544536
8342.75,0.0366061903986981,0.00715097672904792
8343,0.021437923444976,-0.000746077511961625
8343.25,0.0365192545260916,0.00607560383386574
8343.5,0.0398237412140574,0.00562664792332261
8343.75,0.0359825318646734,0.00641901820089158
8344,0.0186694415274463,0.000801465924157959
8344.25,0.0240071661375661,0.000434775449735422
8344.5,0.0322239999999999,0.00441902222222217
8344.75,0.0385556378859235,0.00637741245421245
8345,0.0307897560975609,0.00464400330448457
8345.25,0.0198174350904799,0.000250077157094058
8345.5,0.0345395555555555,0.00887081481481477
8345.75,0.0219548205525432,0.0042213560547379
8346,0.0293521450617283,0.0104829089506172
8346.25,0.0245388463949843,0.00456536677115984
8346.5,0.0398073333333332,0.0129646
8346.75,0.0730178066037735,0.00578828616352191
8347,0.0415560432831881,0.0137053647928212
8347.25,0.0372924455001319,0.00764235830034306
8347.5,0.0387013343677269,0.0135525725368502
8347.75,0.0447106507818317,0.00572825673864481
8348,0.0375070766642634,0.0147251747656812
8348.25,0.0373271430667644,0.0142833455612618
8348.5,0.0399627484782079,0.0150048810323837
8348.75,0.0380182042446941,0.0145720648189762
8349,0.032189012012012,0.0116964504504504
8349.25,0.0327320181132074,0.0125149047547169
8349.5,0.0396225471507816,0.0143094538577912
8349.75,0.0389034193548387,0.0163041992498124
8350,0.0433837369614512,0.00940696870748291
8350.25,0.0437021223857474,0.00941676684740506
8350.5,0.0411961977186311,0.0143456930798479
8350.75,0.0398738833461243,0.0154729542594013
8351,0.051191290388548,0.0102240907464212
8351.25,0.0500095182029434,0.0103419116963594
8351.5,0.0380981690214547,0.012596592621664
8351.75,0.0385829976396538,0.0137278211382113
8352,0.0420458573322725,0.0136211551312648
8352.25,0.037914,0.0164246666666666
8352.5,0.0396808604712735,0.0169811435001323
8352.75,0.0486113333333333,0.00922999999999993
8353,0.0412273333333333,0.0170873333333333
8353.25,0.0385766666666666,0.0165051333333333
8353.5,0.0411326666666666,0.0154117333333333
8353.75,0.0426351485148515,0.0155713036853684
8354,0.03834,0.00902646666666661
8354.25,0.0441389566694987,0.01605572404418
8354.5,0.0349675,0.013372706081081
8354.75,0.0361791829787234,0.0123434859574467
8355,0.0408013333333333,0.0118901333333333
8355.25,0.0351686666666666,0.0113032
8355.5,0.0368574951965065,0.0151930574672489
8355.75,0.0320485632582322,0.0136384970537261
8356,0.0397862466380543,0.0116334607153076
8356.25,0.0365413333333333,0.0166897333333333
8356.5,0.0472793896551723,0.00992488189655164
8356.75,0.0345533333333333,0.0138592
8357,0.0382507996500437,0.0115416804899387
8357.25,0.0403173855970829,0.0128295511394712
8357.5,0.0330859999999999,0.0100725333333332
8357.75,0.0300566666666666,0.00273349999999993
8358,0.0405899171446781,0.0154902451242829
8358.25,0.0302933333333333,-2.17733333333333e-05
8358.5,0.0388819687592101,0.0113089628647214
8358.75,0.173571333333333,0.046008
8359,0.180813333333333,0.0116913333333332
8359.25,0.0630329805056938,0.00710656691758341
8359.5,0.188601592173018,0.0251373391692413
8359.75,0.269681510759772,0.0451207026789635
8360,0.31935537037037,0.0611980555555555
8360.25,0.314954771425231,0.0479072769788378
8360.5,0.387062766933333,0.0544159146666666
8360.75,0.488718450406994,0.0241289978896592
8361,0.40225239157373,0.0473931598513011
8361.25,0.39698010940919,0.0650031411378555
8361.5,0.490505438218391,0.0374507530531608
8361.75,0.505561405654524,0.0610193117078791
8362,0.431650637494637,0.0631602963534964
8362.25,0.311856448885473,0.0432896623110428
8362.5,0.0277633321388959,0.00236484941557882
8362.75,0.274084301685586,0.0309936981424148
8363,0.44120680927835,0.0639773070446735
8363.25,0.291486143619348,0.0289623612350214
8363.5,0.270639954783867,0.0127214998010489
8363.75,0.342727485907553,0.0594029064261555
8364,0.285638410097014,0.0558057191296976
8364.25,0.27264,0.069438
8364.5,0.128160704273504,0.00248450643874637
8364.75,0.20429696430689,0.0237951452626585
8365,0.274233733478841,0.0688421234388262
8365.25,0.295451367292225,0.0248501631558789
8365.5,0.0549374333333333,0.00642894857142854
8365.75,0.096074271685761,-0.000167293507910448
8366,0.315085922098569,0.00629227058823524
8366.25,0.189509947389721,0.00668470411439355
8366.5,0.298395636515913,0.0192267682858737
8366.75,0.173221176470588,0.000875623529411737
8367,0.196906666666667,0.0103801999999999
8367.25,0.194135886996261,0.00727891488713472
8367.5,0.191630951374207,-0.00176689429175469
8367.75,0.0989632652519894,-0.00119118037135268
8368,0.288793059936908,0.0126993690851734
8368.25,0.201440099224806,0.0262252204651162
8368.5,0.201547664141414,0.0323898952020202
8368.75,0.193993173572974,0.0273592338159427
8369,0.138230746765905,0.00542845642388794
8369.25,0.115172209674384,0.00405311190664407
8369.5,0.15447129704142,0.010623140433925
8369.75,0.0312358814627994,0.00244130590163928
8370,0.19738,0.0177547333333333
8370.25,0.151413792328042,0.0145122622574955
8370.5,0.0289047595628415,0.00401534098360654
8370.75,0.031340893841361,0.0028324627366403
8371,0.0279739999999999,0.00352728
8371.25,0.029798730385164,0.00326367047075605
8371.5,0.0323044906743185,0.00382822424677179
8371.75,0.0432153333333332,0.0146496666666666
8372,0.18184284207933,0.0207025434836166
8372.25,0.0391153448189762,0.0149035612484394
8372.5,0.0433670837817063,0.014940721188829
8372.75,0.167702295833333,0.0261960416666666
8373,0.144758225087295,0.0204020702659145
8373.25,0.0338037665306122,0.00485958775510203
8373.5,0.0376764669994453,0.00771086383804764
8373.75,0.0379769278008298,0.00700747806362377
8374,0.0406785225225224,0.0174471984711984
8374.25,0.0397413178551685,0.0154523316749585
8374.5,0.0449098666666666,0.0203705091420534
8374.75,0.0389968260497,0.0125743518766067
8375,0.0391634275802254,0.009700370997398
8375.25,0.0434370679554773,0.00692175547744571
8375.5,0.042174,0.00782893333333332
8375.75,0.0396441238615664,0.00839998542805095
8376,0.0340503951515151,0.0113653805090908
8376.25,0.0361066913809082,0.00817959086190908
8376.5,0.036352,0.0112842666666666
8376.75,0.035358,0.00960866666666664
8377,0.0334955381303813,0.0069596811193111
8377.25,0.0355145405904059,0.0165986734317343
8377.5,0.0361153333333333,0.0124216866666666
8377.75,0.0363046666666666,0.00895073333333329
8378,0.0443986666666666,0.00863833333333332
8378.25,0.03621,0.00824546666666664
8378.5,0.036248922495274,0.00850528103339626
8378.75,0.0378193333333333,0.00757333333333332
8379,0.0393714253092293,0.015634862036156
8379.25,0.0375826666666666,0.00788573333333329
8379.5,0.0407066666666666,0.0156531333333332
8379.75,0.03976,0.0164057333333333
8380,0.032944,0.0113221333333333
8380.25,0.0345480538461538,0.0113649882051282
8380.5,0.0355252136585366,0.0156840039024389
8380.75,0.0365413333333333,0.00799933333333332
8381,0.0321393333333332,0.0122262
8381.25,0.0466646847208291,0.00944256797057836
8381.5,0.0279487150997151,0.00533759188034181
8381.75,0.0259279999999999,0.00348555897435887
8382,0.0289391271696776,0.00515154169323404
8382.25,0.0411799999999999,0.00321393333333325
8382.5,0.04662508984375,0.00266699296874989
8382.75,0.0617042183592558,0.00890600701433357
8383,0.030618521066208,0.00576180567497847
8383.25,0.0642375738884604,0.00328778720123359
8383.5,0.116250666666667,0.0194066666666666
8383.75,0.13912677535781,0.0352562053515868
8384,0.167758530805687,0.0204343159557662
8384.25,0.205563378746594,0.0163647351861944
8384.5,0.213836214076751,0.023592946893822
8384.75,0.209697968164794,-0.00578428623595501
8385,0.221939820547331,0.00424088829071327
8385.25,0.14982234604275,0.0299271767764298
8385.5,0.195347260273973,0.00662663424657532
8385.75,0.417381324647123,0.028268098805646
8386,0.178877350496112,0.0190359663180477
8386.25,0.335474059353471,0.0394123370429252
8386.5,0.257554451595602,0.0254282434969161
8386.75,0.232030682860999,0.0161291916869095
8387,0.202719902680412,-0.00714977319587621
8387.25,0.219537676931388,-0.00381352085359255
8387.5,0.192171973738203,0.0016560004650526
8387.75,0.179244018003047,0.0021769042459493
8388,0.190741324001166,0.0100091509769611
8388.25,0.169238297274276,0.00112546490630319
8388.5,0.163753678493211,-0.00471540264564167
8388.75,0.0433585077536552,0.00446867771377927
8389,0.136088762932973,0.0012526405757984
8389.25,0.201382362869198,0.028391611814346
8389.5,0.334548994708995,0.0275147539682539
8389.75,0.190996006768189,-0.00304282853919901
8390,0.0401474747474747,0.00228132121212117
8390.25,0.282701487532244,0.00331949317856115
8390.5,0.0600034180641365,0.00204611179758745
8390.75,0.28923526003187,-0.00247509517601035
8391,0.311094636999002,0.0160961790044216
8391.25,0.0379431957148743,0.00363741161928306
8391.5,0.19195437914024,-0.00176987639182518
8391.75,0.0456766666666666,0.00643733333333329
8392,0.19596,0.0156105333333332
8392.25,0.0281326272433068,0.00286553618711379
8392.5,0.175142423411065,9.11406904435295e-05
8392.75,0.243766666666667,0.0110286666666666
8393,0.252666425823716,0.0246029784244856
8393.25,0.0303383025150548,0.00205715394969888
8393.5,0.160785058672534,0.002192738797213
8393.75,0.0297043922462941,0.00285619156214366
8394,0.159986666666667,0.0183653333333333
8394.25,0.15999388601886,0.00976266010660101
8394.5,0.186729700042248,0.024487591043515
8394.75,0.179747944845699,0.0198194518713066
8395,0.226253333333333,0.0170352666666666
8395.25,0.0296498430813123,0.0032473637660485
8395.5,0.0323044906743185,0.00382822424677179
8395.75,0.0633211903114187,0.00630840322952704
8396,0.152413982179575,0.00837806488462416
8396.25,0.0413693333333333,0.0156105333333332
8396.5,0.136895923039923,0.0109213367965368
8396.75,0.0434995748299319,0.0144207968901846
8397,0.0436266791604198,0.0140732751124438
8397.25,0.105878569613821,0.0113539895325203
8397.5,0.0463747338935574,0.014087687293099
8397.75,0.038908,0.0127563333333332
8398,0.0433771472868216,0.0158433252713178
8398.25,0.0489426666666666,0.0168885333333333
8398.5,0.0530236346306592,0.0105976382049245
8398.75,0.03763,0.00719466666666661
8399,0.0390869074889867,0.0137614514537444
8399.25,0.0431677504393672,0.006878839367311
8399.5,0.0395001935292371,0.00990339780350243
8399.75,0.0370286408640863,0.00640883960396029
8400,0.0366082588522588,0.00699919560439555
8400.25,0.0361066913809082,0.00817959086190908
8400.5,0.0344268782287822,0.0118971346494465
8400.75,0.0336691857410881,0.011968122326454
8401,0.0333555066296638,0.00974680030835636
8401.25,0.0389784798534797,0.0103186666666666
8401.5,0.0375453470021745,0.0158725209071139
8401.75,0.0342838277511962,0.014139123444976
8402,0.0396508048224176,0.00716287976539584
8402.25,0.0345670411402656,0.0123372654356981
8402.5,0.0340326666666666,0.00833066666666664
8402.75,0.0369440561471442,0.00756428363988373
8403,0.037242966796875,0.0180744921874999
8403.25,0.0361626666666666,0.0160412666666666
8403.5,0.0391716813008129,0.0102790267317073
8403.75,0.0383861674876846,0.00821473497536943
8404,0.0373206543569809,0.00785623394881759
8404.25,0.0427060045439791,0.00737434436871145
8404.5,0.0395363779527558,0.0171308464566929
8404.75,0.0368478201368523,0.0172334420332355
8405,0.0370816036210798,0.00800924991917228
8405.25,0.0365833434650455,0.0140470658561296
8405.5,0.027978702991453,0.00534331891025635
8405.75,0.0258999999999999,0.00348179487179487
8406,0.0265435093672675,0.00473794519618235
8406.25,0.0410935781741867,0.00320718845750259
8406.5,0.0319026666666666,0.00661246666666657
8406.75,0.0463866666666666,0.0125101999999999
8407,0.0953766666666666,0.0100346666666666
8407.25,0.0525987740916271,0.00275216189573458
8407.5,0.0974119999999999,0.00416533333333332
8407.75,0.103234,0.00470966666666664
8408,0.126339795180723,0.00316666843373489
8408.25,0.222188516853933,0.00857147632958793
8408.5,0.224596292785677,0.0223032647709321
8408.75,0.118428,0.00323286666666661
8409,0.130119333333333,0.0123492666666666
8409.25,0.136225333333333,0.0114499333333333
8409.5,0.153833333333333,0.0307666666666666
8409.75,0.158093333333333,0.0399019999999999
8410,0.155726666666667,0.032376
8410.25,0.16046,0.0317133333333333
8410.5,0.16046,0.026128
8410.75,0.1633,0.0302933333333333
8411,0.159655333333333,0.0266013333333332
8411.25,0.15478,0.020022
8411.5,0.152886666666667,0.0200693333333333
8411.75,0.155963333333333,0.0211106666666666
8412,0.138531898274296,0.0117678147138964
8412.25,0.123114,-4.73333333333329e-05
8412.5,0.123918666666667,0.0155821333333333
8412.75,0.114215333333333,0.0100630666666666
8413,0.0855313333333333,0.00530890666666657
8413.25,0.077674,0.00294081999999996
8413.5,0.0596873333333333,0.00517353333333325
8413.75,0.0580306666666666,0.00919213333333332
8414,0.0450139999999999,0.00351213333333325
8414.25,0.055522,0.0131870666666666
8414.5,0.0532026666666666,0.0125906666666666
8414.75,0.0406593333333332,0.00416533333333332
8415,0.0381979999999999,0.00492408666666661
8415.25,0.0355946666666666,0.00490846666666657
8415.5,0.0380086666666666,0.0047499
8415.75,0.0358313333333333,0.00514986666666661
8416,0.034222,0.00509779999999993
8416.25,0.0518299999999999,0.0140863999999999
8416.5,0.0501259999999999,0.0158471999999999
8416.75,0.0360679999999999,0.00416533333333332
8417,0.0397126666666666,0.00416533333333332
8417.25,0.0375353333333333,0.00684439999999993
8417.5,0.0375826666666667,0.00528713333333329
8417.75,0.0348846666666666,0.00462919999999993
8418,0.0339853333333333,0.003834
8418.25,0.034222,0.0051546
8418.5,0.0251708541510844,0.000712471104462662
8418.75,0.03195,0.00435466666666657
8419,0.0326126666666666,0.0051972
8419.25,0.0296779999999999,0.00571786666666657
8419.5,0.0338433333333333,0.0062196
8419.75,0.0341273333333333,0.00999679999999993
8420,0.0390026666666666,0.00563266666666657
8420.25,0.0404246170100369,0.0164742203909139
8420.5,0.0482410645161289,0.0069713067741935
8420.75,0.047466748366013,0.00508775326797385
8421,0.036352,0.00657933333333325
8421.25,0.0337486666666666,0.00485166666666661
8421.5,0.0375826666666666,0.00769166666666664
8421.75,0.0367306666666666,0.00630953333333329
8422,0.0369199999999999,0.00806559999999996
8422.25,0.0353106666666666,0.00709999999999993
8422.5,0.0375826666666666,0.00752599999999993
8422.75,0.0386340326086956,0.00735185706521735
8423,0.0423633333333332,0.00648466666666657
8423.25,0.0372207058823529,0.00795950479638001
8423.5,0.0420982156334232,0.00781486516921231
8423.75,0.0394286666666666,0.00835433333333329
8424,0.0393560540208717,0.00910433566605276
8424.25,0.0381382264957265,0.018074202991453
8424.5,0.0365718420221169,0.0168401680884676
8424.75,0.033764296435272,0.0120019305816134
8425,0.0373811988689915,0.0109158786050895
8425.25,0.0348887417218543,0.00762474172185426
8425.5,0.0371566666666666,0.00672133333333332
8425.75,0.0346953333333332,0.00709999999999993
8426,0.0380086666666666,0.016827
8426.25,0.03124,0.00662666666666664
8426.5,0.0340326666666666,0.00833066666666664
8426.75,0.0361031882926828,0.0159195160975609
8427,0.037098193359375,0.0180042317708333
8427.25,0.0360679999999999,0.0162258666666666
8427.5,0.03763,0.00577466666666664
8427.75,0.0409294751071546,0.00876450405539067
8428,0.036636,0.0153123333333332
8428.25,0.0393729445544554,0.0170947754455445
8428.5,0.0481400973481033,0.00684869956361187
8428.75,0.0368117302052786,0.0172165630498533
8429,0.0355223867584398,0.0153519313667649
8429.25,0.0387659999999999,0.0064752
8429.5,0.0274689088319088,0.00524595940170932
8429.75,0.0342919710144927,0.00608555221107391
8430,0.0308613333333332,0.00657933333333325
8430.25,0.0304353333333332,0.00586933333333332
8430.5,0.0317842562432138,0.00562557437567851
8430.75,0.04686,0.00415113333333325
8431,0.0905013333333332,0.00603026666666664
8431.25,0.101956,0.00482326666666657
8431.5,0.107778,0.00990213333333325
8431.75,0.104843333333333,0.0101340666666666
8432,0.120747333333333,0.0156673333333333
8432.25,0.129977333333333,0.016827
8432.5,0.152413333333333,0.032944
8432.75,0.147774666666667,0.0215319333333332
8433,0.158093333333333,0.0253706666666666
8433.25,0.151514,0.018034
8433.5,0.156626,0.0133054
8433.75,0.1775,0.0144366666666666
8434,0.178446666666667,0.0189901333333333
8434.25,0.1775,0.016543
8434.5,0.169926666666667,0.0145739333333333
8434.75,0.170873333333333,0.0302933333333333
8435,0.15194,0.0149573333333333
8435.25,0.150046666666667,0.0152508
8435.5,0.149715333333333,0.0161548666666666
8435.75,0.145124,0.0148153333333333
8436,0.156768,0.0250393333333333
8436.25,0.133006666666667,0.0204953333333333
8436.5,0.117292,0.024708
8436.75,0.108346,0.0216313333333333
8437,0.099826,0.0196859333333333
8437.25,0.0863833333333333,0.0153076
8437.5,0.0553326666666666,0.0064752
8437.75,0.0570366666666666,0.0111469999999999
8438,0.0475699999999999,0.00834486666666661
8438.25,0.0515933333333333,0.00606198
8438.5,0.0485166666666666,0.00572733333333325
8438.75,0.0434993333333333,0.00538520799999996
8439,0.0437359999999999,0.00549066666666661
8439.25,0.0412273333333333,0.00530606666666664
8439.5,0.0413693333333333,0.00518773333333332
8439.75,0.0398546666666666,0.00633793333333332
8440,0.0398073333333332,0.00702426666666661
8440.25,0.0377246666666666,0.0052398
8440.5,0.0363046666666666,0.00535056
8440.75,0.035784,0.00446353333333332
8441,0.0370146666666666,0.00662666666666664
8441.25,0.037204,0.00653673333333325
8441.5,0.0388133333333333,0.00615806666666664
8441.75,0.0358786666666666,0.005751
8442,0.0345533333333333,0.00584566666666657
8442.25,0.0371093333333333,0.00683493333333325
8442.5,0.0389553333333333,0.00658406666666664
8442.75,0.0329913333333332,0.00621486666666661
8443,0.0314293333333333,0.00632846666666664
8443.25,0.0324706666666666,0.0067308
8443.5,0.0337013333333333,0.00808926666666661
8443.75,0.036352,0.00868093333333332
8444,0.0385766666666666,0.00669293333333329
8444.25,0.0382926666666666,0.00705266666666664
8444.5,0.0392866666666666,0.00898386666666661
8444.75,0.0387659999999999,0.00819339999999996
8445,0.0372513333333332,0.0069864
8445.25,0.0395706666666666,0.0065604
8445.5,0.0379613333333333,0.00756859999999993
8445.75,0.0391446666666666,0.00843006666666661
8446,0.0384346666666666,0.00734613333333325
8446.25,0.0386713333333333,0.00742186666666657
8446.5,0.040186,0.00748339999999993
8446.75,0.038482,0.0081366
8447,0.03834,0.0086478
8447.25,0.0381033333333332,0.00739346666666664
8447.5,0.0384346666666666,0.00851526666666661
8447.75,0.0407066666666666,0.00770586666666661
8448,0.0375353333333333,0.00848213333333329
8448.25,0.0367306666666666,0.00775793333333329
8448.5,0.0378193333333333,0.00895546666666657
8448.75,0.0386239999999999,0.00897439999999993
8449,0.0396653333333333,0.00848213333333329
8449.25,0.0397126666666666,0.0110191999999999
8449.5,0.0382926666666666,0.0092016
8449.75,0.0385766666666666,0.0090312
8450,0.0368253333333333,0.00722306666666664
8450.25,0.0397126666666666,0.00712366666666657
8450.5,0.0375353333333333,0.00848213333333329
8450.75,0.0378193333333333,0.00757333333333332
8451,0.0361626666666666,0.00688699999999993
8451.25,0.036778,0.00654619999999993
8451.5,0.0382926666666666,0.00675446666666664
8451.75,0.038056,0.00733193333333329
8452,0.0359733333333332,0.00635686666666657
8452.25,0.0375353333333333,0.00743606666666664
8452.5,0.03763,0.00807979999999993
8452.75,0.0378193333333333,0.0090312
8453,0.0364466666666666,0.00664086666666661
8453.25,0.0311453333333333,0.00473806666666657
8453.5,0.0311453333333333,0.00555219999999996
8453.75,0.0342693333333332,0.00717099999999996
8454,0.0315713333333333,0.00744079999999993
8454.25,0.0315713333333333,0.00624799999999993
8454.5,0.0305773333333333,0.00484219999999993
8454.75,0.0414166666666666,0.00568946666666664
8455,0.0735559999999999,0.0147443333333333
8455.25,0.105777665163811,0.0065023707844905
8455.5,0.138355333333333,0.0107541333333333
8455.75,0.150476190879742,0.00756401852300241
8456,0.1662822009908,0.00504742494727526
8456.25,0.23159589395409,0.0119059195279663
8456.5,0.197643994650022,0.0349787213553277
8456.75,0.231180854700855,0.0025723607398066
8457,0.164392785061581,0.00862589728512776
8457.25,0.24252970795569,0.0258635196374622
8457.5,0.203340337301587,0.0487921790674603
8457.75,0.227093533270853,0.00242469657919394
8458,0.205215457307809,0.0141412971741112
8458.25,0.159560035555556,-0.000223761706666572
8458.5,0.208012447568834,0.00332630383128294
8458.75,0.254782017336485,0.0234456179218732
8459,0.215294589468987,0.00487370169567149
8459.25,0.209824211216792,-0.00629946277468022
8459.5,0.229566666666667,0.0137314
8459.75,0.362558372562206,0.0562036381977135
8460,0.183653333333333,0.0316186666666666
8460.25,0.341505234899329,0.103255668668315
8460.5,0.172293333333333,0.0240453333333332
8460.75,0.0838785556756757,0.00574005448648646
8461,0.159986666666667,0.0267433333333333
8461.25,0.136698666666667,0.00749286666666661
8461.5,0.120037333333333,0.004686
8461.75,0.113079333333333,0.00964653333333325
8462,0.114168,0.00884659999999993
8462.25,0.112322,0.00873773333333329
8462.5,0.0816026666666666,0.00835906666666657
8462.75,0.0569419999999999,0.00911166666666661
8463,0.0462446666666666,0.00706686666666661
8463.25,0.0436886666666666,0.00659353333333332
8463.5,0.0436413333333333,0.00647046666666661
8463.75,0.0392393333333333,0.00586933333333332
8464,0.0420793333333333,0.00443513333333329
8464.25,0.0386713333333333,0.0054102
8464.5,0.0377246666666666,0.00628586666666664
8464.75,0.041748,0.00722306666666664
8465,0.037062,0.00612493333333332
8465.25,0.0375826666666666,0.00598766666666664
8465.5,0.0374406666666666,0.00581726666666664
8465.75,0.0371566666666666,0.00563266666666657
8466,0.0376773333333333,0.00620066666666664
8466.25,0.0292739626666666,0.00470094218666664
8466.5,0.244901400038782,0.0205660442117509
8466.75,0.202817105263158,0.0179698791866029
8467,0.345578969921714,0.0381980585084466
8467.25,0.23714,0.0230039999999999
8467.5,0.0331333333333333,0.00629533333333332
8467.75,0.193593333333333,0.00716626666666657
8468,0.242202530197076,0.0181722717101081
8468.25,0.175851324675325,0.0115957876190475
8468.5,0.0383140595399188,0.0123456414073071
8468.75,0.236193333333333,0.0252286666666666
8469,0.233987041609511,0.0190410507544581
8469.25,0.108706071428571,0.0114105850140056
8469.5,0.120901606143971,0.00668777028885829
8469.75,0.0417779913793103,0.0163227843869731
8470,0.042316,0.0150803999999999
8470.25,0.0426126888708367,0.0134932298943948
8470.5,0.0411326666666666,0.00845373333333325
8470.75,0.0418426666666666,0.00878033333333329
8471,0.0409433333333333,0.00829279999999993
8471.25,0.040612,0.00870933333333325
8471.5,0.0416533333333333,0.00902173333333332
8471.75,0.0394286666666666,0.00780999999999996
8472,0.0411326666666666,0.00880399999999993
8472.25,0.0418426666666666,0.00906906666666661
8472.5,0.0411326666666666,0.00991633333333332
8472.75,0.0401225741543799,0.0177556652211621
8473,0.0392603382737576,0.0140635462946818
8473.25,0.0381782362573099,0.0138254355555555
8473.5,0.0479571569506726,0.0105222254708519
8473.75,0.0382155010444643,0.0154369890778871
8474,0.0400796898395721,0.010318388235294
8474.25,0.0324315159574467,0.0106688829787234
8474.5,0.0391434705174488,0.0163129463297232
8474.75,0.0378882838043147,0.0148613118201154
8475,0.0390658364312268,0.0178130685873605
8475.25,0.0389747853881278,0.0170203966514459
8475.5,0.0393813333333332,0.008733
8475.75,0.0381033333333332,0.00733666666666657
8476,0.0401386666666666,0.00871879999999993
8476.25,0.0392866666666666,0.00844426666666657
8476.5,0.0377719999999999,0.00771533333333329
8476.75,0.0392393333333333,0.00885133333333332
8477,0.0381506666666666,0.00591666666666661
8477.25,0.0354317307692307,0.00847527
8477.5,0.0281814932781799,0.00257085199586343
8477.75,0.0341746666666666,0.00705266666666664
8478,0.0346953333333332,0.00762066666666661
8478.25,0.0309559999999999,0.00526346666666664
8478.5,0.0326126666666666,0.00675919999999993
8478.75,0.0327546666666666,0.00733193333333329
8479,0.0338906666666666,0.00709999999999993
8479.25,0.0279189872173058,0.00442877335299895
8479.5,0.0285505385620914,0.00517324376470584
8479.75,0.0337343738562091,0.00733438352941175
8480,0.0237632302798981,0.00173381819338416
8480.25,0.034932,0.00173381999999989
8480.5,0.0386466225490196,0.00405979914215685
8480.75,0.0428527764562366,0.00189459353461415
8481,0.020874,-9.46666666666662e-05
8481.25,0.029116322820037,0.00460772875695732
8481.5,0.0245186666666666,0.00428366666666664
8481.75,0.0317250783582089,0.00790044552238799
8482,0.0315368212739641,0.00677806307977727
8482.25,0.019771858567543,0.000894441220912575
8482.5,0.035813313904068,0.00686500595021244
8482.75,0.0227347268856448,0.00212159142335761
8483,0.366644220325834,0.0124488502715283
8483.25,0.030076263269639,-0.00207969200283082
8483.5,0.0468863994190269,0.0108574004357298
8483.75,0.0434386980504042,0.0089070327151688
8484,0.0440404125,0.0091701825
8484.25,0.0334173333333333,0.00534866666666664
8484.5,0.0256361568061568,0.00170277056277046
8484.75,0.036778,0.00842533333333332
8485,0.0343166666666666,0.00686333333333329
8485.25,0.0330859999999999,0.00612019999999993
8485.5,0.0341273333333333,0.00615333333333325
8485.75,0.0354526666666666,0.00639
8486,0.0352633333333333,0.00610599999999996
8486.25,0.0346006666666666,0.0054102
8486.5,0.03195,0.00449666666666664
8486.75,0.032518,0.00426
8487,0.0347426666666666,0.00657933333333325
8487.25,0.033228,0.00663139999999993
8487.5,0.0350266666666666,0.00612966666666661
8487.75,0.0335593333333333,0.00531079999999993
8488,0.0339853333333333,0.00624799999999993
8488.25,0.0351686666666666,0.00646573333333332
8488.5,0.0328019999999999,0.00500313333333325
8488.75,0.033796,0.005538
8489,0.03195,0.0043665
8489.25,0.0362573333333333,0.00719466666666661
8489.5,0.0327073333333333,0.00537706666666657
8489.75,0.0262027385095938,0.00217580466309677
8490,0.0349523809523809,0.00386806349206346
8490.25,0.0342222636954503,0.010546334726091
8490.5,0.034932,0.007029
8490.75,0.0326359281978126,0.00923658345221109
8491,0.0354053333333333,0.0073698
8491.25,0.0378788051575931,0.0134007007163324
8491.5,0.0381979999999999,0.00804666666666661
8491.75,0.0339169092970521,0.0116279807256236
8492,0.0355701186206897,0.00946013793103442
8492.25,0.0390224737450844,0.0128522252139718
8492.5,0.0405537690692791,0.0141033823652903
8492.75,0.0425366794493608,0.00764049709931161
8493,0.0309834456989247,0.0102677146236558
8493.25,0.0396014600107353,0.0139455738056897
8493.5,0.0398510972677595,0.0148166757377049
8493.75,0.0433216482853223,0.0166334319890261
8494,0.0404907182940515,0.014622175084175
8494.25,0.0534893883333332,0.0101208922222221
8494.5,0.0383079699248119,0.00971556328599267
8494.75,0.0419846666666666,0.0143751333333332
8495,0.039367561433447,0.00870728976109209
8495.25,0.0376449644902634,0.0087633315578465
8495.5,0.0395764311034877,0.0144626147512864
8495.75,0.0492035494411006,0.0100433681857265
8496,0.0369664448236632,0.0134868659840727
8496.25,0.0315156541737649,0.010581273935264
8496.5,0.0385833537588652,0.0144152357446808
8496.75,0.0314629339055794,0.0109766487553648
8497,0.0420702495697074,0.0154305118760757
8497.25,0.0379908356164383,0.0137645900684931
8497.5,0.0372668960817717,0.0150959304940374
8497.75,0.0427319220477021,0.0162021256544502
8498,0.0368568888888889,0.012506707797772
8498.25,0.0345910269799825,0.0129561714534377
8498.5,0.033577770134709,0.0119603071367153
8498.75,0.0375315780296425,0.014927654054054
8499,0.042226911611785,0.014704013864818
8499.25,0.0379997656707674,0.0136989155243116
8499.5,0.04155030154564,0.0149371907844853
8499.75,0.0417369596750797,0.0144397563098346
8500,0.0427014522144522,0.0150096317016316
8500.25,0.0375057242977121,0.0158605117289313
8500.5,0.0381224733624453,0.0167947513245997
8500.75,0.0373317622005323,0.0148521668145518
8501,0.0384746444249341,0.0161783504828797
8501.25,0.0397368778761061,0.0165278952212389
8501.5,0.0397366275902901,0.0140944542332741
8501.75,0.0366316362496079,0.0131892627908434
8502,0.0287786666666666,0.00360679999999993
8502.25,0.0337486666666666,0.00647046666666661
8502.5,0.031839967839196,0.0103290371859296
8502.75,0.0379520662650602,0.00218094083667998
8503,0.025986,0.00591808666666657
8503.25,0.0320458936523761,-0.000505210893984686
8503.5,0.0304527523716062,0.00687078403663722
8503.75,0.0553725632411067,0.0101429673913043
8504,0.0507841738574624,0.00489642503036111
8504.25,0.029054393505253,0.00771476822667931
8504.5,0.0254909703349282,0.00543949774800638
8504.75,0.0350266666666666,0.007668
8505,0.0357366666666666,0.00785733333333325
8505.25,0.0248739350976685,0.00401192501575291
8505.5,0.0230768342785129,0.00287041770636418
8505.75,0.0373811988689915,0.00611649274269551
8506,0.0295252915082382,0.00481328707224326
8506.25,0.0425941231953802,0.00333502922040422
8506.5,0.0253233333333332,0.00468126666666661
8506.75,0.0621888536812675,0.000782071947809796
8507,0.0348614987228607,0.00231902684546608
8507.25,0.0328969825230378,0.00261948713060056
8507.5,0.093436,-0.00477214666666657
8507.75,0.0229522676579925,0.000885335907682707
8508,0.0244739653600729,0.0033734384685505
8508.25,0.0347595245143385,0.00280257557816832
8508.5,0.0219153333333332,0.00224123333333329
8508.75,0.0280801631878557,0.00345134188488295
8509,0.025276,0.00219153333333325
8509.25,0.0304934160305344,0.00533516221374043
8509.5,0.0343149679922405,0.00469321707080504
8509.75,0.0244242733397497,0.000396069297401263
8510,0.0208141891117478,0.00114218452722056
8510.25,0.02815815625,0.00398114472656239
8510.5,0.0310676900584795,0.00409980019493171
8510.75,0.0329300214424951,0.00528605933723196
8511,0.0339948,0.00609049694117643
8511.25,0.0269115373619232,0.00293752696556196
8511.5,0.0245895306513409,0.00472981280332054
8511.75,0.0236822481658691,0.000705225901116363
8512,0.0258705826170009,0.00371444603629414
8512.25,0.0270881969842797,0.00438728817131857
8512.5,0.0281883601532567,0.00411187568326944
8512.75,0.0229787191802753,8.52818443804029e-05
8513,0.0225944929178469,0.00251259305382433
8513.25,0.025230108956602,-0.00120031301939057
8513.5,0.0368632,0.0050905199999999
8513.75,0.0302359052132701,0.00623143109004735
8514,0.0212931094196003,0.00204869115128446
8514.25,0.0272851479705976,0.0057549436880792
8514.5,0.0260578237692066,0.00506943116964564
8514.75,0.0250393333333333,0.00456766666666657
8515,0.0258025833333332,0.00381723611111105
8515.25,0.023433839016897,0.00327303194470043
8515.5,0.0242473830845771,0.00340990393034822
8515.75,0.0490866022304833,0.0108058700743494
8516,0.0377574137731481,0.0104697471064815
8516.25,0.0356578612580834,0.0096096517342739
8516.5,0.037649184660767,0.010408055457227
8516.75,0.0371894905771495,0.00841382614840979
8517,0.0368625505716798,0.0144397889182058
8517.25,0.0360224025044722,0.00821063983303509
8517.5,0.0352633333333333,0.007242
8517.75,0.0385635816296296,0.016226077037037
8518,0.0386497722419928,0.00770632989323839
8518.25,0.037368212525972,0.00764328382309284
8518.5,0.0361130954504906,0.00732647374368117
8518.75,0.0364437162362719,0.00760975007420595
8519,0.0504050219845513,0.01418263600713
8519.25,0.0492401423487544,0.0139560901542111
8519.5,0.03893308117752,0.00839612685102582
8519.75,0.0513570557077625,0.0154260327549467
8520,0.0377841852540272,0.00769397614622052
8520.25,0.0380684401709401,0.0180411303418802
8520.5,0.0398280389249304,0.00909950213160329
8520.75,0.0349941140024783,0.0100111539653035
8521,0.0373459999999999,0.0109056
8521.25,0.0346655226491721,0.00949863773820671
8521.5,0.0383873333333333,0.00872826666666661
8521.75,0.0358786666666666,0.00995419999999993
8522,0.0366833333333333,0.00843953333333329
8522.25,0.0426692510134081,0.00905777574056746
8522.5,0.0404985777777777,0.0174418933333333
8522.75,0.0378550119496855,0.00758047798742133
8523,0.039334,0.0156199999999999
8523.25,0.0340326666666666,0.00736033333333332
8523.5,0.0383291358730158,0.00676089949206346
8523.75,0.0396460744985673,0.0163587255014326
8524,0.0348373333333333,0.0076254
8524.25,0.0362573333333333,0.0121234866666666
8524.5,0.0374406666666666,0.0138923333333333
8524.75,0.040044,0.0168127999999999
8525,0.0357503999999999,0.0141488355555555
8525.25,0.0387564778645832,0.00876521809895832
8525.5,0.0333921612791101,0.00519380917622521
8525.75,0.026124,0.00351190769230766
8526,0.0408202666666667,0.00228478775956281
8526.25,0.0304025366379309,0.00586300862068965
8526.5,0.0316356987447698,0.00655713221757315
8526.75,0.0298765279154278,0.00465117786587371
8527,0.027405588405797,0.00264605681159417
8527.25,0.0525160716166403,0.00274783459715632
8527.5,0.0935779999999999,0.00253233333333325
8527.75,0.12946376,0.012391328
8528,0.153864703172978,0.0137573703514159
8528.25,0.160409851301115,-0.00811485130111515
8528.5,0.197895864144454,0.036210732588134
8528.75,0.155905097039241,0.031332936676583
8529,0.190743929359823,0.0359552306843267
8529.25,0.231376693333333,0.091370184
8529.5,0.187450460405157,0.0150629834254143
8529.75,0.329747847328244,-0.00017698330788801
8530,0.280171568627451,0.0339204374057315
8530.25,0.375216549225387,0.00610959612693647
8530.5,0.168142215679058,0.0146190315298736
8530.75,0.438737231080739,0.0172701614781067
8531,0.392327311586052,0.0200196040494938
8531.25,0.211577536555142,0.034393209417596
8531.5,0.176210126002291,0.0264077709049255
8531.75,0.203771639722864,-0.00622635565819855
8532,0.178444076101121,-0.00824243940578576
8532.25,0.17516964486975,-0.00596721164593296
8532.5,0.1639912726296,-0.00500520440504964
8532.75,0.143519932524745,0.0101964690645476
8533,0.118355576518102,-0.00251840369248519
8533.25,0.198240722673893,0.0162881439927732
8533.5,0.233132459378451,0.0150330241047483
8533.75,0.220003176603652,0.00556422720956525
8534,0.178173898305085,-0.00449722352941175
8534.25,0.149698630290668,0.0034421664116947
8534.5,0.189306928684628,0.00167933565768611
8534.75,0.223172108276939,0.0196922140551795
8535,0.0380854322200392,0.00490957560576285
8535.25,0.0705448754857239,-0.00580280756884607
8535.5,0.0334226580388253,0.00130866182180182
8535.75,0.0316024685792349,0.00297101051912561
8536,0.184488598583031,0.00746896443753235
8536.25,0.165340719183078,0.0129095141502552
8536.5,0.147467461467038,0.0100691158402971
8536.75,0.162826115317414,0.00779951333721603
8537,0.0978071599045346,0.0110644349642004
8537.25,0.0320219289719625,0.00442463241121494
8537.5,0.026067208848406,0.000744100325308947
8537.75,0.0478888501694915,0.0144141167457627
8538,0.083374332412523,0.00347432550644566
8538.25,0.0303582476190476,0.00381233181428562
8538.5,0.0316468872691933,0.00393942706511175
8538.75,0.0317632522456907,0.00351563593105119
8539,0.0317831946706143,0.00292129841598814
8539.25,0.032067545028374,0.00389289513940289
8539.5,0.0346466381286549,0.0141658901052631
8539.75,0.0634086505190311,0.00631711649365623
8540,0.0415113333333332,0.0186114666666666
8540.25,0.162376869244935,0.0109651589318599
8540.5,0.0472285901027077,0.0144818521008403
8540.75,0.175707737843552,0.0268757265680056
8541,0.0763767761123006,0.00718672709969064
8541.25,0.0427087405807535,0.015206397312215
8541.5,0.103999948755137,0.0158749238095238
8541.75,0.128121291904762,0.0164740928095238
8542,0.0421465527156549,0.0138149667731629
8542.25,0.0399966666666666,0.00841113333333325
8542.5,0.059356,0.009798
8542.75,0.0435169201149425,0.0092443795402298
8543,0.0388817268722467,0.013689212863436
8543.25,0.0433216461628588,0.00690336285881658
8543.5,0.0394297203918076,0.00988572894033835
8543.75,0.0369619225922592,0.00639729214521445
8544,0.0438224955277281,0.00861763452593907
8544.25,0.0376639009009008,0.00772228408408401
8544.5,0.0412273333333333,0.0165098666666666
8544.75,0.04047,0.00785733333333325
8545,0.0455285356280193,0.00898726660628014
8545.25,0.0392747798855766,0.0181450430593195
8545.5,0.036778,0.00750706666666657
8545.75,0.0400913333333333,0.0173476666666666
8546,0.0334173333333333,0.0127894666666666
8546.25,0.0331300178187404,0.0103851689093701
8546.5,0.0365680926784058,0.00906595775718255
8546.75,0.0421820576744185,0.00858300837209294
8547,0.0329132686567164,0.0127444337686567
8547.25,0.0405077871148459,0.0153171550575785
8547.5,0.0453926666666666,0.0160885999999999
8547.75,0.0376172095588235,0.0144594110294117
8548,0.0343639999999999,0.00837326666666664
8548.25,0.0412746666666666,0.0182564666666666
8548.5,0.0451036047529706,0.0189510944340213
8548.75,0.0432626666666666,0.0167086666666666
8549,0.0330386666666666,0.00955470666666661
8549.25,0.0415404313364055,0.0166825613517664
8549.5,0.029848,0.00536790222222214
8549.75,0.0304656474103585,0.00318349432270911
8550,0.0331806666666666,0.00155101866666661
8550.25,0.0411367890870934,0.00321056089541792
8550.5,0.0284473333333333,0.00486586666666657
8550.75,0.0466721843687374,0.00413449552438207
8551,0.0740487196172248,0.0148430992025518
8551.25,0.0352357424501424,0.00867942837606837
8551.5,0.0965599999999999,0.0041289018464528
8551.75,0.111829132275132,-0.00160106126984125
8552,0.125257991614256,0.00365612788259953
8552.25,0.121149307662388,0.0066400050563982
8552.5,0.139491972972973,0.0158818604729729
8552.75,0.130356,0.00451086666666661
8553,0.186387224517906,0.00122213395316798
8553.25,0.169407364693981,0.0214013225425729
8553.5,0.20654499432831,0.0096419173553719
8553.75,0.25883440653532,0.0171210648726573
8554,0.259037691322446,0.016508325264169
8554.25,0.197475583535109,-0.00617999128329295
8554.5,0.194349188221897,0.00766942762323077
8554.75,0.200534322916667,0.0100220197916666
8555,0.117304265382015,0.00505473446754563
8555.25,0.131715156944444,0.00407440156249993
8555.5,0.124955015021097,0.00374256877637125
8555.75,0.124539056453014,0.0105907975681778
8556,0.117742284057971,0.010641346231884
8556.25,0.111980283870968,0.0077905475268817
8556.5,0.0617772511776898,-0.00154805954399849
8556.75,0.0591044088991177,-0.00137496524741078
8557,0.0559757500497512,-0.00257185878606961
8557.25,0.0569597931873479,0.00927318734793179
8557.5,0.0444338730355665,0.00737877336641849
8557.75,0.0414181476846057,0.00464772457238211
8558,0.0366342810203199,0.00143617682663202
8558.25,0.0363973738680465,0.00206579689521343
8558.5,0.0376681520314547,0.000324887811271267
8558.75,0.0435095424836601,0.00703145284780577
8559,0.0371618849978383,0.00103171932555113
8559.25,0.0421015342147993,0.0061182500115982
8559.5,0.0403122889358703,0.00710857603946433
8559.75,0.0387407033976124,0.0076728246097336
8560,0.0384892846820809,0.006102545761079
8560.25,0.0378453056351479,0.00560845749761216
8560.5,0.0365236993464052,0.00500950869783807
8560.75,0.0367445690184049,0.00535567229038854
8561,0.0362545108783239,0.0048307461724415
8561.25,0.0379767196029776,0.00455151695616204
8561.5,0.0324233333333333,0.00645153333333325
8561.75,0.0312873333333333,0.0057084
8562,0.0326599999999999,0.00647993333333329
8562.25,0.032092,0.00794726666666664
8562.5,0.0314766666666666,0.00789046666666657
8562.75,0.030246,0.00608706666666661
8563,0.0293466666666666,0.00578886666666661
8563.25,0.030814,0.00680653333333332
8563.5,0.0309559999999999,0.00640893333333325
8563.75,0.037204,0.009798
8564,0.0381506666666666,0.00852473333333328
8564.25,0.0380086666666666,0.00797093333333329
8564.5,0.0368253333333333,0.00684913333333332
8564.75,0.0375826666666666,0.0079662
8565,0.0369199999999999,0.00720886666666657
8565.25,0.0382453333333333,0.00862413333333325
8565.5,0.0378193333333333,0.00768693333333325
8565.75,0.037062,0.00756859999999993
8566,0.0373459999999999,0.00753073333333332
8566.25,0.0386713333333333,0.00943826666666664
8566.5,0.0378193333333333,0.00905013333333325
8566.75,0.03763,0.00817446666666661
8567,0.037204,0.00754493333333329
8567.25,0.0369199999999999,0.00789519999999996
8567.5,0.0386239999999999,0.00974119999999993
8567.75,0.0375353333333333,0.00871879999999993
8568,0.0365413333333333,0.0069864
8568.25,0.037204,0.0085626
8568.5,0.0375826666666666,0.00975066666666661
8568.75,0.0370146666666666,0.00889393333333332
8569,0.0360679999999999,0.0084348
8569.25,0.036636,0.00897439999999993
8569.5,0.03621,0.00831646666666657
8569.75,0.0363046666666666,0.00895073333333329
8570,0.0360206666666666,0.00795199999999993
8570.25,0.03621,0.00824546666666664
8570.5,0.0365413333333333,0.00865253333333329
8570.75,0.0355473333333333,0.00789993333333325
8571,0.0362573333333333,0.00851526666666661
8571.25,0.0375353333333333,0.0100583333333333
8571.5,0.0371093333333333,0.00911166666666661
8571.75,0.0355946666666666,0.00690593333333329
8572,0.0361626666666666,0.00823126666666657
8572.25,0.037204,0.0099684
8572.5,0.0371566666666666,0.00964653333333325
8572.75,0.03621,0.00865726666666657
8573,0.0367306666666666,0.00851999999999989
8573.25,0.0353106666666666,0.00757806666666661
8573.5,0.0348373333333333,0.0101719333333333
8573.75,0.0314766666666666,0.00837799999999993
8574,0.0320446666666666,0.00727986666666661
8574.25,0.0332753333333333,0.00797566666666657
8574.5,0.0314766666666666,0.00557113333333332
8574.75,0.0404226666666666,0.00556639999999993
8575,0.0378666666666666,0.00427419999999996
8575.25,0.0341273333333333,0.00840639999999996
8575.5,0.0364939999999999,0.00852473333333328
8575.75,0.0349793333333333,0.00638526666666661
8576,0.034506,0.00492266666666664
8576.25,0.0354053333333333,0.00439016666666664
8576.5,0.0403753333333333,0.010153
8576.75,0.0355946666666666,0.00515933333333329
8577,0.03621,0.00629533333333332
8577.25,0.048706,0.0185167999999999
8577.5,0.0358313333333333,0.00544333333333332
8577.75,0.0366833333333333,0.00611546666666664
8578,0.0361626666666666,0.00554983333333332
8578.25,0.0348373333333333,0.00467511333333325
8578.5,0.0395233333333333,0.00936253333333332
8578.75,0.041748,0.00597819999999996
8579,0.0341273333333333,0.0052398
8579.25,0.034932,0.00482799999999996
8579.5,0.0384346666666666,0.00993999999999996
8579.75,0.0342693333333332,0.00537469999999993
8580,0.0433099999999999,0.0166423999999999
8580.25,0.037062,0.00586459999999993
8580.5,0.0330386666666666,0.00389079999999996
8580.75,0.0318553333333333,0.00624799999999993
8581,0.032092,0.00695799999999996
8581.25,0.0322813333333333,0.00640419999999996
8581.5,0.0328493333333333,0.00662666666666664
8581.75,0.0328019999999999,0.00681599999999989
8582,0.0317606666666666,0.00623853333333325
8582.25,0.0316186666666666,0.00613913333333329
8582.5,0.0319973333333333,0.00653199999999996
8582.75,0.0326599999999999,0.00681599999999989
8583,0.0335119999999999,0.00851053333333332
8583.25,0.0356419999999999,0.00687753333333325
8583.5,0.0333226666666666,0.00763959999999996
8583.75,0.0300568413284132,0.00577255456949567
8584,0.0325653333333333,0.00549066666666661
8584.25,0.0309559999999999,0.00506466666666661
8584.5,0.0331333333333333,0.00700533333333325
8584.75,0.0328019999999999,0.00637579999999993
8585,0.0327546666666666,0.00614859999999996
8585.25,0.03124,0.00487533333333325
8585.5,0.0319973333333333,0.00490846666666657
8585.75,0.0314766666666666,0.00449666666666664
8586,0.03124,0.00584566666666657
8586.25,0.0314293333333333,0.00526015333333332
8586.5,0.0310506666666666,0.00473191333333332
8586.75,0.0338800639999999,0.00597675349333332
8587,0.0290356711624919,0.00572752029543985
8587.25,0.0339797647058823,0.00532442487945988
8587.5,0.0360679999999999,0.00752599999999993
8587.75,0.037204,0.0111043999999999
8588,0.038908,0.00835433333333329
8588.25,0.0388606666666666,0.00833066666666664
8588.5,0.0383873333333333,0.00709999999999993
8588.75,0.0415113333333332,0.00740293333333332
8589,0.0385293333333332,0.00692959999999993
8589.25,0.041038,0.0105884666666666
8589.5,0.0399019999999999,0.00873773333333329
8589.75,0.0389553333333333,0.00785733333333325
8590,0.0410853333333332,0.00797093333333329
8590.25,0.0391446666666666,0.00819813333333325
8590.5,0.0395706666666666,0.00803246666666664
8590.75,0.0399019999999999,0.00880399999999993
8591,0.0394286666666666,0.0081792
8591.25,0.0388606666666666,0.00823599999999996
8591.5,0.0390026666666666,0.00810819999999996
8591.75,0.0391054808743169,0.00828585519125674
8592,0.0390973333333333,0.00842533333333332
8592.25,0.0388133333333333,0.00868093333333332
8592.5,0.0409433333333333,0.00983113333333332
8592.75,0.0374406666666666,0.008094
8593,0.0379613333333333,0.00943353333333325
8593.25,0.0372513333333332,0.00776266666666657
8593.5,0.0355473333333333,0.00572733333333325
8593.75,0.0363993333333332,0.00667399999999993
8594,0.0364939999999999,0.00752599999999993
8594.25,0.0335593333333333,0.00793306666666657
8594.5,0.0348788180076628,0.0129367848659003
8594.75,0.0372986666666666,0.00793779999999996
8595,0.0368726666666666,0.00591666666666661
8595.25,0.0364939999999999,0.00674973333333325
8595.5,0.0410853333333332,0.00685386666666661
8595.75,0.0368253333333333,0.00689173333333332
8596,0.0377719999999999,0.00860046666666661
8596.25,0.0378666666666666,0.00873773333333329
8596.5,0.0372986666666666,0.00772006666666657
8596.75,0.037488,0.00621486666666661
8597,0.0355946666666666,0.00622906666666657
8597.25,0.0375353333333333,0.00754019999999989
8597.5,0.034222,0.00720886666666657
8597.75,0.0320446666666666,0.00672606666666661
8598,0.0329913333333332,0.00524926666666657
8598.25,0.0315713333333333,0.00598293333333325
8598.5,0.0309559999999999,0.00504099999999996
8598.75,0.0318553333333333,0.00683966666666664
8599,0.0323286666666666,0.00648466666666657
8599.25,0.0366833333333333,0.008094
8599.5,0.0350266666666666,0.00754966666666657
8599.75,0.0338906666666666,0.00603026666666664
8600,0.033654,0.0059214
8600.25,0.033228,0.00683493333333325
8600.5,0.034648,0.005964
8600.75,0.0319973333333333,0.00524973999999996
8601,0.0324706666666666,0.00589773333333325
8601.25,0.033228,0.00627639999999996
8601.5,0.0335119999999999,0.0066456
8601.75,0.0328966666666666,0.00523033333333332
8602,0.0347899999999999,0.00595926666666661
8602.25,0.0328019999999999,0.00620066666666664
8602.5,0.0331333333333333,0.00636159999999996
8602.75,0.0319973333333333,0.00496526666666664
8603,0.031666,0.00530606666666664
8603.25,0.0331806666666666,0.0045156
8603.5,0.0329913333333332,0.00680179999999993
8603.75,0.0319026666666666,0.00658406666666664
8604,0.03124,0.00602553333333325
8604.25,0.030246,0.00547173333333325
8604.5,0.0337486666666666,0.00671659999999993
8604.75,0.03195,0.00705266666666664
8605,0.0320446666666666,0.00701479999999993
8605.25,0.030246,0.00504573333333325
8605.5,0.02982,0.00442566666666661
8605.75,0.0333226666666666,0.00632373333333325
8606,0.032092,0.00710473333333332
8606.25,0.0320446666666666,0.00698166666666661
8606.5,0.030672,0.00530133333333325
8606.75,0.0307666666666666,0.00526819999999993
8607,0.02982,0.00444933333333325
8607.25,0.0312873333333333,0.00648466666666657
8607.5,0.0314766666666666,0.00647046666666661
8607.75,0.0310506666666666,0.00536759999999989
8608,0.0315713333333333,0.00584093333333329
8608.25,0.0341273333333333,0.00567053333333329
8608.5,0.0319973333333333,0.00604446666666661
8608.75,0.0319973333333333,0.00606813333333325
8609,0.0306246666666666,0.00453453333333325
8609.25,0.0314293333333333,0.00598293333333325
8609.5,0.0374516673773987,0.00614658152096653
8609.75,0.0380158904304518,0.00572872251867657
8610,0.031524,0.00623379999999996
8610.25,0.0307666666666666,0.00555693333333325
8610.5,0.0301986666666666,0.00556639999999993
8610.75,0.0324233333333333,0.00688983999999996
8611,0.0356419999999999,0.005964
8611.25,0.0348846666666666,0.00770586666666661
8611.5,0.0360679999999999,0.00880873333333332
8611.75,0.0385293333333332,0.00706213333333332
8612,0.0386713333333333,0.00801353333333328
8612.25,0.0390026666666666,0.00635686666666657
8612.5,0.037488,0.00603499999999993
8612.75,0.0385293333333332,0.00749286666666661
8613,0.039192,0.00780999999999996
8613.25,0.0381033333333332,0.00706213333333332
8613.5,0.0398073333333332,0.00544806666666661
8613.75,0.0363046666666666,0.00523506666666661
8614,0.0379613333333333,0.00675446666666664
8614.25,0.0392866666666666,0.00846319999999993
8614.5,0.0381979999999999,0.00710946666666661
8614.75,0.0391446666666666,0.00601606666666657
8615,0.0380086666666666,0.0069438
8615.25,0.0387186666666666,0.00779106666666661
8615.5,0.039334,0.00914479999999993
8615.75,0.0383873333333333,0.00781946666666664
8616,0.0382926666666666,0.00661246666666657
8616.25,0.0369673333333333,0.00647046666666661
8616.5,0.0363993333333332,0.00603026666666664
8616.75,0.0370146666666666,0.00754493333333329
8617,0.0365886666666666,0.00699113333333329
8617.25,0.0389553333333333,0.00763486666666657
8617.5,0.037204,0.00724199999999989
8617.75,0.0370146666666666,0.00747393333333325
8618,0.0375826666666666,0.00798039999999996
8618.25,0.0372513333333332,0.00761593333333332
8618.5,0.037914,0.00659353333333332
8618.75,0.0362573333333333,0.0067308
8619,0.0374406666666666,0.007881
8619.25,0.0375353333333333,0.00753546666666661
8619.5,0.035926,0.00627639999999996
8619.75,0.0375353333333333,0.00560899999999993
8620,0.037204,0.00793779999999996
8620.25,0.0382453333333333,0.00920633333333329
8620.5,0.0363046666666666,0.00674499999999996
8620.75,0.0369199999999999,0.00699586666666657
8621,0.0407539999999999,0.00871879999999993
8621.25,0.0371566666666666,0.00738873333333325
8621.5,0.0353106666666666,0.00670713333333325
8621.75,0.0307193333333333,0.00435466666666657
8622,0.0313346666666666,0.00467653333333332
8622.25,0.0326126666666666,0.00584235333333325
8622.5,0.0331333333333333,0.00661104666666661
8622.75,0.034648,0.00595169333333329
8623,0.0310506666666666,0.00410379999999996
8623.25,0.0340326666666666,0.00704793333333325
8623.5,0.0330386666666666,0.00508028666666664
8623.75,0.0362573333333333,0.00621013333333332
8624,0.0493686666666666,0.00595926666666661
8624.25,0.0470966666666666,0.00378666666666661
8624.5,0.0384346666666666,0.00403753333333332
8624.75,0.039334,0.00448625333333329
8625,0.0415113333333332,0.00639946666666657
8625.25,0.0404226666666666,0.00441667333333332
8625.5,0.04047,0.00485876666666664
8625.75,0.0420319999999999,0.00530133333333325
8626,0.0476173333333333,0.00539599999999993
8626.25,0.0363839896818573,0.00689405726569218
8626.5,0.172144932529429,0.00475763192650008
8626.75,0.0187752034334763,-0.00255002259227462
8627,0.0559953333333333,0.00837799999999993
8627.25,0.0386239999999999,0.00594033333333325
8627.5,0.0388606666666666,0.00600139333333332
8627.75,0.0398073333333332,0.00601133333333329
8628,0.0216125886770652,0.000652633968804156
8628.25,0.0450315578347578,0.00536314985754983
8628.5,0.0219153333333332,0.000927733333333321
8628.75,0.0401386666666666,0.00496999999999993
8629,0.0422686666666666,0.00480433333333332
8629.25,0.0216972590051458,0.000819568953687717
8629.5,0.0701953333333333,0.0291573333333332
8629.75,0.0288470147142048,0.00382423599320878
8630,0.046008,0.00539599999999993
8630.25,0.0436886666666666,0.00364466666666664
8630.5,0.0271611031947978,0.00268746943737629
8630.75,0.022482168081494,0.00232834193548378
8631,0.0337376303972365,0.00260308971790438
8631.25,0.0246629284679988,0.00159115667535467
8631.5,0.048138,0.005538
8631.75,0.0432626666666666,0.00643733333333329
8632,0.0288412808398949,0.000438274365704271
8632.25,0.035248949352179,0.00295940376914011
8632.5,0.0373041903052064,0.00465115858767195
8632.75,0.033073954599761,0.00604780884109911
8633,0.026799296744186,0.00149255869767434
8633.25,0.0294031025641026,0.00447211705128201
8633.5,0.0263585606666666,0.00410917091333329
8633.75,0.0407085868830291,0.00697038539553743
8634,0.0427893333333332,0.00704319999999996
8634.25,0.0247495507389162,0.00326318937931024
8634.5,0.0284486533864541,0.0026263871181938
8634.75,0.0249326918990703,0.0023310676626826
8635,0.0257761727904667,0.0044382050645481
8635.25,0.0265477016129032,0.00470678467741929
8635.5,0.025392377016129,0.00290281682056442
8635.75,0.0479412736507936,0.00685146844444444
8636,0.0378379771393264,0.0171964412727834
8636.25,0.0381206158038146,0.0144963040871934
8636.5,0.0372636755108264,0.0138942950899664
8636.75,0.0368656816376412,0.0133112960586617
8637,0.0390281470404984,0.016109187788162
8637.25,0.0394647894736841,0.0152316887218045
8637.5,0.0376450506912442,0.0144549456221198
8637.75,0.0312379136822772,0.00636066115702478
8638,0.0384414669187145,0.0150091315689981
8638.25,0.0389553333333333,0.0159181999999999
8638.5,0.0354453811344805,0.0113085397068196
8638.75,0.0377246666666666,0.0145266
8639,0.0348003053722902,0.0105202549167451
8639.25,0.0318799555555555,0.0101293688888888
8639.5,0.0333379065656565,0.00793602499999993
8639.75,0.0392585752636625,0.016945909683605
8640,0.0399378736842104,0.017799937799043
8640.25,0.0383663772858517,0.0160958571703561
8640.5,0.0335440076408786,0.00925776708054749
8640.75,0.0340326666666666,0.0112795333333333
8641,0.0486586666666666,0.00870933333333325
8641.25,0.0385425648414985,0.0165511844380403
8641.5,0.043594,0.00823599999999996
8641.75,0.0315713333333333,0.00667399999999993
8642,0.0383873333333333,0.00763486666666657
8642.25,0.0337162783109404,0.00775048809980801
8642.5,0.0331806666666666,0.00695799999999996
8642.75,0.0347767615309126,0.0155974249263984
8643,0.0342428795741849,0.0130853330671989
8643.25,0.0365052609410989,0.00725849424152681
8643.5,0.0372513333333332,0.0142567999999999
8643.75,0.0381695249421869,0.0155984865543442
8644,0.0361626666666666,0.00856733333333328
8644.25,0.0477129102564103,0.00914457962213223
8644.5,0.030767624831309,0.0094615165317139
8644.75,0.0407539999999999,0.00722779999999993
8645,0.0404775324165029,0.00934387897838889
8645.25,0.0429060582524271,0.00975994951456301
8645.5,0.0281814932781799,0.00257085199586343
8645.75,0.0307545215731195,0.00435965483008771
8646,0.0270593562401263,0.00535500394944706
8646.25,0.0413706713780919,0.00659656065959945
8646.5,0.0266647400468384,0.0056260710382513
8646.75,0.0318553333333333,0.00683966666666664
8647,0.0268813888888888,0.00469351909722213
8647.25,0.0243688668171557,0.00184088842738894
8647.5,0.0257493333333332,0.00194246533333332
8647.75,0.0487795244444444,0.0145395062222222
8648,0.0335749897435897,0.00600930580219774
8648.25,0.0230302457264956,0.00193738974358964
8648.5,0.0345355064935065,0.00594463636363628
8648.75,0.0264593333333333,0.00409811999999989
8649,0.145313333333333,0.00708390666666661
8649.25,0.0253402060988433,0.000514425236592961
8649.5,0.0352062905982905,0.00723679576068366
8649.75,0.0257851124786325,0.00062695063247859
8650,0.0237856540429886,0.000137407164790118
8650.25,0.0352516437246963,0.00548959064777319
8650.5,0.0209427252897068,0.00157781165644168
8650.75,0.15009556513026,0.00426691503006007
8651,0.160660224188791,0.00465354152736798
8651.25,0.0329913333333332,0.00262699999999993
8651.5,0.0260966295210166,0.000845989638318612
8651.75,0.0420793333333333,0.00577466666666664
8652,0.0252050884735201,0.00113966722741432
8652.25,0.0420793333333333,0.00517826666666664
8652.5,0.0424106666666666,0.006603
8652.75,0.0422686666666666,0.00613913333333329
8653,0.0412746666666666,0.00539599999999993
8653.25,0.04189,0.00567999999999996
8653.5,0.0416059999999999,0.00651306666666661
8653.75,0.0417006666666666,0.00781946666666664
8654,0.0415113333333332,0.00716626666666657
8654.25,0.0432626666666666,0.00712366666666657
8654.5,0.043026,0.00769639999999993
8654.75,0.0408486666666666,0.00527293333333332
8655,0.0415586666666666,0.00555219999999996
8655.25,0.040896,0.00585513333333325
8655.5,0.0448246666666666,0.00783839999999989
8655.75,0.0429786666666666,0.00807979999999993
8656,0.0429786666666666,0.00731773333333332
8656.25,0.0398546666666666,0.00548119999999993
8656.5,0.0416059999999999,0.00751653333333325
8656.75,0.0426473333333333,0.00845373333333325
8657,0.0433573333333333,0.00703373333333329
8657.25,0.0424106666666666,0.00759226666666657
8657.5,0.040896,0.00671186666666664
8657.75,0.0409906666666666,0.006177
8658,0.0412746666666666,0.00704793333333325
8658.25,0.0426473333333333,0.00520666666666657
8658.5,0.042174,0.00752599999999993
8658.75,0.0429786666666666,0.0076254
8659,0.0424106666666666,0.00730826666666664
8659.25,0.0414166666666666,0.00538653333333325
8659.5,0.0456766666666666,0.00686806666666657
8659.75,0.0477593333333333,0.00682546666666657
8660,0.0481853333333333,0.00749286666666661
8660.25,0.047428,0.00728933333333329
8660.5,0.0473333333333333,0.00646573333333332
8660.75,0.0452033333333333,0.00628113333333325
8661,0.0496999999999999,0.0073698
8661.25,0.0475226666666666,0.00752599999999993
8661.5,0.0475226666666666,0.00778159999999993
8661.75,0.0481853333333333,0.00781473333333325
8662,0.0473333333333333,0.00794253333333325
8662.25,0.049416,0.00716626666666657
8662.5,0.0478066666666666,0.00835906666666657
8662.75,0.046576,0.00825966666666661
8663,0.0490846666666666,0.00891759999999996
8663.25,0.0469073333333333,0.00722306666666664
8663.5,0.0469073333333333,0.00684913333333332
8663.75,0.048706,0.00857206666666657
8664,0.0486113333333333,0.00914953333333332
8664.25,0.047428,0.00878506666666657
8664.5,0.0483746666666666,0.0084774
8664.75,0.0470493333333332,0.00800406666666661
8665,0.0485166666666666,0.00784313333333328
8665.25,0.0475699999999999,0.00726093333333325
8665.5,0.0470966666666666,0.00868093333333332
8665.75,0.0475699999999999,0.00878033333333329
8666,0.0486113333333333,0.00902173333333332
8666.25,0.0496053333333332,0.00855313333333332
8666.5,0.0453453333333333,0.00602553333333325
8666.75,0.0457713333333332,0.00738873333333325
8667,0.0467653333333333,0.00755439999999996
8667.25,0.0467653333333333,0.00803246666666664
8667.5,0.0494633333333333,0.008733
8667.75,0.0466233333333332,0.00816499999999993
8668,0.0467653333333333,0.00835433333333329
8668.25,0.0476646666666666,0.00913533333333325
8668.5,0.048564,0.00931993333333332
8668.75,0.0474753333333333,0.00777213333333325
8669,0.0462919999999999,0.00848686666666657
8669.25,0.0429313333333333,0.00487533333333325
8669.5,0.0388606666666666,0.00566485333333332
8669.75,0.0401386666666666,0.00526346666666664
8670,0.0414166666666666,0.00579833333333329
8670.25,0.041322,0.00658879999999993
8670.5,0.03976,0.00764906666666664
8670.75,0.040044,0.00663613333333332
8671,0.0389553333333333,0.00658879999999993
8671.25,0.0411326666666666,0.0075828
8671.5,0.0436413333333333,0.007668
8671.75,0.0401386666666666,0.00684913333333332
8672,0.039618,0.00585039999999996
8672.25,0.0426,0.00631899999999996
8672.5,0.02579863224841,0.00539296131687243
8672.75,0.0277379862068965,0.00737296643678158
8673,0.0268414236509759,0.00620707921928812
8673.25,0.0223193629124004,0.0046107728479332
8673.5,0.0232406666666666,0.00474753333333325
8673.75,0.0453988864142538,0.00446873051224941
8674,0.0275156879756469,0.00689300852359207
8674.25,0.0304238491803278,0.00235114754098356
8674.5,0.0266186272439281,0.000427799366420242
8674.75,0.0826500813704497,0.000817989935760126
8675,0.0267623167548501,0.00055321396825393
8675.25,0.0838085502645502,0.00177588656084647
8675.5,0.0898472727272727,0.00660241322314042
8675.75,0.0303123622895622,0.00208839447811446
8676,0.0863921663286003,0.010210409668695
8676.25,0.0355775713291579,0.00538853931802364
8676.5,0.0257387878165639,0.00127028767967142
8676.75,0.0306725731584258,0.00319273602421793
8677,0.0252030277777778,0.00673341680216794
8677.25,0.0264625081300813,0.00739421707317063
8677.5,0.0263457614800131,0.000116574165840759
8677.75,0.0244478716714789,0.000396451973050992
8678,0.0208341260744985,0.00114327857370254
8678.25,0.0217996245580199,0.00254880642880102
8678.5,0.0310676900584795,0.00409980019493171
8678.75,0.0232145468904245,0.00054119802566625
8679,0.0416822305913446,0.00556870802775017
8679.25,0.0214091499356499,0.00182761036036029
8679.5,0.0265332264529058,0.00437391871743484
8679.75,0.0242110461338531,0.00605276153346326
8680,0.0256981120662209,0.0036896830627188
8680.25,0.0272955707410971,0.00442087506640992
8680.5,0.0365106246076584,0.00506437696170737
8680.75,0.0429786666666666,0.00754493333333329
8681,0.0398546666666666,0.00584566666666657
8681.25,0.0408486666666666,0.00513566666666664
8681.5,0.0388606666666666,0.00505188666666661
8681.75,0.0401386666666666,0.00687279999999996
8682,0.0427893333333332,0.00704319999999996
8682.25,0.0450139999999999,0.00804666666666661
8682.5,0.0457713333333332,0.00972226666666657
8682.75,0.0446826666666666,0.0094146
8683,0.046576,0.00833066666666664
8683.25,0.0479486666666666,0.00614386666666657
8683.5,0.045724,0.0114877999999999
8683.75,0.047712,0.0105032666666666
8684,0.0479486666666666,0.00908799999999996
8684.25,0.0456293333333333,0.00684439999999993
8684.5,0.0479013333333332,0.007029
8684.75,0.0488953333333333,0.00982166666666664
8685,0.0474753333333333,0.00874719999999996
8685.25,0.0475699999999999,0.00867146666666664
8685.5,0.0471439999999999,0.00696273333333325
8685.75,0.0496526666666666,0.007881
8686,0.0484219999999999,0.00935779999999993
8686.25,0.047854,0.00914006666666664
8686.5,0.0473333333333333,0.00802773333333325
8686.75,0.0459606666666666,0.00724673333333329
8687,0.047286,0.00757806666666661
8687.25,0.048706,0.00763013333333329
8687.5,0.047428,0.00953293333333332
8687.75,0.0461026666666666,0.00760646666666664
8688,0.0464813333333333,0.00767746666666657
8688.25,0.0453926666666666,0.00785733333333325
8688.5,0.0481853333333333,0.00835433333333329
8688.75,0.0452506666666666,0.00727986666666661
8689,0.0467653333333333,0.00798986666666664
8689.25,0.0451559999999999,0.00720413333333329
8689.5,0.0459606666666666,0.00815553333333325
8689.75,0.0475699999999999,0.00753073333333332
8690,0.0446826666666666,0.00665506666666657
8690.25,0.0461026666666666,0.0077106
8690.5,0.04615,0.00786679999999993
8690.75,0.0468126666666666,0.00930573333333325
8691,0.049558,0.009372
8691.25,0.046008,0.00763959999999996
8691.5,0.0440673333333333,0.00607759999999993
8691.75,0.0458186666666666,0.00795673333333332
8692,0.0463393333333333,0.00902646666666661
8692.25,0.0480906666666666,0.0101719333333333
8692.5,0.0480433333333333,0.00683493333333325
8692.75,0.0451559999999999,0.00605866666666657
8693,0.0450613333333333,0.00687279999999996
8693.25,0.0463393333333333,0.00937673333333328
8693.5,0.0445879999999999,0.00795199999999993
8693.75,0.0412746666666666,0.00577939999999993
8694,0.0404226666666666,0.00509306666666664
8694.25,0.0409906666666666,0.00586459999999993
8694.5,0.0424106666666666,0.00714259999999993
8694.75,0.0576046666666666,0.00778633333333332
8695,0.088608,0.00321866666666664
8695.25,0.121646666666667,0.0102571333333333
8695.5,0.159844666666667,0.0173145333333332
8695.75,0.168364666666667,0.0211579999999999
8696,0.168412,0.0179440666666666
8696.25,0.171914666666667,0.0168553999999999
8696.5,0.140343333333333,0.00217259999999989
8696.75,0.137456,0.00263646666666661
8697,0.138876,0.00701006666666664
8697.25,0.133811333333333,0.0058788
8697.5,0.127894666666667,0.00435466666666657
8697.75,0.136414666666667,0.00612493333333332
8698,0.130308666666667,0.00498893333333329
8698.25,0.130924,0.00245896666666657
8698.5,0.137503333333333,0.0128699333333333
8698.75,0.131160666666667,0.00663139999999993
8699,0.133385333333333,0.00654619999999993
8699.25,0.136367333333333,0.00325653333333325
8699.5,0.132959333333333,0.00463866666666661
8699.75,0.131066,0.007881
8700,0.130829333333333,0.0030672
8700.25,0.126711333333333,0.00703373333333329
8700.5,0.121978,0.00552853333333332
8700.75,0.122924666666667,0.00860993333333328
8701,0.0930573333333332,0.00177499999999993
8701.25,0.0665033333333333,0.00782893333333332
8701.5,0.0482326666666666,0.00635686666666657
8701.75,0.0446353333333333,0.00476315333333329
8702,0.0419373333333333,0.00535339999999993
8702.25,0.042742,0.00470635333333332
8702.5,0.0461973333333333,0.00858626666666664
8702.75,0.0424106666666666,0.00685386666666661
8703,0.042174,0.00555693333333325
8703.25,0.0419846666666666,0.00610126666666657
8703.5,0.0398073333333332,0.00701953333333332
8703.75,0.0390499999999999,0.00706213333333332
8704,0.037914,0.00601133333333329
8704.25,0.0405173333333333,0.00530701333333332
8704.5,0.0363046666666666,0.00497946666666661
8704.75,0.0373459999999999,0.00544333333333332
8705,0.0358786666666666,0.00478066666666657
8705.25,0.037204,0.00457902666666661
8705.5,0.03834,0.00489966266666664
8705.75,0.0374406666666666,0.00615333333333325
8706,0.0368253333333333,0.00619119999999996
8706.25,0.0375826666666666,0.00624610666666657
8706.5,0.0378193333333333,0.0051546
8706.75,0.034506,0.00478066666666657
8707,0.0351686666666666,0.00636633333333325
8707.25,0.034648,0.00542913333333325
8707.5,0.0356419999999999,0.00570366666666661
8707.75,0.0373459999999999,0.00530133333333325
8708,0.0435466666666666,0.00738399999999996
8708.25,0.0410853333333332,0.00495579999999996
8708.5,0.0410853333333332,0.00747866666666664
8708.75,0.0431206666666666,0.00728933333333329
8709,0.0409433333333333,0.00692959999999993
8709.25,0.040612,0.00563266666666657
8709.5,0.0411326666666666,0.006177
8709.75,0.0440673333333333,0.00775793333333329
8710,0.0416533333333333,0.00774373333333332
8710.25,0.0407066666666666,0.00705266666666664
8710.5,0.0410853333333332,0.00738399999999996
8710.75,0.0408486666666666,0.00676866666666661
8711,0.045298,0.00743133333333325
8711.25,0.042174,0.00828333333333325
8711.5,0.0405646666666666,0.00722779999999993
8711.75,0.0376049721706864,0.00873497588126152
8712,0.0410853333333332,0.00837799999999993
8712.25,0.0385766666666666,0.007455
8712.5,0.0407066666666666,0.00724673333333329
8712.75,0.0407066666666666,0.00828333333333325
8713,0.0404226666666666,0.00792833333333329
8713.25,0.0336862975047984,0.0110477789763275
8713.5,0.041748,0.00686333333333329
8713.75,0.0399493333333333,0.00620066666666664
8714,0.0393813333333332,0.00711419999999989
8714.25,0.0392393333333333,0.00672133333333332
8714.5,0.03976,0.00776266666666657
8714.75,0.0423633333333332,0.00669766666666657
8715,0.0384346666666666,0.00600186666666661
8715.25,0.0402333333333333,0.00774846666666661
8715.5,0.041322,0.00878506666666657
8715.75,0.0408486666666666,0.00874719999999996
8716,0.0405173333333333,0.00792833333333329
8716.25,0.0427893333333332,0.00738873333333325
8716.5,0.0401386666666666,0.00725619999999996
8716.75,0.0394759999999999,0.00827859999999996
8717,0.040186,0.00825966666666661
8717.25,0.0387659999999999,0.0064752
8717.5,0.0333226666666666,0.00518299999999993
8717.75,0.035074,0.00622433333333329
8718,0.0359733333333332,0.00709053333333325
8718.25,0.0363046666666666,0.00701479999999993
8718.5,0.0363993333333332,0.00620066666666664
8718.75,0.0449193333333332,0.00791886666666661
8719,0.0798986666666666,0.00757333333333332
8719.25,0.104180666666667,0.00640419999999996
8719.5,0.115351333333333,0.0111138666666666
8719.75,0.117765333333333,0.00482799999999996
8720,0.126190666666667,0.00463866666666661
8720.25,0.134521333333333,0.00430733333333329
8720.5,0.135988666666667,0.00454399999999993
8720.75,0.139744709104938,0.0112222676697531
8721,0.125102,0.00354999999999996
8721.25,0.134994666666667,0.00648466666666657
8721.5,0.123634666666667,0.00544333333333332
8721.75,0.128866492722372,0.00289050760107811
8722,0.130024666666667,0.00554273333333329
8722.25,0.118475333333333,0.00476173333333332
8722.5,0.126569333333333,0.00637106666666664
8722.75,0.126238,0.00771533333333329
8723,0.116948977349561,0.0050394248225152
8723.25,0.130829333333333,0.004047
8723.5,0.126427333333333,0.00378666666666661
8723.75,0.126995333333333,0.00620066666666664
8724,0.128983333333333,0.00556166666666664
8724.25,0.125764666666667,0.00515933333333329
8724.5,0.130214,0.00512619999999996
8724.75,0.115398666666667,0.0100962
8725,0.0654619999999999,0.00581726666666664
8725.25,0.0567526666666666,0.00923946666666661
8725.5,0.0443513333333333,0.00736506666666661
8725.75,0.04189,0.00470067333333325
8726,0.0400913333333333,0.00337486666666657
8726.25,0.0420319999999999,0.00469546666666657
8726.5,0.0431206666666666,0.00821233333333332
8726.75,0.0412273333333333,0.00720886666666657
8727,0.040896,0.00553563333333325
8727.25,0.038908,0.00522559999999993
8727.5,0.044872,0.00640419999999996
8727.75,0.0389553333333333,0.00771533333333329
8728,0.0384346666666666,0.00639
8728.25,0.0380086666666666,0.00563266666666657
8728.5,0.0395233333333333,0.00615333333333325
8728.75,0.038056,0.00593086666666657
8729,0.0361966886919151,0.00482304163309152
8729.25,0.037914,0.00454399999999993
8729.5,0.0383739292035398,0.0049039986513274
8729.75,0.0507886666666666,0.00641366666666664
8730,0.0378666666666666,0.00627166666666657
8730.25,0.0414166666666666,0.00582199999999993
8730.5,0.0356419999999999,0.0058788
8730.75,0.0334646666666666,0.00579359999999989
8731,0.0315713333333333,0.00605866666666657
8731.25,0.02577174277726,0.00360322684063372
8731.5,0.03195,0.00593559999999996
8731.75,0.0364466666666666,0.00782893333333332
8732,0.038056,0.00801826666666657
8732.25,0.0411799999999999,0.00872826666666661
8732.5,0.0395233333333333,0.00783603333333325
8732.75,0.0389553333333333,0.00770586666666661
8733,0.0399019999999999,0.00762066666666661
8733.25,0.0389553333333333,0.00706686666666661
8733.5,0.0390499999999999,0.00770397333333325
8733.75,0.0381033333333332,0.00664891333333332
8734,0.0388606666666666,0.00614386666666657
8734.25,0.0387659999999999,0.00760646666666664
8734.5,0.0399966666666666,0.00812239999999993
8734.75,0.0385293333333332,0.00733193333333329
8735,0.0411326666666666,0.00918266666666664
8735.25,0.0391446666666666,0.00826913333333329
8735.5,0.039192,0.00775319999999989
8735.75,0.0394286666666666,0.00835433333333329
8736,0.0394286666666666,0.00912113333333329
8736.25,0.0387186666666666,0.00914006666666664
8736.5,0.0399019999999999,0.0091164
8736.75,0.0384346666666666,0.00878979999999996
8737,0.0390973333333333,0.00955659999999996
8737.25,0.0382453333333333,0.00882293333333329
8737.5,0.0383873333333333,0.00872826666666661
8737.75,0.0381033333333332,0.00912586666666657
8738,0.0379613333333333,0.00800406666666661
8738.25,0.0392393333333333,0.00904066666666657
8738.5,0.0382453333333333,0.00843006666666661
8738.75,0.0368726666666666,0.00754966666666657
8739,0.0373459999999999,0.0076254
8739.25,0.037488,0.00851053333333332
8739.5,0.0392866666666666,0.0103092
8739.75,0.0381979999999999,0.00817446666666661
8740,0.0373933333333333,0.00787153333333332
8740.25,0.0373459999999999,0.00713313333333325
8740.5,0.0384346666666666,0.00934359999999996
8740.75,0.0392393333333333,0.0104701333333333
8741,0.0372986666666666,0.00805613333333328
8741.25,0.0387186666666666,0.00875666666666664
8741.5,0.035358,0.00833066666666664
8741.75,0.0339379999999999,0.00796146666666661
8742,0.0326599999999999,0.00711893333333329
8742.25,0.032802,0.00776739999999996
8742.5,0.0334646666666666,0.0075828
8742.75,0.0328966666666666,0.00725146666666657
8743,0.033228,0.00593559999999996
8743.25,0.030814,0.00503626666666657
8743.5,0.0381506666666666,0.00629533333333332
8743.75,0.0318553333333333,0.0065178
8744,0.0332753333333333,0.00688557999999996
8744.25,0.0326126666666666,0.00708958666666657
8744.5,0.032518,0.00620066666666664
8744.75,0.031666,0.00589867999999993
8745,0.0318553333333333,0.00493213333333332
8745.25,0.0324233333333333,0.00704035999999993
8745.5,0.0331806666666666,0.00704319999999996
8745.75,0.0332753333333333,0.00756386666666664
8746,0.0324706666666666,0.00640893333333325
8746.25,0.03195,0.00609440333333329
8746.5,0.0329913333333332,0.00649791999999996
8746.75,0.0331806666666666,0.00747866666666664
8747,0.0336066666666666,0.00698166666666661
8747.25,0.0316186666666666,0.00545989999999993
8747.5,0.0335593333333333,0.00626503999999993
8747.75,0.0327546666666666,0.00648182666666664
8748,0.03337,0.00538464
8748.25,0.0328493333333333,0.00589773333333325
8748.5,0.0330386666666666,0.00512193999999996
8748.75,0.0327073333333333,0.00690498666666661
8749,0.0337013333333333,0.00745026666666661
8749.25,0.035926,0.00671186666666664
8749.5,0.032518,0.00531553333333332
8749.75,0.0330859999999999,0.00574531999999993
8750,0.033654,0.00703373333333329
8750.25,0.0345533333333333,0.00695799999999996
8750.5,0.0332753333333333,0.00623379999999996
8750.75,0.0333226666666666,0.00516974666666664
8751,0.0338906666666666,0.00665317333333332
8751.25,0.0332753333333333,0.007029
8751.5,0.0339379999999999,0.00722779999999993
8751.75,0.032944,0.00632704666666657
8752,0.0339379999999999,0.00629959333333332
8752.25,0.0337013333333333,0.00700533333333325
8752.5,0.0325653333333333,0.00649555333333332
8752.75,0.0335119999999999,0.00620066666666664
8753,0.0314293333333333,0.00586459999999993
8753.25,0.0338433333333333,0.00694048666666657
8753.5,0.0328966666666666,0.00631899999999996
8753.75,0.0331806666666666,0.00726093333333325
8754,0.0331806666666666,0.00661719999999996
8754.25,0.0343166666666666,0.00765190666666657
8754.5,0.0325653333333333,0.00592471333333332
8754.75,0.0330859999999999,0.00583667333333329
8755,0.0328966666666666,0.00581726666666664
8755.25,0.032518,0.00646478666666664
8755.5,0.0322813333333333,0.00545706
8755.75,0.0359733333333332,0.00718046666666664
8756,0.0395233333333333,0.00948559999999993
8756.25,0.04047,0.00782893333333332
8756.5,0.038908,0.00752599999999993
8756.75,0.0402333333333333,0.00859573333333332
8757,0.0398546666666666,0.00884186666666664
8757.25,0.0403753333333333,0.0089034
8757.5,0.040186,0.00884186666666664
8757.75,0.0392393333333333,0.00752126666666664
8758,0.038908,0.00787626666666661
8758.25,0.0398546666666666,0.00865253333333329
8758.5,0.0408486666666666,0.00933413333333328
8758.75,0.0392393333333333,0.00815079999999997
8759,0.0387186666666666,0.00783366666666661
8759.25,0.04047,0.00930573333333325
8759.5,0.0403753333333333,0.0105553333333333
8759.75,0.0398073333333332,0.00858153333333325
